44821.171134239914,40893.07156193205,45225.03884102537,21298.280681810968,33690.56776022186,13292.296667573273,28201.665965366577,7157.071971351663,26947.512351222056,3716.8290633492593,24191.413270999237,5280.823323266356,51619.73338271127,36758.67198203317,2294.8130785297035,29695.253832065664,26537.5807087439,30144.884150809994,29810.882877551358,38141.141330354076,57954.88892920481,54578.44898759275,30834.91288361705,37598.95687532498,34074.69150144315,40300.61957319333,30725.481534625764,29419.55285089499,36879.89368181738,30405.27417697761,28513.855443181754,26641.090374196756,32343.549267688817,17640.796568674523,12922.472614034477,8183.8826184110685,3481.121646060945,2711.294226128448,4283.966987253404,20100.1280019278,13957.444151257081,1649.0012929733366,17500.83614686152,17308.266968066437,20684.284935539356,17392.97223398799,19107.042181462028,23754.571594601668,24561.92312795691,25276.60825697839,25258.929876627273,24297.450809723243,26499.522773105145,20780.880574761657,25156.3251314153,21238.517228479614,26635.9180923607,51477.99240235898,35394.87411098491,27705.79043767208,25066.315841388783,23161.256187447198,30105.990101785217,22268.23651896392,22903.651058131665,13236.51968996731,7051.004315675097,3856.6844953674445,2221.678630893654,15708.94109836657,11045.442464160831,14114.003727072499,2050.710612006748,16840.33145678378,14881.3264988297,16334.283545295328,20830.707811882283,23344.440659987846,23892.14172522053,19460.288045098063,24361.97755826618,40790.32249446633,41875.46018840898,31607.42554736906,27052.75780914229,33705.148932985525,29705.442846522827,28993.53279627028,23836.54745733263,24908.724607738055,38885.87016495343,29772.164027354822,33934.22928474392,37256.74016412308,16876.5134477338,10815.234476470247,6419.751244339803,4754.9244557543225,6789.41210444879,7159.548115703423,4360.4279101157545,7353.780126820813,21714.22110296077,1811.4932172515278,36143.58204514465,27344.23127457004,26039.422878146208,31547.423160079914,29453.652415299333,27107.183433257134,28652.329461113375,27320.407581381776,49613.9723065527,32324.644754332377,27976.17869133726,31152.097728325873,30233.053602760036,22898.7043619948,28763.628674984764,36924.813378137296,36137.11070784761,25794.06750409724,30877.601981719912,25093.82621353945,19468.161630651834,10921.362675266937,8445.019606809976,3890.777938424962,2887.9732937966774,18886.939273989177,6612.614035139678,13371.329382510306,16808.666274908064,1932.1870713348721,19502.674335818076,20954.0305178544,21806.505079277125,24220.19196128966,24690.637928650813,19992.31721336169,19808.00118741906,37342.20482297841,27753.872874980523,27091.706331525955,24996.81191937273,31541.849401760388,29154.5696448575,22846.750162782337,22357.672603962477,24679.18645240327,21654.210118075527,26316.06348026321,21431.56498099999,27924.74404547987,20508.356603764747,17627.588740953368,13542.641305558263,8308.643954992393,5151.634366864819,2722.4996061417796,3208.977418239843,4919.889972254817,3708.966674053823,6442.493143464696,2733.234056903418,7728.723673560208,8033.333900114239,12076.307814915555,12081.692220787454,17037.71754780347,14772.273507958018,16730.98813109266,43916.52453695902,42160.10163778104,33095.22228767094,36425.63621241474,26399.475399682742,25967.98058749162,24213.813984410703,27645.151908921558,28969.074144368908,22188.333692060594,26430.92321851251,22961.404479377346,22085.345558993627,25562.825956082004,20351.747774416122,14078.989678995138,7878.495113178908,4649.004154553757,2958.6893746656783,2249.0556397814657,2859.933350123348,3941.2729226153924,2609.9084276633735,6815.950167022349,8572.864878695002,8831.411702590925,10435.056442304938,13662.93468331526,18087.392453470937,15720.010265801902,16749.92822228279,18489.612847396904,23031.34278575236,24608.334073677488,20402.211582386448,25026.791701651615,43620.462296852,38883.17131510193,51830.104068503584,33000.15392405678,40975.58089945626,32348.076669591675,30096.730221842317,26837.256713923736,26214.968401040154,16138.02219875734,13216.140123427469,6584.474807405532,3706.6688599709223,4237.085279755387,10944.905559762468,5419.250584782613,10310.766482629142,10063.083207233998,1717.50592630905,14151.382090461764,12995.321149004341,20167.06144671651,43647.36904057298,31627.41642314234,25338.19541144854,29180.936226006277,26836.33891417224,26910.25728762089,23576.788211812862,26587.98346412528,27895.269982816306,26888.00400442698,28088.110369412727,20787.74328822098,26416.044153778905,21407.438809916956,23134.36400374249,20748.175637508146,25041.45817409716,24972.646783983833,24647.30591943283,17286.489540181632,7845.610214858756,4497.84154585948,2308.672923550092,7718.0416251113875,5809.215830464553,2524.9602547760887,8950.194180293282,10824.589281437087,10703.45050954403,11747.853964809863,13757.512745017819,15624.283195853046,20503.564377098613,18522.826871756224,23274.363429841007,19604.862857415552,19871.11615950042,24355.781461801736,27255.769031860254,24750.758965737914,25741.134416546905,25217.183365544566,25902.356524332707,21214.167154214552,24772.62041271033,19642.502173591794,26065.173269164214,21153.020482109743,26065.48289288682,21367.89621048603,20397.41080362808,13431.48418426076,6716.162223991157,7729.024682407541,9845.69624383092,3013.255663808057,6610.100063342551,9779.292622374574,1682.9853201685996,9684.30632263752,11476.223831846446,13125.043901919178,18778.2477277176,15897.982713359239,20407.36484110033,22430.5613160056,18959.151032070597,19458.500679506808,25009.418897825588,19846.762601852122,20737.674412458022,20435.711998539522,26394.52906447706,21865.92712706736,25530.815908238845,24374.08898409364,21874.99829215491,23092.043232985954,20616.231931007485,25504.070194397063,21914.496266741375,23969.277008737907,20780.573470910724,10314.890985979384,8137.907095165934,3817.297236259351,3534.506403794387,1849.872673094688,20627.194564827107,15972.288820686344,2809.3232338929565,15981.022215876834,16412.01103628454,15989.644296561486,17103.871634608196,25121.150395248194,19859.640484762916,20342.099922390422,24952.72481053403,26264.23606607921,24700.371701729513,25734.397756793525,21498.195079783472,20780.642145455884,21183.589413209484,23057.32152087864,20762.53110214125,26342.68740131787,27191.27206645005,20911.410911038427,22094.075707517535,27424.743413726334,20739.82678974889,21212.635286940374,16961.42030036425,12340.784985010961,4951.679916552803,2564.579791596246,6544.3716082083165,7793.861956947214,9285.349358926014,1891.949740638721,8948.887466412229,10182.242599224073,15229.601600202459,18141.51362774553,17043.76558832461,20897.00258472983,18969.316038617842,19017.740386103087,19840.132655746995,20026.227935509847,19344.923730075963,21297.70459645124,25082.065423066382,26101.123552944726,39583.91232156612,27869.698652300416,34476.35945516862,25514.349219664728,39724.75790915429,54341.533198809266,31886.758080429463,29536.87458338711,22274.448921875093,10843.781274419987,6892.355103614474,2396.2901992014336,3687.2041984572106,19446.472991855495,5139.497505896655,16624.414199573603,16586.65041293111,20567.418999655838,15913.329637593824,2525.829374905364,18490.241395281042,20896.283814672304,24678.17611940025,20100.860709942404,20452.712291886757,24355.6974514039,19462.314840150662,26541.05159353194,20773.07887722626,20490.08221402785,26477.37504301349,26876.336946728024,25801.745385879538,21054.393596562313,25763.778323710503,25276.151885074793,21806.02363646919,26842.547646139476,27283.528510670654,26775.84125026915,17249.069050787715,7713.078271355775,3829.684950388937,2963.43061195174,6455.046359095959,14748.33990147721,15976.42081466369,2066.3664056036455,17054.39837006255,38608.48410188545,25586.321241144233,25185.78586989934,27452.94054173438,22601.743529179028,20993.014491759943,21187.41600475146,21843.88095238649,27377.17604488578,27349.84753960872,23118.086248858697,25827.22889679809,26965.45946854174,25216.02558230431,21358.488632208926,26924.593085082728,25990.57633013663,25657.86105303824,22092.6573427765,26909.919215804955,25357.869418975337,22016.601986672642,10788.275335092223,7991.422177881751,4827.657813301374,2869.1185896534002,4633.49116558575,18531.070244291786,15801.650723163008,2056.835393480768,13649.431283111837,19475.366978658152,16906.22962481734,52402.60836731875,33184.88486357966,32771.42390980728,35801.14145807032,24093.221995699634,24822.00556831437,25825.940650573353,24542.415841794154,22212.06291112828,27868.236118847613,27371.468633098324,27531.238646863414,21525.6142679047,21019.871547239345,21795.205363944056,21394.478226903793,25455.657981754914,20398.80733588408,20838.31124927313,18626.510205459555,9618.300560236246,4291.399618340292,2020.1090742052497,13428.041748204894,11539.65351705188,2746.13747346326,15359.28632991656,17073.194648221688,17917.23827253458,17497.502113829658,21252.557709517558,21699.224394239158,22972.963909687438,24215.118001872674,21714.112233159507,25250.205249772825,21385.883309256747,20553.42877206742,24635.856158344617,20319.555970966063,25422.55108469648,27246.75854647424,20785.252455676193,26732.274754710128,25978.02196033254,20465.04305909703,21845.898768608793,23058.933978991012,20473.332862960786,44153.25830131449,14931.273312179324,9446.651139961838,5544.2724652893585,6759.9926651933965,6177.5966321842025,5297.061007788041,9146.04213286495,11053.985681057587,2500.608252914922,11105.570277405524,12152.849558738095,14341.172774584353,19990.229594980567,17277.896546884625,17589.048050104324,24326.920232480898,19045.46642187459,20626.340291140128,22587.284734670717,25963.01838125855,20269.11587869943,25280.071364120035,25742.675308394035,20523.533980306936,26154.713073999817,20830.626305961356,23399.281675160306,21165.66555474441,20427.432061158837,21309.843829065918,20941.7474746642,17139.968924014065,10420.870227335095,6616.317292168867,4790.3816845372785,8571.08689243372,4523.611826801019,7585.129151194157,9251.060887117821,2307.9162636871934,11286.855232643567,13688.197789160555,12672.963352268796,14640.376452566861,19813.846261172097,21303.378571122605,21541.071480448998,19268.4281230699,23362.479830218053,20247.10164747343,22542.810011657588,19949.78885835365,26727.19493018816,22297.18710199804,21677.838005661324,20650.137980702526,26377.457018764035,25836.707307106433,22143.304343648106,20576.701102336534,26264.167154886283,20508.785163648823,21224.045707005935,21390.12929819812,10760.075086434077,6295.692727576333,4813.431996477061,2765.3641338541984,2625.5896569584356,5177.685327065915,4371.502019618987,6334.975993285234,2340.3765012323192,8443.362606749075,8639.331654293303,10576.944481283046,13531.119238379757,17436.612906609076,14634.112830887,19938.109253973445,17664.339480595765,18269.984914851593,25033.53720222011,19210.21513382984,24888.89714902441,25284.725748703768,25756.590673334817,25368.40653742708,25832.89942374912,25959.534957956017,20139.41065924936,26889.55817543508,21495.23808718513,21749.25868527021,26456.015355363797,26873.340790383976,13837.330596373846,7369.4942656186,4172.261971051024,2699.6403439771166,6111.518197086885,16693.648186673672,2460.345127376068,14059.785850559947,14286.078472996021,41007.97969059355,39088.93348092055,35205.076960832754,26905.697458565275,25338.09428570603,24310.30526267712,26695.084114818634,21975.992856511828,22425.051807432243,21426.64852287518,22678.472492677338,21940.18885825977,21659.729271302964,21858.703371936856,19991.681540552057,26544.57233578916,21623.29552503328,23098.901011681985,21352.051622424042,26825.636915548104,27811.730957029842,18141.766306119152,10529.534070594353,4334.041983446012,2945.757369785176,2118.861742018613,3458.925562488408,4668.268788678779,1843.2429231214508,6511.690586007698,8822.773858601451,8722.773417506482,12937.805590177277,12073.819249272976,17628.489598818036,15714.447110285546,20153.748589095092,18083.845485162612,19821.879480084157,23806.935717385306,19895.702546154054,19719.036258102664,25860.457959253352,25578.49790589382,20489.57267229519,26017.836371831636,21279.858387228724,20420.26209166707,21078.6468799242,25214.75325200791,24930.093647591264,24961.849465117964,20875.571764844808,17688.369132889515,7707.5851295488865,5433.197028297474,2788.671410172433,3083.5204707668267,3830.535680483518,1915.9650879520132,4100.846817328644,5643.439484822131,7529.759583571815,8972.99481383811,14032.093603615891,12743.497137019533,17600.738971484774,15866.050334398094,17175.264932989638,21886.12430273695,18519.23752173121,24267.439234059013,26416.35321616344,25243.795768337066,25069.23584586836,19488.987007248885,21666.269399164627,38218.64919350414,58016.62067974719,38497.274996574626,55478.408594752,40290.364425894855,36138.39670423135,22479.10636640091,11987.07975771566,6845.624019277498,5004.359427986626,7199.261315354091,8036.911142872871,4739.067325705988,9338.57876547794,11892.639195972288,1753.5511636595131,13706.961884145458,13309.365790581209,14729.45776794852,16388.828101991126,17591.813923075053,22386.40365563645,18968.398689964135,23711.208370453016,25579.850496545325,20148.167158865923,21164.059654554912,24983.099273444353,25333.58637439016,25226.118547767026,24337.21144542889,23945.9662532543,20553.028541997104,20666.571478056743,26871.220551938095,26249.321981710124,20827.759301061484,25796.971212748365,21977.329555136235,13139.565988214898,6872.3446273929885,4989.166368362222,3137.6443895541256,5477.078457391319,20137.57068685547,13101.813226949873,2061.0229632465994,29842.89920103488,28756.48761332035,22294.209282346077,27733.684320322252,21061.28929338883,27193.779530567102,23060.95976620567,22018.576255301134,20972.924772074442,21533.12027709571,21394.30808646354,25600.90397688742,21071.99231771702,23864.10749608745,38715.4809426776,37811.32694548504,33236.06293463794,31339.708130470124,47771.63593009007,38138.03308313747,33701.832394322875,20609.819746823974,28107.909062707342,9614.089186392212,3180.959367396588,5668.379252742955,2782.028732836928,19141.932767817038,16341.20489216945,1729.1891848749794,13834.146093848107,19046.00216368562,19875.390591998228,17478.139129965904,46446.61256376037,34388.70279668335,25944.233028723065,30667.952095624893,28661.17158339651,27672.135345281302,46733.16957795602,37213.015967405634,34601.55685801416,23649.423190348356,24706.6169038672,29391.741595672043,27630.002096903165,26979.449517878184,24289.040145254672,27314.75512276267,21184.56086481333,28220.457550733456,17694.073840594938,9725.977766350878,5537.965892734959,2780.970640891732,6922.116367722156,7653.684541974124,2368.045211486805,9285.823552191592,11193.267493691745,31540.351986178055,21276.86881692851,19905.252292542547,19524.529282637242,26910.787738973268,21711.37599288693,25154.690955952465,20588.1805041086,20856.65869525012,20842.4055441318,21068.263381436478,26429.90163765692,25610.426700761647,26528.257004637704,25756.331779135893,26549.374931774855,21702.7299842581,25448.357248534467,20106.09131454942,20834.957997910027,26482.511212693393,27351.91870360554,17239.721780203636,9272.924088818536,4403.321668499257,3211.736105553932,3712.462752334679,5074.538835963959,4074.6189776714486,7103.145614384654,2568.487827422786,9135.490633824907,9056.61832727358,10572.263718702838,13341.193407762486,38139.80229157091,23841.71741775234,24130.176259775635,23180.46712377521,26029.718759306044,22078.68740958195,21678.141991597,27221.53052284411,28676.311615468254,25495.21941864594,22201.148519727667,20202.7091773839,26685.41669031831,20764.997002697026,20298.434005854033,26309.744798225092,26431.928053813528,47781.818095601135,23502.520584303576,10175.74967977037,8317.213278638048,4778.472188693719,6748.14578315855,6058.03559673882,5597.188156390274,7358.7434321414985,9073.634706288698,1665.9976827666599,10966.637577558959,11824.83600658078,14276.879648747214,15939.137662015737,19106.27450407421,21344.215117354663,19309.376612232805,19417.77371974596,22085.040255144686,25094.13982232804,24676.49403830099,19899.11384619317,20759.09100750074,24177.30894206871,19717.759322682195,26245.44207994757,27627.105046239074,20808.56047426993,19602.960292829757,20743.45550682349,25861.863628625782,21401.19204962155,21758.537549076238,10653.329250331337,8131.612498820478,4451.6218065030525,6397.5538998640195,5674.985495265796,4306.3772809186385,8863.010791215815,11300.998136893131,1615.2501663562425,13417.679752827877,14822.977567949443,17351.951067035963,15994.110602224022,20212.679908100006,20885.977932580106,23026.174139443327,24159.807752821853,24626.40774935966,20673.641908811882,20706.780624954867,25068.637803621623,25685.138441374365,25216.090216301614,21233.879489700088,27132.3474937288,21551.733116410138,26854.697815973166,25187.92722782595,21048.750194625347,27125.53489141,34800.930061627594,16606.059425951986,10902.575371866944,8314.003569808936,2529.4903372605927,4873.450608766983,14710.37201694256,4819.181427741876,13338.836561199285,17853.324842044007,2113.894266812266,19198.37188212515,20944.039199418952,23204.72365770576,24726.63092974644,18014.815892163075,21536.87732921311,24186.41467573661,22805.462577041653,20556.26275927758,38496.52908068522,35186.32063801434,27385.278390830066,31672.805089835016,30453.083470303536,22013.820081972208,22439.62618024185,21938.22990202324,21854.507302848357,26479.09949926572,28532.188359584226,21118.90675766277
47470.13656935807,35881.61809349925,47897.873165968624,21089.427735508252,35776.45998728697,13506.48347504716,28907.344467372404,7344.396601113228,27823.19705964734,3803.05106419809,25063.352323558847,4415.52631277359,51541.63265177043,38461.85374682714,1699.6571718380135,30646.38474508099,27520.0624933002,31589.74264138413,31596.473094392004,37107.25847434715,61380.067113634206,57804.076993551906,32648.20264752807,38612.709159915634,35174.150812847554,41120.54238445736,32267.337485208194,30270.901880657813,37828.36449837466,31933.427086960983,29292.462439610506,27549.63559559427,33753.00328593078,17534.306799002203,13129.181846055468,8398.18066683816,3550.41242326259,2859.9414431797068,3600.9274043453042,20087.085996066227,15323.968430385858,1193.9247048178588,19340.47038079848,19042.268391157526,22672.9981024744,19009.99939588889,20850.985154376238,25866.47793697854,26721.255406928107,27476.719963955646,27443.579955774476,26377.02810278263,28769.67731186192,22556.44911048798,27291.44571719223,23046.3683309808,28903.748700143205,49394.90799495324,36853.700913503955,28638.553118731143,26119.773480713146,24342.055788430007,31998.010816641698,23900.743587739344,22761.160954493418,13379.276448696886,7219.4145979750365,3957.6861045097585,2236.3989884969683,15721.071298972613,12376.658047921028,15740.575640598101,1518.3448291568616,18664.71210956971,16406.97274800753,17942.70602879857,22801.979050335354,25507.281641688875,26056.97535815631,21194.604489593446,26505.13959358995,40722.21208638395,44697.35912035751,32414.30679043188,27904.76966166006,35022.72092329584,31174.25394150017,30678.26817345007,25619.914576776817,26994.469645140765,37866.67147400393,31096.72664110391,34997.123754053086,32690.444662872324,16700.61631294116,10999.966472416403,6572.03997788624,4883.663762841321,7020.4549364535815,8284.353019563254,3611.9073242960067,8423.2058214894,21777.804903924236,1260.566604684129,34037.14308431519,28411.304751696993,27185.24632050396,33162.56909501236,31573.903614426446,28962.680467826784,31057.040317607094,29626.467110778925,47989.093690506794,33722.42630053622,28891.723850356655,32400.394275507806,31677.746576560723,24526.97507902538,30704.680403005354,35921.34401149468,37691.885823058976,26565.056118679946,32052.32248419123,26327.126151533103,19275.505858064455,10984.856686108642,8641.951482975142,3983.7957680390105,3083.474770438891,18940.441478696353,5331.900982855317,14728.569199341513,18568.948546003572,1415.6403920767737,21458.375146054143,22969.928828311666,23833.65809828038,26436.243461748018,26902.822399250905,21768.289202877804,21546.682652838994,35637.51877931991,28882.20193506165,28006.1955130708,26046.55340109647,33117.95870467055,31240.91270780033,24427.395399877107,24229.714125719576,26750.942157352118,23470.354034092135,28517.56018094811,23226.171644855316,30275.717304298447,22222.734412256894,17511.663600360007,13720.676649811452,8508.612944095798,5300.680984302294,2876.0948209907615,3923.467571405222,4103.174833444364,4512.73520915965,7629.59551175006,2000.5232118813315,8937.322518929768,9147.110661830118,13582.468916896732,13476.260890838175,18866.759172671995,16270.187639205727,18366.900584762097,41296.49518771866,42291.73476800347,34844.4711596034,37385.90223612127,27282.65441262548,27077.1585657659,25562.522156942705,29459.60549290761,31413.734120075103,24063.861658320373,28662.894559663433,24899.854965917322,23960.959228071028,27721.685554333417,21355.664211852963,13913.190042254393,7951.523648580194,4746.707536893542,3095.356122255892,2269.5684758048646,3473.1702523205367,4737.248729522249,2060.623664180618,7985.98228740246,9840.120810076132,9995.184226587877,11681.171446488484,15177.842727134368,19968.314951922614,17273.0462108604,18342.062023488994,20203.0007859327,25107.876616855752,26802.598660830034,22207.411709897435,27212.597947873157,43446.25298063456,41490.53883215209,53103.70738764801,35259.553910263596,41767.91002725905,34462.61882016936,30890.271149257253,27696.00034437039,27025.619284819186,16059.975641039595,13453.25112137241,6756.906976340032,3794.7805297505624,4345.811899131627,11593.211984262663,4527.541667504595,11693.094427743059,11317.689771271731,1245.9930528855987,15765.919474764758,14369.511361331026,22212.092177466602,41361.94274266571,32788.814806604074,26595.141576161157,30777.649741565772,28720.70193072031,29159.226611491595,25568.063459944362,28826.592570775698,30258.231711591197,29166.422351584384,30490.630563697483,22560.67935059732,28676.932249727208,23245.4104305391,25122.348826538877,22529.01469130997,27179.72462987918,27094.279867586574,25880.88533486801,17078.278406652644,7921.819265416624,4584.32046441438,2340.894234138537,8029.478375761463,6775.352043368362,1964.730983083717,10300.712590020024,12284.298034264912,12022.625483109065,13070.327615866196,15206.14426894385,17191.18086806768,22471.77797137466,20258.961263662695,25402.74743880202,21363.44120800965,21636.793587286353,26489.425726797603,29646.383253488715,26900.080757367698,27976.612600578675,27394.83217722842,28135.925487567878,23045.931060513085,26910.19763390345,21321.508877029803,28296.175156260608,22961.740565146087,28294.347223294215,23199.949106636293,20279.62935541357,13647.230262439336,6889.334191921385,7071.931956076219,10046.965356052324,2969.2202257780573,7617.976930639593,11166.99745331683,1250.9171522940635,10929.861705894331,12829.429870059179,14559.490058812496,20724.173807716717,17470.956059952317,22344.871980656204,24501.20470469632,20670.039580666507,21191.00933284529,27212.955054352482,21571.424986806713,22537.798801490968,22200.053298479037,28676.506226668324,23767.456016285218,27741.51066259262,26466.889210509595,23767.64663265087,25080.65744731418,22387.275864139392,27688.132015639476,23802.758929599186,26036.73551180448,20698.070639432623,10465.570587285687,8346.808775481162,3914.0123747745793,3712.694386959473,1870.5848419182198,20573.59740304068,17439.907592678566,2082.9807252826763,17637.25038673628,18024.228512742946,17491.271518664926,18655.660756732275,27367.13185957597,21613.822047542897,22121.71813583726,27135.779207213454,28558.65719506908,26840.281606476794,27958.97420456345,23363.125549325792,22575.320238478194,23015.89022249979,25047.150372262444,22551.073853472393,28611.782792075843,29543.328819958573,22720.925186399574,23990.87158503692,29799.501810839814,22529.709749007718,22327.368726180113,16736.756248522182,10982.52219117991,4917.192343038179,2538.9208681592872,6720.552502315281,9058.752093962612,10655.251225164035,1342.1067776129025,10133.571185361785,11400.074194104935,16926.863902120866,20038.9416073914,18738.602786607666,22894.937656636575,20725.916490863125,20743.33876349019,21618.27432177676,21802.117176309494,21033.495265864294,23151.4710073912,27249.467308867188,28353.760680025985,37849.42084091338,29001.688381323507,35654.06158176868,26623.06383608367,39489.639829863445,56048.26809295426,34030.51598136927,29615.09965069072,21895.61979146365,11000.36158148065,7077.9389868586295,2542.2918036005935,3763.177577466753,19486.242420112092,4149.798248886708,18272.577879779543,18309.35575290078,22630.69075119128,17429.490151424397,1750.8803945945015,20213.246047338358,22786.913470137508,26884.74554478994,21879.629371588933,22246.4500679364,26469.62225578432,21136.09071970804,28822.143725662598,22552.35799558041,22237.427141474658,28739.72611175804,29177.825679448804,28004.385564570126,22855.424384590704,27961.684885101346,27423.18070154436,23669.496142734974,29137.134175517665,29628.34696897215,28160.78088355418,17015.9817701834,7788.600391665015,3872.752191690152,3165.474238155459,5219.2620108228,14785.488580286346,17578.92972350751,1440.5421599362544,18848.52172501464,37076.49446427065,26598.978613079675,26528.688588472094,29383.871809066888,24236.836059011293,22735.35540406144,22911.624741911426,23658.186438723278,29657.70371563784,29636.242698780097,25064.71033999231,28004.47315712675,29243.4972355776,27331.642179001792,23156.157368155342,29193.22025896435,28173.363952989246,27808.041773917997,23955.152808339015,29177.64158336957,27495.98819608838,21877.096642393455,10933.606706773744,8173.21326707713,4957.066276275203,3078.5923371383533,3889.0480809737924,18571.411013171357,17345.84172267409,1536.4165473291462,15070.58754943979,21410.41459320927,18518.683827422163,52252.118114392055,35470.60596549358,33594.07734039327,37005.179340628834,24941.454981398034,26132.29583335935,27301.985847196716,26234.711609941667,24075.193337753728,30215.305672160415,29682.298369014385,29861.23181457335,23349.629595476265,22800.813581315982,23652.352507525775,23219.68871195733,27619.46777602243,22129.925713444092,21892.4241638899,18432.6686582445,9682.960990445841,4369.280907784001,2033.9317117071032,13956.309876669657,12892.44826515391,2017.234575125965,17110.575000563353,18908.837027329242,19732.57434482398,19223.91998678038,23266.881214153753,23694.380658383587,25034.603976605402,26354.84466384352,23607.288135364528,27426.96426971786,23236.67389583996,22323.730648806726,26739.79992498798,22050.357672358426,27576.50243769955,29570.96292541386,22550.68882783937,29010.650843694224,28188.10515126035,22201.65785843012,23711.08399009471,25029.329057922547,22216.898636392973,38684.13638657842,14789.190655445907,9499.859714381104,5659.042297027727,6971.943051329849,7177.4408902356,4389.317387978286,10487.953881974317,12505.53604927413,1883.6573318516996,12445.758379889834,13498.852971690663,15835.465345640636,21973.83743756265,18932.005418406112,19217.167635779413,26542.614525345925,20747.957526668528,22461.039495505604,24572.700904213278,28227.995733490585,22029.44551892053,27465.97323632589,27963.70111150502,22288.22105069191,28399.29329103247,22614.750273056114,25407.518794845077,22982.8008605297,22174.991960436164,23139.5333038816,22736.898426451568,17075.52719240457,10566.526898355736,6789.225043376051,4910.738201671848,8830.044895958408,3780.827086014948,8793.033588668686,10590.501638165926,1683.0520080143192,12751.890528552249,15310.69052781396,14062.948267151563,16152.249539410952,21760.374425703154,23323.004458454972,23512.5172463499,20999.253244793206,25418.450071427145,22011.52067403758,24492.486546943885,21665.008158436955,29031.100294011543,24209.207890956757,23545.52719247351,22425.522174083628,28647.29794928533,28054.493576371213,24045.542167223022,22338.762920957855,28515.030415380395,22259.83576280011,23039.930214264397,21287.816712131767,10921.213918505053,6437.221933934703,4947.82185804064,2914.6061797493435,3221.9129418324646,4323.666519370574,5291.855101203159,7452.561441047627,1717.230655403162,9732.473274333159,9814.807176709179,11887.355653812718,15077.369008042897,19300.888280161184,16107.933841380229,21860.45425586452,19317.241631084205,19932.802209759917,27273.41447684855,20901.95246391891,27057.8972992997,27475.302896079993,27979.142838050717,27546.298608488363,28043.80128938692,28176.160823100265,21849.07857567559,29181.764596288947,23329.40820021256,23604.175718290753,28717.0151768549,28271.01207882194,13652.510894021329,7423.561602150655,4248.707243654727,2839.2898255140913,5114.037375510554,16690.72866125429,1816.182086874463,15404.082231375569,15781.075573614798,41155.225195141684,41657.91842626627,36141.16568678578,27832.646409642068,26372.587818028085,25670.18326628936,28346.092185094738,23772.84801066737,24298.50767856835,23222.480735628717,24574.29073149566,23778.403543700264,23474.140373534963,23693.770859766184,21654.72810806384,28756.619846530408,23425.617529952102,25040.410903991145,23143.50614493467,29074.719810207276,29281.700593254074,17919.584279489314,10648.240943268895,4395.375406514295,3099.64999068825,2140.965489453473,4221.681136683424,5633.320534466061,1415.1529273848291,7646.273607959921,10163.981134564468,9901.584065500101,14520.00049981302,13430.36895588167,19484.838918412876,17290.3779761016,22092.49048681494,19773.13020548878,21634.42096593712,25930.709623957264,21654.02750687744,21438.754540497226,28096.424770874026,27785.067133039767,22251.803722684723,28249.872365804385,23107.104985050217,22165.536336976984,22883.752268608507,27361.124222712268,27040.613777979917,27079.490434432504,21940.380425848176,17473.27921082546,7771.501706972675,5532.19986409225,2827.491011799644,3188.9199386796467,4649.1861378721305,1466.3295039387217,4901.036678664249,6582.007750563267,8629.330554566137,10139.24941454363,15708.830920204531,14151.943032357722,19421.829973096003,17431.70787814016,18810.2737086602,23898.87300224816,20181.330810450032,26413.9370171826,28746.166263445914,27439.553605801506,27243.56675008344,21163.78816413178,23534.012312915478,36613.751817309916,59080.26959601317,40701.86878322879,56229.71445187664,42793.68297210616,37080.99007185797,22124.460908756006,11937.272242131745,6960.65442704379,5122.715680673975,7363.157474600333,9295.894198359143,3937.576384883565,10668.561118035914,13428.39898145441,1248.0040594326153,15314.115493618434,14761.273731645273,16239.971916671491,17999.035042683452,19266.784115874547,24455.815818713392,20686.04960381018,25822.045358482916,27841.654239342522,21908.23666152467,23016.291136064665,27150.968928820246,27525.17332980798,27397.363910834018,26411.875600489057,25982.889537520747,22296.365400385985,22414.664333560417,29157.224526764774,28478.248136164042,22594.88729630485,27981.7382932102,21873.413931136147,13309.335185236921,7060.974977088717,5120.0231052811505,3335.7972445395176,4526.49414290664,20181.9516326864,14375.147448953,1464.0136547124844,29574.683790742525,30071.11098003725,23870.202438482724,29745.953678584872,22809.64493609417,29449.97321908174,24994.260543162076,23875.200426665673,22735.82004518108,23345.074672628478,23194.505776939943,27765.951904766247,22850.680783212974,25892.047570003324,37249.760632583275,39474.816445256205,34294.232702595735,32658.630535897988,47583.318874497294,39956.481847506126,34693.41590301572,20242.691012925974,23940.802958941058,9489.896033940942,3382.757643031119,5701.668044656939,2794.5725138111625,19174.450094879994,17976.979234928815,1302.073930005201,15297.066361070802,20963.72682806666,21785.558965116335,19107.318211742855,43629.25451419038,35694.12079634666,26903.392473104883,32182.087819237793,30196.802856482183,29546.55187130536,45477.553639074315,38833.97316951338,35691.630098531656,24562.32894319762,25959.893615160687,30980.376448014988,29386.928458280872,29108.644290504235,26331.233512372517,29580.95234965449,22969.686080832613,29751.032260074586,17458.491439493806,9808.888543673782,5643.059219169143,2815.648219137957,7130.1264808108635,8871.46134340653,1806.2826948413708,10630.9650229189,12645.503783744894,31483.77924812865,23102.51482448099,21622.04176772512,21196.683904624035,29223.856036133817,23586.315044005347,27313.95413901562,22354.42319215451,22640.445809533507,22622.186019427718,22867.276034873346,28687.698062295218,27790.82406354989,28792.784082459846,27947.309813926582,28812.834249859505,23559.840142555717,27614.746636500055,21812.005651095526,22602.86228538852,28734.656440998864,28788.255368446327,16998.985618841016,9343.167240749503,4496.358878803152,3327.319635320641,4473.33030931199,4225.5660769412,4875.030566035893,8295.267751103105,1896.2055888135012,10470.828538882693,10238.409558248753,11824.312257111715,14812.251173491253,37272.2879899932,24796.47311877656,25847.03258954213,24673.929327027807,28034.498664542625,23929.72223694211,23494.05196204098,29505.475385478745,31104.133368771283,27667.97585114388,24102.79106965373,21924.494115997808,28973.648053740566,22540.99949343187,22027.559394275664,28554.21756626278,28686.18732770962,42984.17694771161,23076.587915374155,10285.620827233082,8541.845223555913,4896.6813896821595,6961.635914297984,7040.182324186567,4656.699388933327,8446.686835447235,10282.226642332582,1181.9785071591564,12307.198968273737,13150.053138411578,15784.523377935866,17539.849252333257,20952.007747486634,23331.313055624047,21080.059108280082,21158.03802798019,24054.85469502683,27308.2014719795,26824.80264299328,21621.660279219617,22551.8490958162,26277.139363142658,21412.973855814853,28508.064369539778,30028.27714924646,22611.933833475654,21288.267011761967,22528.4205180292,28082.171759912653,23239.945913093103,21673.609572000212,10807.667460940178,8334.468405661772,4547.574700270708,6676.017196088864,6618.4911562756215,3611.6184549995287,10193.326670572093,12830.765833867637,1150.7402038517203,15072.11090065808,16495.591575916696,19186.777187241543,17605.817795951538,22155.446414718823,22818.034371318197,25107.925735766697,26292.617271970463,26774.381126195618,22462.32089838097,22495.495601178343,27220.838387866952,27883.560603036294,27360.917522770967,23042.853074463022,29456.19507911402,23401.264918551136,29167.787778031525,27346.879111725695,22858.203694260308,29465.37388345979,30537.45647274952,16451.000153157485,11093.54035179444,8519.851275811476,2705.1342788457887,4998.430920114581,14690.62991969912,4055.303790493896,14635.876699317325,19713.596842259187,1568.9489422474044,21100.44815827626,22939.119490926656,25359.30362736302,26984.72139238141,19619.329919344047,23441.40728624063,26290.734028235147,24771.913951356895,22325.448744103545,36902.66070607875,36639.694385417286,28303.11066768574,33019.031839999436,31924.161983695594,23545.566327203225,23986.146600688564,23673.778525488848,23679.651202757188,28694.15301717304,30932.384459597524,22890.590924812004
50195.14885907291,31197.635504771304,47351.21477340876,20716.444854627272,37511.32003274309,13375.183382412912,29329.900839432157,7321.254802067028,28275.560952801017,3777.7643014928135,25470.570704695197,3704.616085100094,50892.53560795194,39647.51224950374,1289.6021239316317,31191.15458998991,28030.049353080336,32256.094231603944,32363.21048805118,36137.002344916924,64903.575772257755,57137.73689174459,34155.54457482746,39229.000015700796,35754.54129455956,40445.69297943495,33360.893647622855,30741.12822078441,37277.76624399424,33016.889021471005,29713.260743236606,28026.109012797227,33923.34653492466,17289.637079061555,12999.391240402325,8370.932806326971,3517.969869527634,3037.5271437029332,3028.774950229791,20851.028691289324,16296.348298203431,890.8130080078683,20995.197801709986,20738.87396623341,24680.10181215921,20680.633208945583,22671.077701858518,27861.7618581909,28735.795053608785,29048.445980614313,28959.090452343054,27729.926255889615,30299.200371040424,23690.391883426066,28589.14458306572,24194.945526266853,30319.1189018736,47653.38539329539,37944.521885332186,29090.212830516113,26551.578380586707,24842.701512747135,32826.79315912284,24600.262860971063,22126.45568032092,13194.960926159927,7184.142576510044,3939.575020605933,2191.114685538104,15716.552568755767,13422.134202506593,17255.173206648506,1148.0928530662736,20451.485097805664,17878.854147259608,19534.85932593792,24744.66380425136,27765.926322395833,28207.589283321355,22859.564882245777,28508.465764182823,39098.33760573978,47611.26417995224,32909.583442835436,28409.662174696594,35693.77098910115,31862.800562579287,31387.789764553196,26378.601142272626,28268.492508984924,36828.14234937869,32102.371751839397,35576.81289827177,28422.56456740197,16385.326595378297,10900.43455515421,6539.605411326519,4864.637723698002,7247.534068229549,9220.545166175287,3011.131505143716,9565.204822705546,21722.079309244575,907.6632251679235,32522.685228256956,29142.09688316915,27697.965351895917,33874.63070203338,32432.95279721542,29723.067044915853,32150.292986312317,31053.70601845359,46507.16408148847,34777.11544316351,29334.13668346882,32900.67546099007,32317.69898616104,25182.153056901014,31524.527885618907,35249.57811274051,38867.44758308321,26980.807103721745,32613.649408133915,26863.319941904385,18498.472303036382,10790.864011136178,8594.665049801853,3958.4790578130846,3312.4864203186257,18925.87962899754,4351.471991676276,15689.0616202072,20174.22503304305,1063.8515504015334,23401.71591581992,25033.674083626356,25938.22551251653,28749.286312706477,29045.222021202488,23453.98791199656,23164.64252497604,34277.25909674485,29715.74318902501,28451.794676569523,26464.362085633053,33829.3587002313,32085.055542788235,25091.225207739335,25312.86918195334,27995.37393763042,24523.349728217458,29780.579398747686,24279.9510558302,31698.21204503664,23177.86616727937,17085.241239040948,13557.856579851501,8469.892918676902,5288.01611242185,3057.9917647216002,4593.766210931273,3440.8725770942456,5395.270270788839,8917.019029984072,1500.0386712974673,10233.682832794828,10333.167554295014,15177.117431758576,14910.016823551827,20674.998296555026,17712.111333013567,20022.445675530027,39332.15254309055,42273.343598105326,36096.35251099467,37906.497676464896,27741.643682269754,27611.550512502115,26141.195940845624,30221.734061451254,32959.156137950544,25185.453441848993,29974.351367715488,26068.542858380886,25126.221076545018,28970.08098088718,21510.307028495165,13529.625252183825,7820.29494639097,4704.632118736268,3256.085862196234,2226.508108879064,4037.0772420028775,5592.390603906403,1650.964307749411,9248.645576062598,11194.697932621157,11230.964604552066,12973.644450086069,16717.253718649128,21834.1629031222,18788.835938651624,19932.65404978376,21992.29827197553,27131.194693664438,28954.0931493273,23930.947539105196,28739.305806733606,41655.13224982491,44108.93354109737,52306.25004196434,37236.29401899159,42157.25837670548,36215.22534741835,31368.22056900494,28141.56017885386,26920.610573517497,15896.736417889622,13340.68606295397,6735.834860001256,3771.1749263675974,4489.541669549323,12117.947670322514,3795.838408669328,12912.81105634211,12645.97912125675,931.3113712220271,17344.963556176597,15694.093941771933,24290.525672865777,39350.5184814495,33530.1228100216,27181.749991627876,31456.430645411587,29528.437170916528,30471.55651490762,26825.944375749765,30097.314638646316,31721.173851108553,30522.01920362541,32009.23633485257,23618.994289895327,30101.030303045078,24432.137391026772,26392.822398879794,23658.483886625556,28513.70119289603,28418.27053636801,26078.487509197526,16609.819603471773,7793.352302372344,4537.646105509362,2304.6793784309566,8333.204616096538,7625.982217959797,1559.090927903147,11746.091445690963,13836.303715746359,13418.438895003741,14379.114816095182,16606.661943911306,18724.560897995212,24463.166825650824,22072.85571843875,27624.238570243968,23081.018156602328,23322.259272588075,28454.303361092552,31375.086537077692,28337.594981301463,29544.24699713417,28876.391582724398,29652.232596749305,24287.937048908138,28322.14890284558,22366.556972018087,29764.897610513406,23985.202537144924,29715.71563805109,24376.563855755445,19865.71289968279,13513.926179927354,6865.784220832028,6350.458824893826,10246.770388320292,2885.1962059772827,8448.965142163528,12646.73970054393,957.6512240850863,12250.745222332307,14254.986344852316,15965.871309194983,22634.516859451876,19002.858741684006,24245.43866921522,26663.249994140187,22328.166483442437,22878.19864263257,29289.384345104914,22754.2178091443,23825.49900263574,23393.555092268514,30234.431286199047,25086.338122797668,29186.93073248134,27808.434114639225,25102.716570222095,26370.56035374607,23529.01086360154,29088.025681810475,25073.911311804055,27378.685718925575,20363.857000807748,10352.224319666653,8317.826676037854,3894.2197444019603,3921.6173876168245,1839.167630216037,21277.216637420046,18479.596345141697,1577.2871438216393,19198.730784200558,19600.774867652275,18952.380268424342,20274.821683196027,29456.4031672267,23278.656278814713,23394.22419302139,28730.59607625554,30186.455458363922,28274.65856249914,29492.34372909707,24666.636246681468,23756.435313822614,24249.21126810462,26359.985714161816,23737.145722888545,30112.569438027815,31119.917757510302,23906.712066625005,25194.477607512246,31459.73224223446,23698.544034864015,22524.645794158634,16252.664325801137,9745.416116454211,4882.863622241884,2460.09043260671,6899.2792772212615,10168.069537241256,12119.375458417067,980.2462020857314,11391.873848117373,12634.313982711874,18661.74061010492,21916.983421779085,20407.577257170095,24896.82928403923,22560.288429837263,22493.736883861817,23385.63785359793,23486.655905135052,22562.812467682983,24421.389622365834,28707.455022832663,29874.844450852997,36442.50663153734,29842.44029497953,36229.69118864641,27074.573539201025,38910.40915943006,55164.48604825567,35812.03942384362,28928.84118850069,21220.928942442562,10879.431103279547,7058.9452853778075,2715.430350214287,3730.8925610496185,19455.53063310421,3387.184979229272,19436.223952704924,19865.15089635209,24716.652837288224,18913.12330652893,1251.302336557964,22012.993587310517,24667.079274898206,29082.44216461778,23568.49844063535,23552.4985175954,27935.33776741765,22277.649905351864,30395.403548540846,23700.275643555997,23327.633367566574,30187.015435138826,30648.481789281628,29356.902658481893,24001.736757211802,29331.109582515375,28740.354984900594,24883.276726295644,30574.411687520373,31126.546811899323,28395.42075013136,16497.032251094784,7658.282425711887,3808.208282550097,3404.213244958271,4259.260801377869,14770.803304437755,18711.295171543607,1041.7985597826876,20513.02785655754,35299.820180924624,27194.7836223241,27165.184031359116,30139.20514756662,24927.83524934832,23704.104072675447,23638.516870275223,24454.36289735963,30649.079587062784,30636.910956080876,25946.320138898627,29313.626766485515,30633.844643838493,28538.70588779447,24244.60699327373,30553.945955012456,29432.686910184333,29057.32144754976,25099.545118128623,30510.714148746763,28754.773472964265,21357.145870494707,10805.438539074887,8127.321467940938,4937.10034190756,3320.202079409462,3273.285447566609,18547.973079008232,18433.08165554356,1173.928145193759,16388.153497673095,23325.62561947577,20163.602425469493,52811.52236338375,37628.59231902786,34083.352329193825,37650.52827852101,25329.588126319963,26703.05971117694,27941.71290318978,26954.102657284344,25197.66458152145,31629.205933621284,31066.115844392734,31277.958607616245,24437.327081860327,23864.45550349227,24815.94320417565,24344.521186272133,28915.50448502508,23193.99341982034,22066.75050614462,17961.24593687979,9502.401421945866,4320.147763972388,1991.3428422955233,13717.751683123111,13908.202111337141,1516.556895250979,18714.83279826806,20678.941504950897,21438.324538476743,21015.992546839836,25269.009222368895,25777.013330445425,27068.289332204462,28411.901689395774,25346.310604886905,28823.70314311226,24539.536286248014,23480.149445396564,28057.333738967,23159.92770202747,28736.445395915198,31093.45323980487,23613.250993389294,30433.41592001896,29538.237542316787,23258.31604920963,24913.903474691215,26256.80772284998,23268.873961127803,33576.49326243056,13935.704867937102,9314.64113556502,5605.3180525425105,7180.875777755839,8041.455797722155,3662.2097442910394,11916.161292640118,14046.604441870875,1447.313113948384,13862.271710615574,14814.342743346622,17322.68918303167,23941.84845491697,20618.407163064516,20917.342207714257,28822.77531411006,22400.875516581673,24241.418175451585,26420.729479999434,29800.401923546004,23247.154446015236,28961.28255762028,29479.493312147,23458.975655221708,29867.737389783186,23755.21523399535,26709.11288711708,24145.593682079976,23264.515294783494,24338.026644154914,23879.250414841692,16795.753785247794,10447.086518971742,6767.746691472713,4884.981290785057,9084.050940615707,3172.018104006794,9808.018328202268,12020.467024088895,1263.200196130703,14306.295093396902,17006.293898137254,15416.165911914026,17639.20493521445,23650.052151302767,25350.64376774636,25569.73239600038,22720.71969654917,27334.806258648765,23649.507466042167,25743.101700351308,22792.552758148013,30595.013725688965,25431.713006858314,24797.585630003297,23564.50730450957,30134.050509384055,29475.463327507714,25283.1323216316,23454.838596030557,29968.600400705865,23356.698404621486,24207.534057763132,20878.939231397584,10805.22288396148,6399.754036745182,4931.681992017149,3091.5956411691323,3778.097927218186,3625.7802665567106,6289.680457756141,8660.885034892844,1294.7382715621409,11113.128640721477,11065.2332081228,13274.272246078026,16667.195183621654,21113.236422368693,17513.40214862615,23769.48204290614,21019.16911978935,21668.02972325156,29469.081414186214,22461.519184882123,28635.160733296678,29022.066927062042,29505.602951928468,28974.538256891403,29477.716273047434,29584.623140474912,22894.250375672396,30655.39938739065,24477.719063361343,24743.20507564781,30137.28198974158,28516.16074516942,13235.927826990726,7287.714541489466,4200.979949757109,3005.5022963290794,4292.091533288741,17342.988280134916,1375.3368486119007,16358.46661744797,17144.704364897614,40194.25798907945,43783.0163571051,36669.55496100431,28317.76096518293,26862.650406356563,26254.716240701247,29026.036812417417,24540.72093765255,25139.99863956688,24303.07582974362,25680.665822523675,24866.35292616948,24530.11374764466,24775.835496520624,22565.772001015874,30053.542075889996,24474.791702886618,26225.607958024695,24161.64394740789,30403.438385242927,29567.08506457662,17350.583747518023,10486.927320721617,4333.914931057056,3280.378466225828,2102.178955207858,4931.933031516033,6666.5158623855195,1112.0691141469,8871.925657066366,11600.048568048645,11155.081266594727,16193.441672679133,14795.382772781168,21297.206931303994,18845.371967694064,24058.358780473427,21537.83312260276,23526.24782325611,27958.88299576735,23320.154612766575,23011.65859788229,29530.462073987932,29284.610459255284,23421.28612544873,29711.79711533883,24297.547445435743,23250.37020565166,24046.724715674107,28682.90184962285,28326.011963221765,28228.65420558786,22121.772780242547,16965.920449566845,7636.472796922434,5471.165839954994,2783.3083011883878,3320.3341530327016,5395.480548314722,1150.0993669485765,5751.868693222116,7592.737975663853,9803.810393853342,11376.736796951593,17480.17476543025,15528.506119753363,21173.78275221244,18964.150653104723,20465.802266107494,26000.146693230134,21809.34633168401,28477.64781508221,30988.976804336355,28852.802297334598,28753.583548545295,22284.2849591488,24834.22158636982,35290.138055713156,59807.68187543448,42532.02504086184,56675.80390727718,44869.03098202673,37631.75799626082,21050.825161356774,11899.575902783765,6887.256056770557,5087.728985090785,7526.77059068762,10346.495533584153,3289.1518996772966,12062.925977412524,15057.390772428334,919.4904799555735,16978.908582358144,16198.814450687329,17704.965560982884,19589.414319942982,20971.86803646934,26616.695857177703,22404.052011942385,27858.957992876476,30010.787764330114,23151.892194912456,24371.97581272595,28625.433091547835,29031.032541933637,28860.13841490504,27736.650178232332,27146.68503200094,23390.43628162601,23303.81296388042,30620.665027064282,29829.053532377384,23667.317610241298,29304.312882466485,21444.371349681816,13148.862366974134,7045.409836461259,5097.268001889519,3568.0783040816236,3770.1332611186385,20151.308670546226,15274.587482635523,1068.4934071821233,28257.759835493947,30746.065210903573,24528.69405879169,30609.269636384506,23791.30782173923,30414.909375521256,25888.025400782622,25017.39876159175,23756.237593374713,24438.58485549449,24257.9345188794,29082.95211796562,23890.266437775805,27149.26219110022,35989.54669613337,40725.47141789626,34793.72310666372,33199.28568151096,46924.27516489213,41224.673607919496,35240.292394438424,19194.92412475452,20107.858616825084,9362.638504839217,3622.1325173662685,5580.397862850553,2728.709729475263,19140.93315814791,19136.676472412026,1008.2193461776702,16666.782000899293,22829.913682546372,23670.0483313291,20784.868350629804,41635.589092322785,36617.3023729194,27375.124731364736,32828.06537626312,30849.43840326362,30342.557821501192,44629.79061042349,40064.41580077527,36294.57410653514,24950.615960305924,26509.372365906936,31669.610941795334,30126.38032435954,30021.033882208387,27633.986488059636,30563.810696156354,24071.053721228964,30064.820337203557,16875.790570256962,9640.510730724438,5583.997296224559,2768.7595329374167,7332.448438219111,9890.733312603166,1413.5291721087142,12067.05858867581,14186.291222011281,32256.486921197906,24060.625103006227,22687.116226866638,22287.35946278479,30670.059370009854,24854.622262476027,28664.69571453087,23505.176722287146,23787.914130024514,23753.815287567493,24005.594852942693,30110.39689835463,29126.74061616228,30234.60352294128,29292.54723031207,30240.08522297419,24743.129723087124,28917.63324616998,22851.497765905053,23561.869875357523,30166.620388203602,29051.364388996375,16445.5864606676,9174.90436917264,4455.451871454215,3470.6476351390565,5169.494483209678,3537.148857724607,5733.726836593146,9579.820908372949,1436.4003652080373,11897.21871816488,11492.651723546223,13112.940458938368,16277.249255495346,35464.41927903732,25301.34915286283,26583.76428808505,25316.14301043035,28875.465762009073,25083.234666580505,24544.69632855032,30845.641069893343,32606.529801458324,29005.771192491036,25286.004422910213,22939.973257392157,30458.742686051522,23659.12866624725,23096.729087491807,29987.18196070763,30104.100252345816,38416.15263498394,22354.960713825953,10144.698902159664,8519.465167539822,4869.156694106723,7171.92069706893,7873.231664489305,3893.451803842367,9609.606128351614,11566.35750552181,868.9066684734356,13725.04017838377,14446.53195417579,17274.11721611272,19158.50233207331,22847.92469084958,25389.564961730808,22928.40608239293,22837.362550207952,25961.7886817548,29378.738540855782,28294.49823867408,22832.868452697676,23802.635713755106,27753.12948478786,22474.703382055344,30033.598804676447,31710.656329674912,23792.902782935034,22359.69920814996,23738.276343929476,29548.925555791204,24448.11360695967,21295.874711443663,10688.447111700303,8299.849214826825,4511.388604050132,6946.907571935927,7455.863306186538,3033.5862104403186,11616.624833048834,14457.606625289836,848.4513056598258,16822.697683071405,18155.189864732863,20969.45194768717,19223.56697964051,24115.186939965377,24791.990417341483,27279.75314389508,28306.988035402224,28749.587305904133,23639.1490271611,23720.395832053913,28619.130024935206,29316.132570857684,28700.981190764913,24042.15952149544,30972.653161484366,24568.206632211433,30650.883146800006,28687.246845340793,24053.160746173708,31026.005870293517,26552.480689911998,16181.691838641358,10998.305153592026,8485.722403939817,2905.1381008752755,4974.972926155016,15241.533869277613,3419.7949760566325,15548.915279103638,21462.065160223963,1193.7177576560146,22941.162996450086,24952.861068744645,27609.520258517503,29290.291127507895,21122.673361057692,25269.39459779651,28200.820587045793,26028.15755119905,23526.13165495337,35577.571543921484,37720.357052282416,28748.284402007357,33563.4160879769,32572.642823433536,24149.79528831513,24635.95015737356,24424.285770929975,24495.95372246475,30036.88330038684,32413.769336740228,23896.043721969512
52996.208003384454,27326.09954844577,42113.309932627686,19505.286963375573,38794.58718919132,13186.058401367247,29604.88697392175,7301.987764246731,28510.8999365584,3730.9938762012557,25642.874237400287,3105.6702084667313,50111.468249854704,40658.38094026932,991.7564740532533,31522.49830428906,28297.4151961897,32533.859603365796,32622.308692862367,35311.77212794666,68525.41490507545,50816.909333391326,35264.698766625195,39633.333362720165,36067.48135087803,40350.00112731408,34299.293948403836,31015.277084334208,37398.97907202835,33943.724883876064,29950.356798965226,28279.015727294936,33139.649557884666,16292.691544436575,12808.890412115345,8344.323736645261,3458.389338598238,3242.5397315458536,2541.1743888254314,20482.507399645972,16973.38923107334,676.8711479265826,22269.705921200108,22064.50432590288,26218.535809769954,21794.420951793218,23808.35056359814,28594.19315240557,29465.497805786425,29583.905759653877,29452.32715007726,28138.090492311083,30788.290388069538,24038.433194307127,28952.16665091184,24544.085681307122,30742.801283449873,46248.04501610645,38658.98550066218,29302.07300043535,26681.534423340647,25007.525137820165,33121.354215830885,24834.95703741715,20562.71582276547,12917.595734107614,7152.438451079701,3911.8659609973215,2080.719352466161,16453.00189035642,14171.336062246495,18397.88740133341,877.9874385320549,21811.741763886534,19022.702028425287,20791.655057970416,26187.798809073203,29285.800246881965,29094.22350631573,23481.003374068798,29235.62558517964,36887.45295186922,50191.48313144583,33239.531620366055,28727.726326524098,36032.284976290546,32159.251995298968,31614.34091892321,26627.00261548377,28657.47655794432,35904.49884418631,32777.62509530849,35905.31852779171,24878.643127302963,15417.635884702131,10759.513617928735,6500.598109780812,4830.0638805536355,7469.846241083047,9994.188298626781,2513.0244774848634,10510.258136513228,22216.354826560924,668.2926004390714,31294.52833806809,29668.978152138716,27898.161066815614,34140.24492699749,32673.0696897264,29943.516948554967,32512.737196529248,31495.897203742148,45255.919716036085,35478.2859494105,29541.671589621717,33040.361739663225,32556.97450857464,25358.715902343007,31786.45518320318,34516.2696382593,39650.58395143342,27211.569483304334,32864.27257250363,27055.14078246659,16897.910480181145,10499.636739935107,8547.29861755838,3915.4193338889586,3573.116129084842,19574.359209769802,3567.358498729793,16353.302744596234,21395.23262862756,811.1189578423188,24918.737478712963,26612.566272328808,27321.320797120756,30203.647461778524,29851.943207636472,24075.82412998456,23749.08261302911,33209.4839597743,30254.687205364415,28661.55662897852,26576.691433236065,34107.73842726229,32318.81848231916,25300.5175114316,25643.612009236458,28371.85974595317,24828.78751131113,30130.170147834615,24582.244214095706,32132.077170420802,23430.678924286585,15938.72630495125,13322.294961770787,8436.95656033096,5273.895366597658,3266.5686783979586,5222.546817472531,2886.926603322091,6180.85617020473,10090.874772367248,1140.1840382788507,11311.658766353581,11351.401829025557,16396.482997937266,15995.238998485764,22048.899169683762,18834.98145740305,21332.179465309582,37948.699254600164,43552.73366336918,37169.28100881439,38205.01367530593,27983.115019303586,27853.543193943817,26338.215757919264,30462.303090417725,33474.164763392255,25539.120840898788,30356.09863364373,26401.58940922851,25480.778536266007,29307.246853625045,21011.22230412731,12560.156734707356,7634.185017237262,4647.635347521406,3440.0890305190924,2135.058117399226,4556.446556733276,6335.820933387332,1331.5784023599524,10370.471082969556,12349.781321624616,12277.106004697926,13920.104628991367,17873.57415230233,23270.715719862466,19980.728705035755,21150.165514446417,23200.703483391877,27953.933053639223,29774.37136209734,24570.705335713094,29248.301418563497,39295.474073735,46369.95026407258,47562.50168836657,38714.548464789244,39612.49361530434,37513.756189942775,31679.410739304043,28375.588833395945,26038.96235883329,15022.614833182788,13188.148413491437,6717.571386037125,3727.613043891637,4666.897463482011,12543.051429466668,3180.044980530743,13890.155737833213,13632.751973680024,708.7650910064998,18531.07292900501,16695.385527054346,25907.780294142147,37826.981697237185,34029.75415760835,27431.32233237143,31679.821949266916,29799.446200846593,30865.913457234645,27238.769800232043,30470.788128598764,32160.94427789011,30912.29037395199,32478.875016767695,23915.582778798456,30524.67756793461,24798.89989932767,26779.03999981,23995.4259154525,28898.687723057727,28801.874638106918,25478.52001084462,15419.892107980893,7613.414035134667,4473.735839846736,2224.969542732413,8628.533747763013,8333.685518459044,1249.7545482073622,12945.417852508579,15168.55392948968,14507.215937687519,15361.928945796444,17679.519848793247,19926.138807406758,25985.852389098796,23329.99183332416,28959.007577356515,23733.259864855154,23947.705438519282,29155.92724456785,31994.46884226815,28792.79327087799,30059.573827357355,29352.411736069433,30140.539980266916,24692.323367605703,28767.32482247536,22663.46566806032,30222.188386118916,24303.941361715722,30137.297713729105,24737.843362675863,18599.995441344083,13335.796847116133,6845.189866216915,5631.325427709677,10446.406969581505,2661.6625286635467,9129.743433618363,13862.027099618346,746.1102734270198,13338.822270502224,15323.945339807371,17034.608191826053,24119.630009733013,20211.157340168756,25699.566555725796,28102.813428697093,23025.136079499967,23517.13660772136,30049.62044334704,23144.045497858064,24257.97771393263,23775.599070119395,30741.92246451842,25529.536376644155,29632.329322867005,28200.968942483538,25553.992065559694,26770.81831984674,23871.429207855243,29508.99477263302,25486.061340841483,27799.901564072057,19119.45797538195,10193.136682402755,8302.374147033683,3865.70953401803,4160.0596711002145,1762.673992298838,20878.749334233093,19198.198320718526,1207.9081061138802,20408.370460626877,20831.84491565999,20046.001233111074,21282.880469206048,30319.460390933116,23892.792441190944,23827.661527922108,29281.273934751465,30734.10814965233,28722.334380903285,29986.232501076254,25106.106662490653,24123.851112134784,24641.52641529343,26771.551102399662,24105.980154156474,30583.630450993962,31627.129268567835,24278.138708211856,25543.595049426367,32016.7613283301,24064.361596242325,22015.37586308762,15082.723481528674,8614.36469513427,4568.968180286602,2272.4899045322086,7079.103218999817,11086.709236599942,13321.17169472493,728.9519056794234,12439.749030144107,13540.472741068454,19965.992252578828,23360.95589844453,21721.67001669993,26431.101684327034,23765.847612516318,23247.261765179286,24068.36486929858,24107.6656312773,23098.67481665831,24859.808793739172,29166.63320043987,30357.06162836055,35326.78964760762,30388.52645865815,36503.29513549092,27207.467142931207,38276.50367401681,49673.480738110244,37138.3392984778,27110.60673520969,19831.080264387077,10702.09892163868,7042.7309105302265,2914.094741453522,3666.7707021057936,20089.821153291803,2774.9121608081446,20238.479636592983,21049.090278323,26353.832488959357,20047.651802011103,911.9131132535189,23252.828681649356,25460.163798712176,29933.11304300887,24191.750230129066,24002.381537240843,28407.465916358055,22638.394764496516,30910.398440535457,24055.738577182234,23644.15825312629,30628.508323450387,31100.180087754175,29745.659337799614,24346.963826371382,29732.666926134614,29115.483323666645,25265.720944580924,31006.914935030163,31586.823345712844,27744.430921081002,15280.655908903804,7463.8417531635905,3696.267093089567,3677.189330272428,3484.7281922021957,15265.679076300656,19493.270699138473,771.8036220988123,21778.77153633336,33810.63620886519,27559.210464842196,27443.68967483804,30321.18967578838,25149.217788057656,23986.19046363344,23847.872317341047,24699.607457384467,30954.443363361373,30941.721216944978,26221.606218903755,29688.48799100578,31041.931306108665,28859.377623601948,24561.39590490401,30952.83958834362,29778.307018242856,29400.36476422235,25446.530647119056,30894.209859068374,29110.091692124297,19933.896452524703,10618.26144636218,8078.435163632915,4914.441167053474,3592.174372807278,2751.721438329086,19165.139935306142,19179.65777695583,908.0346562688703,17388.453313036774,24816.951994661486,21423.641303037744,49822.931302292855,39254.83165860297,34399.94202981077,38007.02281332704,25488.428227785233,26907.219108939727,28163.25912777733,27189.449398925986,25550.76190110012,32078.183406289874,31491.512836051064,31697.400920193293,24751.064138221154,24164.638970268443,25168.657970556356,24676.374309799638,29275.382960559826,23498.819069420595,21563.638061332458,16682.56322313093,9224.034888479831,4245.4679560469085,1893.8039906576666,13887.364199946158,14599.200885397498,1154.9744370902492,19913.157322600073,22027.45657137015,22764.70574164679,22433.54751882174,26702.60558804084,27070.226396421072,27905.136754032792,29180.926904262127,25965.579424475178,29274.50901273913,24975.7551390833,23839.487994620074,28433.90167188478,23493.602047319688,29076.155264649336,31568.847367562666,23916.65547931288,30856.768515332184,29927.609932922434,23558.70948734548,25288.878426913758,26625.31332799526,23563.152032210124,28830.32892887091,12791.041280464487,9038.1812768058,5527.258710913182,7386.2966561209605,8756.683069670094,3059.4438487924863,13080.19362618149,15316.883076751294,1123.3641722488437,14919.779467741642,15801.893711224966,18469.11689105156,25489.797477004886,21912.194032641124,22019.30466663089,29804.57523683253,23024.881319623226,24913.266881433978,27088.44150429578,30323.478066912154,23643.192314618536,29441.78853821672,29970.22730355789,23827.254796881953,30321.14450275219,24100.048663963913,27111.222239519277,24499.6293773211,23581.036456459082,24711.887711804542,24223.647196150825,15761.286355094335,10273.822321381227,6756.434817304494,4840.573465937774,9332.965574460279,2659.750070669046,10645.209118486337,13194.289940912247,964.467483814373,15584.474405045536,18256.756587498214,16439.457887868397,18787.768096487685,25134.975716714227,26866.369842814056,26851.20040979444,23426.266392791153,28028.240504339,24239.710139401817,26157.89123971757,23136.291561126174,31099.510847365815,25802.319509966026,25197.75313827398,23914.353978745163,30592.958717512047,29904.697505657798,25664.05391902215,23787.029639966713,30412.924809500197,23679.223671987573,24565.00790694739,19554.587340724618,10638.838253057862,6357.180269526768,4913.280101502918,3294.8262372722074,4296.768206996242,3039.629969588643,7164.979408710507,9722.589248601078,991.7963064061162,12321.656255817434,12175.676672103327,14365.584942974918,17867.608242957453,22505.237801039308,18608.880489943575,25225.68270633286,22205.00377879171,22732.860918449172,30305.937529218478,23019.014712385717,29170.27689027695,29537.937657757328,30000.769333080883,29417.252985489282,29914.421961638294,30007.479657689095,23190.966813817162,31109.816511276316,24824.680026690938,25073.62497003691,30561.013030627717,27873.67194042216,12260.295119466877,7090.266719633986,4132.490765379273,3197.029199537251,3598.010909673094,17036.960585693152,1056.713467742512,17020.774461186935,18199.21241994149,39981.7299545919,45353.821154120706,36987.26385649755,28574.907929775414,27077.02036674595,26454.648677094337,29226.033502298003,24775.122235958337,25409.160790222002,24630.12113918018,25998.48924223922,25189.508613346254,24835.80776267396,25093.852562044332,22797.305904793036,30422.517782587267,24781.56154950462,26603.721774539583,24465.088746440157,30781.56870795671,28939.151189294706,16067.273837539815,10251.398212682247,4230.588837917893,3486.9614465779023,2017.4823693687906,5593.5177133850475,7571.633152058236,885.1301591921277,9958.222251501313,12885.190626349271,12261.241635630719,17464.31830868891,15819.952160907294,22686.389999308733,20067.429511356004,25567.17387871811,22727.789068358685,24695.85086928922,28711.78334384529,23933.737447159747,23569.050908290676,30001.0340860626,29763.832641129073,23788.56550583232,30162.55887426528,24667.338289067062,23565.38331027064,24402.012860852297,29062.00685085372,28687.00254914109,28581.297283477736,21622.792957636015,15732.534233057208,7441.092417703357,5386.37398773838,2683.713093630687,3476.735388949549,6077.429278577418,914.4951172595522,6485.220860534802,8473.657403206622,10849.365498993058,12370.734705392138,18806.965034329965,16571.551804444873,22526.883014532046,20168.650444415893,21728.4158776654,27337.26914452324,22470.217675491473,29249.200885223352,31828.629542284714,29307.555429905835,29239.660334376404,22633.591231035924,25265.85887684953,34229.968266962205,56665.41160110256,43873.211947165524,53844.40259167488,46399.403260891035,37978.46604423153,19153.90934509865,11268.221766342462,6788.877662979083,5032.966538138533,7690.184867614893,11207.608395255827,2748.4999110957106,13195.631545235625,16429.1816974934,692.5441523284433,18224.470604058566,17286.462652108345,18835.7359772513,20842.213782698895,22229.229180045113,28000.537131661633,23117.325253930536,28623.264556582406,30819.678368194953,23571.753923172764,24840.250587690978,29095.68750232697,29516.40212133305,29325.337717323466,28128.908624703596,27504.864243828466,23710.205028636778,23559.226200578934,31063.36644731763,30220.144892789274,23973.87716593208,29680.86554391904,20072.068061957645,12912.952925821292,7044.490579116975,5046.870592326286,3832.787903603016,3146.327855636273,20762.16907079252,15895.317371020259,792.6629878292177,26866.091682474467,31085.64650036904,24731.831222624412,30898.640172709187,24077.484565586074,30705.509109642706,26188.256022285652,25376.682338635128,24051.184339952535,24756.292259064885,24563.19375002189,29476.768936853634,24180.16512791062,27527.808651029296,34956.290511134444,41556.21874353038,35017.740013318326,33361.90891825577,46171.412035383444,42300.81214948757,35556.81069266252,17404.29929360077,16609.076036359416,8773.270439758695,3896.6047100553847,5386.006354369175,2590.65263011825,19712.838071941598,19941.030893499104,793.451905604376,17712.27544139923,24284.606066464108,25107.00863166281,21932.472509295025,40057.558741430636,37184.82261262113,27600.624750596435,33048.32789312283,31063.096077943992,30600.72355266228,43700.773736901225,40888.970196668735,36643.236247230445,25082.640586897018,26709.04610291413,31908.75638654544,30359.685553404433,30309.38957212914,28071.228027004014,30878.450143693168,24396.131035260238,29440.118398357343,15611.86048311439,9399.994304206555,5500.382094665834,2661.1746212428993,7529.699410537456,10731.23162826387,1122.303985851893,13234.679091208009,15445.79016109224,31666.84455556755,24361.270815055886,23007.658605420802,22612.605474876076,31151.06626996312,25268.71377314624,29059.994197266355,23855.69525697434,24135.718735718514,24093.924840069656,24348.432260883736,30536.400478203388,29509.15216851339,30671.585209075314,29681.078151771562,30669.161314477446,25107.653079037067,29281.480404370624,23143.632632156805,23849.990405665016,30596.032374247818,28410.532426536738,15218.41473469425,8935.171267858324,4399.530411583104,3640.5075442773446,5808.430092142702,2961.6377889299292,6474.108376647367,10716.651012548236,1104.1669588636116,13143.134043962951,12516.259787332112,14063.56141222594,17385.8073727525,33764.36939985987,25567.442440483275,26831.99028098158,25533.56888434233,29123.553981651934,25426.449143166214,24851.296172853312,31235.298206787542,33078.487821116614,29424.243313658124,25641.508085555426,23214.32256461301,30917.04506956415,23992.551016074976,23403.336252644975,30422.4201268057,30529.994699721705,34108.06412928518,20896.91607408121,9926.016088258326,8518.24601262264,4816.487053354258,7378.716905304983,8562.302888443472,3255.821134060481,10564.25756086372,12654.382515903739,653.5043665827283,14781.059694195548,15420.0354505044,18419.58849185646,20425.202766720395,24305.388622974493,26741.63821008027,24109.86095215105,23470.08308377009,26679.626517690635,30130.62145924828,28771.996594323708,23229.94965203234,24216.66431046397,28255.294324976374,22783.850494028156,30516.67228582064,32286.031567223345,24160.309263084346,22670.200702699454,24125.071727906285,30012.641161990403,24825.569081175203,19966.53491632881,10511.849248858878,8262.360208013724,4447.053551021233,7209.578580636145,8152.654300987018,2543.0709513410766,12800.680357042174,15914.724907288113,639.3617937793056,18183.281112568715,19402.754930384268,22338.037659170055,20486.65228045053,25615.49173679899,26099.038679971687,28598.053225825235,29046.26797854512,29453.810947350386,24030.068237884378,24115.884825554665,29045.916007398486,29753.651878779154,29091.985071856234,24350.551662854148,31443.503674717573,24921.70511289824,31104.605329291153,29072.13591227234,24426.81103431911,31526.541130826805,23306.344233766336,15248.819973573676,10868.375629360817,8452.983809502892,3128.518919904595,4942.411905745478,14983.842139184668,2879.3311562710273,16175.567746297167,22796.40817951173,920.9661626244704,24385.392489943435,26494.61192272291,29138.56614174555,30266.899629669486,21669.608274662965,25951.638903359595,28871.861816321536,26436.94658974681,23910.387065812352,34510.597886267606,38424.326035419916,28956.775738933768,33719.620761975086,32812.180139651595,24299.65743831597,24839.426772407154,24668.449925894474,24756.79235355278,30440.328214157053,32880.86627998441,24189.827242981242
55873.31400229269,24080.230053131196,37182.33343538076,17948.01165395205,39978.03554340904,12426.241230554344,29716.764927976794,6906.309334969534,28648.68078996786,3501.7142825140395,25710.991568527228,2594.629273959211,49406.04319377499,41354.284056439916,767.1549392119039,31657.901665757516,28454.576786526708,32639.882007417866,32655.19799410047,34664.07427855985,72245.58451208728,44866.48881878456,36291.09612985132,39809.23689722859,36259.37362394823,38482.02302949421,34961.35061661691,31107.907591317686,35524.265876728336,34596.14777514154,30016.43826505293,28429.54864366398,30913.62512970637,14989.680185561181,12065.778488604827,7888.404726126928,3237.8101260027247,3473.3987030944754,2122.5825567420593,20411.18272394066,17442.01174809213,519.0860320977648,23268.308245155742,23065.70623910454,26849.78651381631,22059.02524505115,24011.53550186332,28596.600018984285,29478.220302732916,29629.153024196887,29470.9698351952,28111.611186958944,30794.43154719836,24024.734653244974,28889.93165297465,24525.30242660784,30711.99894886353,45162.59398004511,39318.373896593854,29410.97930934933,26685.57021383806,25026.070768505513,33173.58487177746,24861.172846116704,18705.613078872248,12127.371611862962,6757.314045849404,3680.002345033387,1912.112847599322,16273.552370940959,14665.851837230288,19249.23753061714,674.3194962642344,22859.8187211806,19883.523993912768,21623.404690892075,26639.95326884213,29621.73979125904,29168.197028232044,23490.705069358715,29246.047994573855,35441.22022132587,52162.20134768767,33384.08054141138,28864.595689881724,36218.20654635424,32279.951159763717,31628.428966797903,26647.031523341146,28643.466335707126,35153.07184594788,33396.833096980656,36119.2710628156,21914.001700955625,14181.434587051352,10144.948774460538,6138.166774797367,4544.435636802049,7687.407403597397,10632.394889768908,2092.5697747864087,11267.098660786633,21866.475497859275,498.2506809569146,30328.675479120386,29974.65518610663,27963.313434516927,34211.06446139783,32643.374897365695,29927.07378509077,32542.537968290813,31489.525952351643,44266.513737122106,36122.43237918993,29649.336250195112,33032.15627909745,32619.694982298097,25325.6152553558,31799.242305291853,33864.46258680531,40369.53726175394,27357.903190102596,32975.78331215065,27096.993019125846,15131.757577924922,9822.827391942961,8067.9998590312425,3675.615667223254,3863.3650583436624,19239.353658129403,2923.041600341509,16808.547787901334,22334.264631765578,622.3993100775526,26063.315769949768,27247.876817316832,27634.27646510917,30471.183407328,29882.701071481097,24100.438951782216,23773.579549119735,32398.006580488694,30748.049293581564,28768.19861098047,26562.499064527557,34192.82273622754,32285.78918842894,25308.195753585554,25633.913666084845,28354.790686897646,24797.05257623616,30068.44707650915,24543.584506808205,32114.67618893878,23368.721392849835,14547.680246198108,12535.15060045492,7976.570886587513,4974.028988047841,3500.2022522672346,5813.375284865283,2415.783990066488,6865.125123880201,11073.443739051978,871.6922611234212,12193.06186054605,12114.354424245057,17271.789609281983,16807.569571919776,23104.491119920956,19680.805289439377,22156.691235802242,36775.61531675724,40546.74709839929,37933.755200721105,38291.999401485846,28126.81585621456,27962.91775386412,26367.32133478355,30472.095078780967,33516.46428177936,25544.097488232466,30318.130484146164,26355.306040647443,25464.01355881271,29233.41658066179,19579.25002887754,11394.22865838321,7129.862428320086,4355.881409294822,3646.4552699156043,1967.439017133437,5035.348832786999,6975.334289164595,1075.5140405523823,11296.733801389073,13285.259277496307,13012.155633987424,14603.984358478621,18743.384808432435,24389.59241975988,20813.576742930487,21565.210880098384,23471.011755224965,28002.473024014897,29810.934869483688,24610.87509567198,29284.277616015715,37755.414445430295,48093.120462095816,43232.961819980126,40053.629991470014,35008.558154754835,38700.328520851835,31810.693220431425,28514.98271472345,24034.644612896598,13850.050254419237,12445.485352020942,6353.621314062134,3500.0480003745156,4876.497410519708,12891.472507900364,2655.1435591037357,14643.154927526008,14348.524161405481,544.3228548547747,19411.72555140239,17460.297859163074,27126.099247348055,36551.96211227488,34286.37799777158,27529.455926703027,31702.669236507918,29829.749957924814,30844.983558802538,27264.29980613075,30440.692540059325,32135.544178706732,30865.067573638113,32468.356437982413,23867.610980822683,30490.90901974514,24788.536207564306,26760.035822579295,23969.874074932402,28850.33990369328,28754.70741463214,23750.9562206687,13986.552782839675,7112.33320726106,4188.459931882789,2056.992365640747,8915.536061857103,8920.627529145255,1005.4843656532203,13924.43506467342,16131.000609482686,15314.90823326066,16102.64705351561,18511.127459704152,20834.749047014782,26585.66208036741,23654.275564815518,29172.43555735335,23758.233413151444,23972.824720108616,29172.35915403544,32092.224929654916,28795.538230465914,30086.3869848938,29362.596412699288,30152.406119009956,24708.25826461758,28766.93697839604,22619.58707384686,30212.09930790868,24298.29180225393,30101.21858976461,24724.378387576588,17024.35106525308,12572.922596616205,6473.3182471668415,4946.815067516962,10646.76807336679,2386.0187062339874,9687.600430606022,14818.878434866203,586.4212056513192,14117.269343225918,16118.081377605156,17856.174696748752,25239.265920544145,21041.961602983087,26187.43362787735,28417.20185492099,23089.10293435953,23542.937871067716,30083.50172817683,23165.762150012906,24291.51110725524,23782.11428572339,30762.289338193757,25565.591276370033,29619.277827930906,28159.734962715112,25592.208577452424,26761.97341431133,23847.72241454936,29480.482008674764,25500.010334792445,27797.715289407333,17531.867900256715,9599.561014794066,7855.511531679623,3636.927376347807,4426.687017246661,1627.0921629539441,20768.61327719376,19690.261515871403,928.9888323486159,21314.93026723288,21667.49898546546,20388.824898597362,21461.797678150495,30409.507941809905,23918.07226878411,23865.18260357779,29343.849200349112,30779.575843508035,28716.02006686678,29998.350603813848,25142.711777819208,24117.13921452401,24645.670050196917,26767.848960862724,24098.345137281878,30579.7153640374,31640.269372337523,24275.311100595853,25502.88798157036,32059.31093828292,24060.683164565085,20514.968193436896,13670.262452372594,7580.140473584506,4141.5912888409375,2043.9957431400662,7259.479560009238,11846.458890269194,14286.999993434223,547.1194144169841,13177.851779985882,14198.383616294432,20948.381996857242,24483.953384976983,22663.15657079115,26984.124153724963,24027.334597924986,23329.857469022936,24110.771643404234,24134.97387002772,23108.92106148773,24909.283791604248,29165.003205833287,30359.29097324999,34473.38886522232,30891.241839049293,36645.45936948994,27207.470599426884,37723.854839236315,44827.62683436361,38349.821746345755,24662.294824013145,18166.21086938226,10073.374153728864,6661.426974794534,3136.603676823945,3433.2667424794085,19737.618283101696,2270.9858216622056,20786.160995943625,21960.042960933944,27594.32334613024,20457.64346212273,671.602521656654,23554.54463303868,25524.11348806379,29980.027761987832,24223.233563193717,24045.53016194081,28419.80985856666,22637.49012958508,30932.39806099922,24046.23984105321,23607.371695480608,30607.357700254543,31083.663429970624,29695.618783734764,24324.7212083998,29691.574057890222,29060.794134681753,25263.957084443293,30979.57309281899,31571.57398805648,25829.14802016135,13829.158907634575,6956.051994916218,3429.792876093053,3982.031094971167,2845.838975263814,15007.024722639344,20028.63559536046,579.6547749348839,22751.474294720385,32718.703475018636,27804.837212366332,27558.481429539945,30256.4442339088,25160.610142747075,23958.680633145028,23825.584660326258,24695.31865434556,30950.285951614198,30933.03463242342,26222.13518987589,29640.007182669193,31002.051673977763,28780.015290870724,24525.655071260066,30912.882783427904,29711.081793854453,29332.863574770447,25427.922808552546,30847.05612377268,29056.42175862531,18199.832651158868,9989.108600382682,7627.822279865351,4629.132259265301,3892.5456584333197,2304.7581576597004,18833.142580418535,19686.44499615584,705.8191208600372,18155.406406578502,25938.830625727638,21877.829342089717,45462.21921126927,40721.45829690634,34528.11010418381,38231.57187625287,25548.428359290105,26950.102026376124,28197.506378585073,27208.660484721244,25553.702488565865,32087.398171634908,31481.534025034707,31664.206657871528,24714.107639791346,24118.692216233616,25149.859663474814,24646.525132460145,29210.824447129624,23456.84870851004,20104.681515718366,15131.261242201439,8585.959451850742,3966.2941278586663,1737.7651623888246,13630.816147875115,15055.997613056565,884.3577751079422,20809.664011685767,23067.510648308613,23761.6805495626,23356.292148573437,27119.49378290951,27294.06030267017,27960.497681719407,29200.0159439271,25984.254328749994,29286.765110366912,25007.78179506743,23832.092638148835,28381.21624944598,23470.03786278031,29040.30377110755,31560.653398303515,23874.73188109866,30822.935642170407,29878.957698349215,23514.537125328206,25282.066293506698,26601.09401272316,23513.75680314085,24445.64338589947,11558.708444838729,8409.524289829902,5171.3562941464525,7588.810931423095,9348.210799555169,2550.047687468038,14013.483635119095,16209.129785188956,874.8525689211364,15691.578930466438,16545.086715362006,19363.408616891607,26603.662051383377,22361.067060003697,22241.326427925367,29921.51490619142,23042.79508507359,24957.75117209769,27127.96140322178,30359.522728527794,23658.626453744277,29452.35704491751,29985.377176675436,23824.86150603261,30307.071115115454,24079.717362623294,27099.53385439596,24482.74894215635,23544.876482470983,24705.50156339824,24202.18814588748,14445.594210400863,9669.57407939211,6393.166363970955,4550.33757022409,9577.943522219066,2222.8923774461,11335.017781729737,14130.988038148393,742.6042478594428,16481.74121170869,19169.020957938596,17214.910897463164,19689.582337508786,26141.490011010843,27360.579506350485,27078.714448630955,23483.825990727964,28022.746354881496,24264.450465357768,26184.10896558334,23119.750088459357,31112.85438063184,25781.84740742544,25204.01554672104,23901.85104256328,30579.301192996205,29879.040348842034,25650.899367897957,23760.180502420593,30393.181467908114,23647.492404880642,24549.856453051412,17897.671276528807,10018.127776078622,6000.587875169732,4629.771206716339,3522.784879798657,4781.18719913877,2540.2658675418543,7924.351037215237,10603.039598057558,765.4423827366728,13302.309837615503,12981.625461574029,15174.474972083097,18777.509274449163,23587.883018487842,19434.36721533044,25911.421712594303,22535.618765729352,22907.82340612615,30351.350063641927,23020.649299078475,29207.491927636653,29573.1392525444,30017.2565955068,29405.670364444173,29892.267331189712,29977.769279160362,23146.35313715189,31094.351826504706,24804.421566308993,25035.81896955112,30528.71627716112,25981.686438887158,11099.46109527914,6605.114609926303,3861.3823200330953,3412.499000190641,3004.7690549926792,16980.593075015135,817.1459381896778,17477.108871287273,18988.468674626656,36226.59995224407,46790.32171907707,37095.52987948906,28728.093806016965,27167.713135262195,26484.99141108577,29215.139768247158,24769.48680221593,25418.563820558942,24615.36462782048,25960.088989143183,25165.33362749536,24802.169486351748,25065.64614429554,22724.9708669945,30369.49594878232,24750.562851107185,26612.825104623837,24446.439298571036,30730.561909260152,27052.748218857007,14553.19897649288,9578.947987224667,3941.3554344747085,3718.229785700537,1859.6335839998155,6210.008141625888,8356.173218455022,708.4183876144177,10858.264557879565,13933.368577020698,13061.196891833797,18404.857076443266,16591.516474332246,23763.541617737268,20994.281566237198,26152.43925656924,23016.174407187304,24896.880281247337,28720.426002229284,23953.48166526692,23591.956158886776,30024.49242259238,29770.744475537504,23785.447882168195,30147.528109241248,24659.130287390606,23529.116390770643,24385.905673882113,29010.943290096468,28626.299779783287,28567.19610356934,20161.106219998048,14258.726978500299,6940.850412689539,5037.921062687645,2479.1677315154484,3657.097343661989,6701.125595580074,731.6252412053153,7111.235561430989,9195.670987980853,11682.732297920036,13075.884827320595,19782.27843713806,17364.103657117477,23590.035396622567,21021.599331211703,22160.404902188315,27589.445883246113,22509.888334786978,29269.691258479143,31910.617017809927,29320.333597051453,29251.869538257168,22626.581832234282,25292.452095471446,33414.14542243113,50081.404313694664,45118.90027247701,47557.26914132235,47807.18297799638,38111.34738646569,16953.01587423865,10385.664996593265,6375.993707615407,4721.806901027025,7853.310353265492,11912.914849527895,2290.3520573625165,14091.161878366242,17407.487546009477,527.9368596419974,19146.91200008869,18117.673863819426,19723.220499221774,21661.84667707156,22633.77618119581,28267.218204027125,23177.21933189802,28640.629015372848,30866.24200617075,23603.36928576627,24893.74336089288,29102.39819695893,29529.017919050264,29328.61480994137,28092.88596819478,27491.351243451674,23674.931006769137,23525.992333247115,31036.87905939601,30173.845122415223,23931.718004509577,29626.16481632519,18362.15505279366,12145.837585221447,6671.068663976598,4743.399867324228,4128.103999068214,2621.1946625644164,20391.14776832314,16320.121011088482,592.7398736365441,25754.04568574818,31264.739719158653,24732.118222895795,30929.260710107425,24049.71956829947,30692.713710096836,26217.539304328602,25379.97971660691,24018.838862118355,24721.324984938627,24524.166296195806,29449.56308411977,24131.16814051094,27504.724832430566,34150.65566360013,42315.82183112911,35126.54645558654,33366.65374439282,45502.45790351313,43042.1917066788,35661.66018141954,15466.979698965157,13966.10928783252,7995.397381853183,4203.796121686784,4976.249026811884,2369.6388579304185,19363.66564041594,20495.183971890634,629.3571728108087,18519.353234528833,25380.704470997243,25732.64409118057,22232.196489723767,38838.523346851536,37698.314306127,27717.06670676489,33085.847110512455,31082.76429217968,30617.61606416117,42873.26254987952,41648.16190438886,36765.24558326774,25107.057884933824,26754.294006296615,31946.386338634617,30367.53915702089,30316.4953823399,28109.88827720527,30892.60259005597,24369.07691168499,27540.72132956705,14130.465013498808,8771.584238339334,5146.307935439301,2454.958585168061,7722.187555576008,11423.790693351775,897.0495367421038,14165.922460542855,16329.58491204393,30426.083020214428,24360.208121482327,22987.306136145464,22586.254571189158,31182.25559942749,25286.954738153065,29019.816047349774,23838.268018242215,24115.68632734038,24070.62576394798,24326.261153187792,30505.76531539788,29457.039386990673,30646.898611983863,29632.97686292847,30640.405647475818,25096.00569214105,29219.43376737528,23095.233969854973,23830.08933667463,30565.06511856526,26508.86036045367,13773.512244831529,8329.846773746465,4119.577802235055,3835.649465079476,6395.221839894833,2472.5683970950076,7106.6210707011805,11650.168506204647,854.3483739839876,14139.468320581811,13243.107227240269,14757.324518835854,18226.303393047656,32459.95311357884,25718.25584711227,26860.59827691239,25560.67681542803,29108.399279479632,25400.243012251376,24820.80396797325,31194.818589661525,33079.43475498342,29423.970149078803,25621.03821563187,23154.74805610566,30902.816310325965,23966.525079091192,23362.084321636834,30398.656559381438,30500.915097845762,29320.494477519973,19150.129071518386,9317.346020820603,8064.4677375784,4523.325720217724,7582.910969420167,9132.160848667485,2714.8795194081617,11332.760343396814,13422.926749808857,497.76562106722884,15553.083942120496,16153.852691093907,19311.084509785833,21384.239661777607,24859.955256520338,27040.063352943365,24335.555462832945,23491.285418649357,26722.658676765048,30169.94575457239,28790.540372808762,23248.485928020466,24240.814083601246,28303.151766989373,22750.271864101887,30518.00358738197,32344.599406383117,24154.56463989831,22633.747248682645,24130.254087265108,30012.499526979158,24820.1719082477,18286.483933397078,9891.925563918478,7805.463803856674,4168.630271362699,7464.1714879176025,8730.818276707596,2123.06851163543,13765.672607659397,16971.68951356886,487.56944037733905,19194.868722498635,20344.5777790793,23401.675283762732,21440.939287191548,26197.491641313896,26392.74660534256,28812.65938507533,29054.715988191976,29474.98751293164,24055.263504957198,24126.95802548958,29025.98759254676,29732.882163539383,29048.28340145928,24341.08799921133,31432.86356991771,24903.04325160732,31086.840394543757,29022.117708030368,24421.531752273524,31536.879684771186,20565.65429196406,14040.74008490462,10256.534098308317,7992.96792390757,3374.0405246437317,4653.039966091813,14952.640931673912,2414.853317550272,16600.48734020151,23825.183532793166,714.8565542465827,25455.895691537917,27048.734122414095,29490.804398684304,30379.611786204983,21654.858083494277,25976.714030322764,28886.836049574384,26452.476842908458,23916.22695225202,33686.218132228154,39069.34466958039,29062.71582743824,33714.53939976321,32871.96487842864,24252.20639072866,24843.293549807735,24683.492562465977,24766.074178150506,30416.97884607309,32884.19037513251,24162.54487471572
58826.46685579761,21252.23780521886,34046.79156819901,16287.122873961547,40863.98628232413,11428.221744197956,29888.39255292463,6350.907316673409,28659.746989345957,3197.4476175619106,25665.798345146883,2156.7186486387486,43727.197458971146,41852.959056667234,593.8748761847904,31836.31502622762,28479.846270572965,32594.438458589077,32617.314477053285,34202.84472306896,76064.08459329326,41069.48147457226,37055.49373750783,40054.94845516604,36289.85313029551,33881.04129621576,35447.59047659453,31249.828286638447,31308.580135615517,35073.249393882295,30130.57171806485,28450.23385742641,27938.57505581941,13596.252045518657,11092.488584438897,7250.644729283624,2951.9033736179026,3728.726275759049,1762.8995632022452,20096.817371122856,17774.878036409827,399.32652138156845,24013.480616733385,23321.576955238674,26749.482019275518,21848.825246020337,23809.13867551125,28306.472994398948,29205.09669231586,29484.442889117498,29308.813024500432,28513.54686871425,30616.77958562009,24390.749374616677,29251.096672643813,24900.007446114025,31162.721779797816,44377.10043333912,39755.34993055153,29395.448466942515,26580.976211171892,25003.372755680375,33145.147488960836,24195.766265908092,16822.59310036209,11127.126201353365,6208.595597609463,3363.3748513333326,1723.7371970164515,16545.16423298286,14992.033932479095,19889.896755839036,517.729148225444,23638.06872244822,20311.331073948284,21714.459043763447,26444.42748455361,29362.96108457304,28907.96131188318,23254.533075296407,28970.25590123478,34476.710486028,52255.65724088626,33591.5587246502,29040.830752022248,36233.42433997768,32246.664781695396,31579.096752537705,26592.03110822573,29116.04297436705,34593.87631503162,33817.79506748667,36171.049389412845,19334.84424552911,12865.949324020385,9332.2062304835,5639.32891982682,4154.507566784193,7900.562067842491,11162.005892845806,1734.9102684260567,11848.006237964442,21629.967291429573,373.5092737700747,29603.22484852299,30302.588054821186,27906.34561820271,34226.894698506985,33322.675624176,30591.1396766755,32455.39843451394,32012.518644280517,43543.31192410382,36555.78091105497,29633.564667334034,33646.00017051058,32631.67610488597,25832.838792942417,31731.83192564696,33356.926654859104,40853.57289685725,27383.158532247733,32939.01596164623,26406.54507925357,13435.878451862762,8991.400718055524,7406.776347630042,3354.868544787703,4181.455746686099,19190.01316605556,2386.2026250841914,17127.21399395267,23024.929546024698,478.06806097435486,26391.79957637022,27144.452233178974,27363.409858812178,30225.74004500802,29600.45324745408,23886.47077179185,23576.513999310137,31816.058695730782,31068.657183718627,28751.157657437598,27215.10793204763,34219.35470713353,32946.78792412411,25252.13003602703,26078.133573289993,28820.883085922273,25172.86324547158,30477.769138130887,24899.204673912183,32641.508797642702,22515.756928388033,13118.95908342022,11519.489672531809,7335.028028770764,4554.29842296316,3757.551848480658,6367.004951406135,2012.2749248222804,7457.085884802481,11893.504421412119,666.7562780652045,12898.491333125787,12637.32058273048,17894.368663731235,17421.16731106904,23886.391026543602,19999.898919189418,22213.075918050276,35849.88882983701,35758.276776348954,38499.56939392367,38449.047723247735,28144.50887502021,27940.391999330062,26346.711551254684,30410.136080141172,33384.31270695329,25424.14244830835,30774.789096773868,26715.705934969512,25864.45033291431,29586.76063015484,17616.335068560293,10202.668471153016,6498.271871144679,3968.179989963984,3874.459184020667,1772.2930925830626,5474.620427515288,7521.824625247964,867.1191362145994,12059.175721171345,14012.090962090713,13525.77083755078,15100.534318762215,19411.0145694577,25176.63043098804,20942.983167885002,21433.374101565703,23264.65673900799,27734.339628508864,29529.307968281697,24410.00830209177,29140.177034778324,36731.27026838353,48357.11168092499,40607.297655654984,41063.10558440573,32106.214377706856,39587.94341423664,32000.293778684034,28529.061333356254,21581.372486050102,12582.000392111831,11455.03047874249,5842.974547006736,3196.7298979679485,5117.298213907807,13185.214766537518,2205.7631600471,15181.714058332718,14861.67842945172,419.28743181278276,20071.656006998444,18022.35611597407,27581.904370645123,35548.9668583194,34574.24722526331,27496.232846413975,31666.14757332458,29781.26070159974,31354.44499033343,27147.261385132628,30919.562335298655,32641.55798262954,31298.77248646283,32997.46343721885,24172.302801112975,30935.536491918974,25174.996146935224,27161.868622864997,24313.64686273666,29231.82932684314,29141.034897850164,21369.912464050947,12521.377471029646,6482.576671668707,3813.163568975385,1855.9721197655294,9194.693985902766,9409.411547413834,808.6470823789457,14695.905493078062,16800.435018469107,15910.420150948814,16674.008309022935,19129.060312357215,21097.336022783373,26469.18500138209,23462.34937529753,28906.76563273172,23529.63347271358,23756.911841424993,28918.30997148625,31985.066265598885,28629.564334964314,29927.106461092393,29196.365878092955,29983.662091038597,24576.73684105536,29230.114618415635,22903.92069141776,30690.48620134236,24728.001530897316,30522.113039675507,23901.559854111805,15383.166784012114,11565.47758649092,5952.457141555247,4311.717352048627,10849.803582680037,2101.3142820324997,10149.042789245923,15523.794848821517,462.27124315756964,14685.075837797,16714.214630856623,18465.724467255568,25892.962764540975,21157.49619166963,26013.880886979285,28149.583194182713,22891.32973937211,23320.436639068455,29826.948140115946,23047.41167410989,24171.146367412726,23646.813318041477,30597.72593223356,25446.065892492963,30065.911676926105,28537.115697932237,25470.4360987042,27172.92500948017,24191.95552818492,29907.168232533702,25362.987538894227,26876.05474213461,15860.880671037963,8825.190240396176,7225.314206325324,3324.9629989213586,4720.41851469995,1470.0176140204442,20424.651079046922,20035.078538515096,714.216276010676,22016.2124485668,21771.432808448524,20233.87906191381,21231.0974575335,30178.171443529,23707.040194087676,23750.27866175561,29217.1258379872,30633.026578863704,29157.341367556695,29827.741414250297,25024.2418338521,24489.08820762163,24504.24312437738,27190.383200497992,24473.35672966868,31066.885656837036,31467.704189985914,24660.59104171215,25837.613399641312,31903.712319973718,24437.59182090332,18434.305041716292,12220.864118329644,6636.445821365026,3682.7583531499145,1808.186292989754,7440.181914690979,12478.79826616337,15031.731987948891,411.93722785759144,13699.79569140064,14680.014862929918,21703.767364114323,25314.460163019026,22831.29366134298,26836.053207885758,23791.8168086573,23133.303236919066,23892.238706172822,23924.903827323953,22913.311514361474,24808.128126621734,29618.492322504953,30181.00022694782,33858.7137417479,31220.65384604744,36630.06843310702,27177.24997713364,33824.85916241099,41870.65799459358,39260.59942566014,22005.71997670408,16438.943788305794,9257.240041724504,6125.196419615809,3381.466108390689,3131.0032507573005,19678.70882986333,1851.1174941673598,21167.872766055774,22629.344713549854,27939.12568860631,20336.825385762088,496.5934690464809,23354.59654360939,25287.49758079275,29699.080441267895,24017.184094517965,23931.377669025045,28258.420561107898,22996.51874934887,30764.99588706998,24418.512171400183,23926.84488961084,31074.119316015767,31564.43782779875,30090.49463974881,24685.190933688005,30102.463502992527,29439.484314403133,25681.253756487895,31437.44414176027,32065.600046953597,23199.58606882122,12352.55465711301,6324.373220976046,3103.783578628846,4316.773233579098,2313.3849117773234,14975.427936904425,20403.41549754947,438.0297538166291,23466.727405139554,31768.434609051365,27901.060706042543,27619.390374010047,30810.42795093655,25103.431514617947,24340.660471157444,24297.467945284305,25212.11725375125,31599.792830321196,31570.4895591779,26127.12608366909,30046.98105547357,31457.708548938077,29119.599281839353,24880.439104855508,31364.75087281365,30094.950884199414,29711.426750163624,25830.455054962364,31286.31773173854,28037.221727941993,16414.56922435685,9177.001585419015,7007.7770151414625,4234.199003341948,4219.525728828354,1920.3177032633255,18771.79136976737,20037.113541074945,548.676211259428,18717.506419566293,26217.05567556818,21763.574326056158,42925.19699781366,41835.45102740698,34725.38583893248,38282.51920615737,25499.862529769773,26945.528980066563,28172.701553778264,27158.202534924014,25430.273809680035,31937.416177285384,32014.76936913478,32143.105867332713,25065.784536009447,24439.965874711972,25537.935913711666,24999.66549405921,29576.116797043942,23769.21388226083,18089.373057554127,13541.930670341597,7807.187925456284,3604.862080034107,1561.7774803064344,13625.500159166391,15347.670336323727,677.3783599958335,21495.945188255297,23839.55881067229,24174.82724221436,23464.691756621145,26904.444602784482,26998.040881951732,27693.855122011486,28915.26789915765,25764.400131836795,29133.156850422452,24884.03523615207,24200.631360911313,28744.238332236233,23812.71735522558,29507.14991284773,32065.224571837618,24192.162853819136,31276.345923236644,30282.777561304025,23824.1706781343,25690.744306557102,26995.162704634335,23810.97005049287,20422.436633516234,10337.236155880284,7643.306227276192,4702.813899551134,7789.1484194385275,9841.11704321657,2115.8860734897576,14730.955057410947,16839.085225346753,680.606465108521,16259.224216872426,17116.905772201146,20013.98393292846,26811.816582918218,22237.351009238428,22016.057814994594,29678.158079418445,22816.098686115216,24748.992912806087,26919.283131794436,30210.29226379913,23529.926622464773,29285.11258094974,29819.73676015501,24204.158501209342,30773.342872436868,24434.91644379016,27522.01858653144,24851.00840513376,23862.54473665009,25099.296125784604,23377.296699743958,13063.886910465637,8886.536159223571,5880.307673493039,4158.358432939937,9820.187494611628,1848.559919612178,11907.618107051638,14828.388584493166,573.2126463386556,17116.40262073827,19839.839627026755,17815.41572626511,20286.924422625238,26267.50396076906,27179.307864665836,26787.169600664707,23273.4675811061,28188.7981266761,24063.997838849686,26062.44731195457,23456.387981379627,30939.873247889518,26159.395656660978,25061.882782102475,24265.101520177617,31052.50314701147,30316.068864803652,26045.136655267168,24097.15814517723,30854.706713729076,23975.196168353978,23734.7916791931,16170.117180044008,9208.474545678802,5511.726367389134,4235.451289479483,3774.23514885878,5232.409268196638,2112.57637560859,8578.613116008544,11330.640753748237,591.8443084546024,14075.506946519565,13542.002681594337,15770.08830374875,19483.11523419684,24396.52503893233,19694.284322468444,25862.761691245298,22353.04703790954,22691.754975895452,30074.675172606865,22801.992796493527,29051.874488341335,29423.19934486957,29851.53444288878,29858.765837540803,30338.22744940636,30413.668349048043,23445.04316021451,31583.639567086124,25176.831398814462,25380.62845896598,30974.565332191756,23360.8830614931,9919.248810472107,6006.614973216156,3508.663390281048,3650.69708478953,2495.7690234885613,16717.803242770344,632.5467934969535,17799.463114537684,19653.3517947126,32827.75647497878,47863.40234795442,37269.69618801667,28750.200175842903,27133.50131480825,26464.621543206315,29888.451841473747,25300.27612510112,25337.31591758017,25015.185780954176,26344.276204833204,25562.39609465506,25172.93140437168,25452.212857565795,22984.21348340719,30804.914389709338,25126.927185512974,26487.10976075401,24847.016157837486,31170.001823093542,24391.35734416374,13018.254968232295,8731.240763030186,3578.6283340550413,3973.1389818281473,1675.2278840913561,6782.44557347652,9031.778669678222,567.5044847492823,11602.147520001461,14758.738463818874,13617.882699090544,19096.315170751615,17185.72952678015,24564.400561966468,21231.277816925187,26035.7015905262,22807.837430093663,24678.94476687426,28429.99621097844,23735.048567390426,23404.035083319977,29878.51692323693,29599.124414647995,24163.78460037384,30608.09875966729,25046.30273882896,23845.72571944843,24758.106451418287,29390.577761834575,28989.038668978097,29077.72272083563,18141.503579360004,12756.868308451476,6319.588521471361,4582.765645296042,2235.589206455015,3860.657856504542,7268.544752611603,586.0593375539875,7642.621717563363,9786.973908758013,12300.901468093592,13580.314618494893,20505.8942236933,17979.94070313007,24317.775207162154,21164.734112985254,22031.653134593,27303.89565939433,22294.434696747798,28986.18041698324,31686.85026959513,29168.24457208532,29084.974984344724,22974.074813731717,25163.026111844898,32824.34905261416,44975.44763987434,46044.05975483787,43133.08686333104,48857.17334462511,37267.58658586434,14728.28404585173,9419.804712444582,5833.462332792466,4305.427334811832,8017.0085440020675,12495.382751702327,1899.5771931196384,14751.297396744489,18115.234439511078,404.48738233873263,19836.670448962428,18731.016012678723,20265.171829628798,21743.428419960128,22485.438261181473,27985.541764472433,22967.91056378578,28356.390484751806,30605.584693513,23486.017112956775,24786.41830353285,28935.17350179706,29362.560554401094,29157.201625433197,28480.704966552723,27967.22836125828,23995.14260505698,23911.398328879826,31499.07271371094,30591.02487155888,24254.161260224788,28587.720961418436,16584.21309411916,11159.04932843574,6138.897749015134,4335.268753012838,4452.421819013808,2174.933658535252,20298.000521242764,16617.75281531912,444.1873038690121,24838.75623667318,31282.44331137321,24666.88387447153,30873.354417933017,24432.29331504362,31327.874779325935,26150.676892847656,25255.00062915503,24380.344804959906,25080.585985836835,24871.70866246507,29903.954353625788,24449.05222370255,27929.37637454203,33564.185147622586,42825.84934329864,35092.13783480572,33235.37241112084,40728.4473673786,43572.860784377415,34837.52448923729,13644.330153011344,11921.777656529204,7163.8629097409785,4541.759221975758,4485.960526021255,2121.0264048169875,19279.338199184,20886.529252748245,500.3780121095569,19116.006409363756,25731.36164650189,25648.789414555522,22036.582808242973,37937.002942768544,38010.58228457314,27709.720147917935,33074.93375382502,31044.49509741622,30555.70504889495,42027.74439969144,42163.93237460918,36935.92361645922,25028.84177275377,26753.907808164735,31921.129722348458,30304.043074739646,30228.313129217207,27999.91280265438,30805.164711237907,24731.92049979025,24834.350942625402,12632.594492319698,7988.816375268147,4682.599245640133,2212.614174325914,7911.106758110973,11998.920866998391,718.1746407620751,14860.2045354863,16954.94080667572,28847.380219698374,24813.214140093394,23330.21050050186,22900.513084121725,31041.434553520456,25155.213211377286,29415.282032479518,24195.788971897076,24470.4282898626,24422.88531562129,24686.220857555094,30951.526989971415,29845.96745679104,31109.33522530047,30031.624093823604,31097.303848648473,25489.64044690314,29585.362176256633,23389.4630793552,24236.142713378165,31008.586379934146,23855.474275394223,12309.579854927297,7579.826832705654,3748.4376063117893,4055.07999173493,6931.413458668537,2054.2027148742923,7644.265356836834,12416.144969758714,661.7806791607012,14902.037677384562,13763.432014650109,15267.89932622255,18877.11380921392,31375.06560338758,25739.30126792412,26816.171759198845,25526.51836806411,29722.595110371123,25786.047312435487,25198.17023152783,31665.583348947977,32908.38513265269,29926.71924297951,26011.83530446448,23426.36239546272,31389.923645550818,24308.611242130188,23669.913145853185,30857.807933769436,30949.864736616106,24894.80538965699,17334.53646957267,8549.089263914164,7418.023596322187,4131.054023549425,7785.422241049516,9607.487167943535,2253.185549098955,11926.525162804925,13965.932843348166,381.2313609967321,16122.221375343614,16720.23196918533,19976.544095627836,21615.736878856143,24750.10074060564,26764.306602721605,24135.785824986782,23265.585269515188,26494.053016343703,29927.286969199275,28636.00956424955,23122.200855752024,24115.086598236303,28175.869146982346,23050.947349423564,30338.07263906662,32203.64006063168,24528.52207613454,22930.589908689344,23990.624255225437,30496.747649852936,24006.928533862138,16527.445554098664,9088.243288268879,7171.37172135983,3802.7625170920846,7711.197233977942,9212.702474821142,1762.7365956667004,14525.762175257561,17710.406106432438,373.6652310668274,19942.62006558051,21072.708198246393,24194.298884256004,21710.38632121902,26073.70179575093,26121.93602252024,28543.802088562996,28768.436637771483,29224.963537035015,23940.75263307487,23992.247084665014,29457.15883598667,30178.99497066896,29442.449279423778,24776.224594136747,31923.947860574466,25278.459278492264,31563.205855795968,29400.274074431116,24811.94183999904,31362.58601988982,18166.677099973247,12748.834411667885,9442.286322679458,7351.770031976322,3640.5409855270827,4256.702965405269,14739.95884229195,2014.5039493178851,16893.88411591226,24583.348098363775,555.3416585937348,25671.397184552246,26901.779553219883,29236.551936890322,30134.16514464911,21738.131182419194,25736.528727498906,28643.03489215355,26318.990926752012,23778.557935929646,33087.861582945196,39492.319076453685,29044.947732476205,34568.87210617591,32880.4202829247,24708.749350156897,24782.30840645298,24620.04577716417,24688.11673474315,30898.843761929413,32717.943933065046
61855.666563899234,18732.0019682141,32296.041796921378,14642.06964570426,38439.96671623763,10356.364395549279,29974.15060011126,5743.139756377727,28615.889307999365,2871.597906454084,26426.242970277817,1781.8482231565163,38170.81305263508,42245.0052172961,458.65354590013277,31915.704049986,28596.299640435267,33575.99482756306,33191.56069189272,29948.761805233167,79980.91514869338,38950.7727439604,34866.05875874871,40179.363055579,36249.67052195585,29672.632228148243,35835.4396325755,31301.211033200758,27359.076677334993,35451.36442744846,30159.63517285429,28561.14041369981,24728.14278295908,12216.586961746558,10048.403684455567,6553.670108815564,2648.175570503003,4007.5762615175136,1454.7707196648828,19712.814471193215,17984.600597555964,306.96435720403946,24334.900236292935,23041.622340325375,26519.43312294431,21608.036712751502,23716.725288184505,28283.46860874052,29259.4751227408,29907.22177394054,29698.86883822423,28169.11769295227,31019.495702459568,24107.123221016853,28889.676167911406,24605.110145457358,30796.98327290678,40187.79819556568,40070.47609875125,30008.804857170213,27246.131430682282,25459.052398020627,33746.483877204664,22287.95842106139,15021.685750646175,10066.594424339837,5610.227370988169,3021.273104152534,1534.619932237064,16275.450887880348,15200.945066325303,20349.303207608096,396.24222311498255,24061.180852088386,20197.48615796889,21388.1432960049,26195.49240144006,29140.46231584943,28920.438750159417,23238.38600984887,29010.519866760642,33844.30308323615,47369.57454703571,33699.71963714375,29123.52981799356,36358.95936049423,33231.498426049744,32110.742065685277,27008.87675485346,28797.405844771918,30271.64495418586,34126.69760608551,36151.32718390009,17038.5078485546,11564.363039029742,8457.439221639306,5096.766320893927,3733.189103066254,8110.888545056261,11608.898321805178,1430.326606901185,12253.497938171777,20650.23510596073,280.2215846678634,29098.72070688315,30506.576704042036,28702.947760593954,34137.5683202542,32936.31175413634,30240.262639895765,32921.3737499003,31669.7421337059,38460.64028034875,36871.4039408938,30247.74692980296,33443.09281526055,32541.674997149665,25523.789609481442,32231.00387467041,29222.727047760207,41205.573589193176,27355.12258653302,33957.321036056994,24417.531393486024,11880.331528229206,8119.5215507065095,6687.446108993426,3010.6656801406207,4526.116698162563,18943.989346477898,1936.820509863212,17325.019206558623,23170.287761425167,366.3346948399287,26100.79351729972,26924.549650834542,27056.772593298007,30135.36242235893,29611.986483249097,23942.186818139056,23672.455530318206,30032.749390558434,31294.99126064653,29673.965666082102,26940.33821975915,34135.51246177455,32561.530548073068,25644.861310259264,25807.893675967232,28509.015446331323,24895.196271425935,30123.81577258218,24610.752843410653,32281.15446372956,20712.834530490694,11740.317641660175,10435.026698148551,6634.329955515242,4097.079852307291,4037.7831216463387,6882.433473981638,1666.4675010426351,7968.559940399319,12581.891301230698,508.55173816968295,13416.838048817252,13006.484545736443,18345.592636094538,17864.80347403781,24174.66963881869,19820.02309065811,21868.766935386262,35178.312298361896,31427.261584753323,38663.426655827105,38500.96153175907,28107.737144561597,28819.92280986558,26825.107579926735,30891.657167934496,33965.40902966839,25822.49226058596,30432.521986535907,26397.931263857077,25569.100966729082,29229.475863095067,15487.407565369132,9058.479897817302,5833.78110122131,3553.311513246828,4122.640844580219,1573.6674874909124,5876.348590333038,7988.286920077287,696.4994062293368,12690.399945918287,14508.892348604875,13881.932683580133,15473.514647200467,19898.472733934814,25192.77976319505,20644.202179728334,21266.748420279997,23077.53491407059,27713.158222269136,29546.23327845641,24503.897622373643,29560.089571142507,36062.46445051457,43807.823565778104,39079.03242579344,38185.7467089114,30473.36014471479,37341.62929957079,32094.905772543254,28489.059291224632,19014.144395705953,11318.498702571787,10385.954332731928,5284.229272147522,2871.4291714905503,5385.717859874144,13425.169640795766,1821.403037371415,15551.228497851727,15235.884004006904,322.69504516534835,20543.66283675233,18225.211160970586,27355.47563315901,34817.36201921062,34732.18460594637,28330.00013624537,32219.585447306847,30276.065212485268,31020.778367890318,27599.59681615927,30593.8616707058,32273.231061608956,30938.008481686367,32627.074497589972,23885.100819491938,30568.56312926429,24883.553740690586,26845.909867463342,24025.881887920335,28874.720046952647,28782.063301581657,18783.51431890346,11114.641521802325,5819.259802242563,3412.922874057051,1649.2547797545058,9467.987403437613,9822.233297186172,648.5024029912864,15257.063270147393,17283.981761706047,16359.339498939262,17093.957889433237,19253.224147555095,20867.100714374024,26233.661380059904,23271.669630801,28755.609613436005,23532.321437981802,23800.87951403689,29011.926982359266,32553.931736630693,28991.207312037488,30345.806740774067,29576.006017359978,30383.84391859461,24916.060033192596,28896.191164480264,22621.54148939096,30326.89318117728,24461.81497389731,30155.900389274015,22007.035420063963,13785.255804408363,10481.562740477877,5382.823216737793,3731.875938950808,11059.12221934247,1828.1482146312,10523.3318618988,16014.427174567994,364.1560656247347,15098.468558707922,17178.821331973886,18886.05026444166,25818.858218859397,20848.127346074314,25785.858869336018,27883.173621135837,22924.958358065625,23331.810059376632,29925.374666770997,23374.102825300397,24519.409230043457,23953.65636069671,31020.64953082258,25828.321889679602,29719.850808383097,28187.875532343394,25853.685608451622,26861.7857073927,23902.93673019268,29549.638418225008,25715.647268058077,24740.932133748993,14224.601622868455,7995.4253369002945,6534.667811346071,2987.9620274424683,5040.708557874435,1310.0925848657832,20016.08229790266,20245.15829336159,547.3305811184932,22277.342374617314,21445.809536841745,20035.078547864476,20999.377154194528,30316.704177572617,23758.338449216484,24096.35550710572,29670.4375494872,31082.603112054127,28818.353194334173,30221.613396315282,25397.13640805362,24206.95946720462,24827.332566196023,26877.457023682513,24186.23679155103,30707.073150482982,31897.50657326049,24380.70678878686,25522.306566578667,32379.71837423541,24159.91390678825,16171.867972368773,10827.878508419542,5778.397037264118,3232.493305440817,1581.2429583319906,7622.161744661047,13013.973463375425,15561.561561878418,309.9096230800337,14067.915253831861,15046.311057350993,22256.51214744461,25374.684046757928,22517.772067174996,26621.172368129475,23537.97487013833,23161.277924770922,23915.74794156186,23988.802837953972,23007.18297687951,25220.448480376446,29275.867434184587,30571.1745884826,31279.770091047783,31455.603513264396,37822.92876579072,27660.728090113626,29532.947116492658,40173.129139685174,36687.216889338546,19352.450535925695,14751.382541961922,8384.226279076662,5538.152467456991,3647.6049138408516,2809.947191503623,19425.267223792413,1500.0179689475412,21402.326672510542,22728.056444292935,27636.668522233518,20134.361208071598,367.0626880933203,23165.569585652313,25268.074267016145,29715.193940119894,24090.577351021475,24277.952437669883,28623.53633278107,22723.553616733272,31186.13708610779,24136.319675681,23636.860012057103,30707.882283052313,31199.14021423639,29729.097364024925,24392.504113460516,29741.364247253616,29078.038436983068,25384.973277867597,31073.22803321771,31698.59882340597,20348.928213682622,10939.70357177487,5662.387870877716,2765.2460422770596,4680.1184957924825,1868.6367665884231,14794.875126200019,20635.810646948263,331.4002291616344,23682.158470192226,31020.072494678458,28071.712500769805,27584.769654189695,30434.99457592283,25494.811101720443,24080.297459127894,23994.147725089268,24902.877361669354,31217.15238382141,31184.610585927763,26449.28090453175,29696.989901301713,31088.40784825336,28763.177798287303,24583.981340279446,31000.635452359755,29736.029954367234,29351.55585805394,25534.365349829703,30927.012558334758,25805.06093673565,14689.342265013347,8309.98546471225,6333.395682402242,3805.628411895389,4571.811204468979,1590.107169651797,18520.58942772459,20249.555786670728,425.2829780317905,18837.625098819626,25903.3649921393,21609.19265044199,41438.222180541656,38856.859352302396,34823.734787214074,38256.43906311375,26247.8008297827,27479.45367790702,28677.050518427895,27595.56618470139,25829.035125149847,32443.867544488963,31675.184711341484,31779.77993808231,24776.878741361284,24148.59133988475,25242.457998694183,24707.744462102,29215.339334808894,23477.67544938163,15898.874557591365,12014.905869623399,6995.927871412791,3221.729397091071,1384.870443115078,13493.701458575784,15535.59128428024,517.3784574321244,21994.23421655451,24146.11506311636,23975.00694296603,23128.605757531976,26635.030568721388,26697.429567013103,27677.964260736746,28917.41951650994,25863.853426783142,29550.49851605311,25243.698941619587,23921.6908740798,28388.889574946756,23524.144786240908,29175.812147769167,31690.20799891826,23904.177145319634,30906.910575955608,29920.015580865216,23533.937230909316,25393.608283977446,26683.410606823723,23521.583358610074,16760.708671721208,9173.269470685413,6845.615828265009,4203.477997669454,7989.0840165215395,10259.572840846535,1745.3025216337016,15239.32609543125,17282.389910286332,527.5180633416219,16691.842941197723,17534.92623432036,20049.128975557338,26454.113719332247,22083.515991194174,21776.31222563928,29732.836741102703,22802.45425921967,24831.913200359148,27061.921937292776,30653.762772928356,23845.623946696298,29669.18904187955,30219.584121237862,23923.025565014766,30411.55879079605,24146.410490507835,27201.84307068392,24561.573807134064,23574.94189778181,24806.811759041746,21514.032748169735,11713.057311867124,8049.3814967508815,5318.1018557884645,3736.1974511283343,10062.12125119909,1528.0270667575655,12391.974259962964,15304.100412467078,441.9200589238188,17563.330440228234,20351.329514870202,18255.61946346173,20261.456708909296,25878.678054729982,26958.117293018495,26485.188722253806,23293.37466935942,27736.43937121348,24171.228702352106,26464.645444539972,23177.386187340413,31358.91816952117,25852.512073060647,25399.487775096033,23985.43052183649,30689.03340192029,29958.19649642863,25739.587525813953,23809.83305495881,30490.885771413545,23687.502848026117,21856.789037148665,14488.062630584498,8341.046884249847,4980.660311722759,3806.9526995898746,4048.4372917864343,5650.325924431398,1746.4131294511883,9141.534559007263,11935.086292334383,456.85084404354006,14634.343705433663,13944.289106317496,16218.133936739827,20006.037349562306,24785.181331904318,19482.45024625494,25626.56300091441,22147.189478338845,22547.133660339598,30112.48687989713,22828.0555224119,29441.44413797404,29838.47257579135,30250.08029256398,29508.752840162655,29976.676196951434,30051.120770216417,23157.46811221588,31212.799381413603,24885.195811813493,25079.209283790995,30608.884395379842,20511.069074464755,8789.868838011074,5380.911416445773,3134.279164054355,3910.797347067279,2059.659896961245,16394.746245819573,488.5062854414847,18000.087176011435,19927.426437383863,30824.559666111923,47844.74647114095,37337.34802536916,28714.665772406814,27961.725989032624,26948.968577811673,29553.63078055114,24993.511660159205,25669.731136975024,24745.178409546686,26046.212121145523,25278.280872532992,24890.741372932607,25168.05222197316,22705.696220494032,30440.123839670763,24842.51231143897,26905.612081797422,24587.79848583234,30810.83321655464,21478.50353832208,11550.703346468477,7837.564354926104,3198.083847141957,4250.66819057848,1487.3129937733631,7311.719642042237,9613.00922582649,453.7577822058776,12220.965269558004,15355.121888219153,14019.331902505675,19616.179884748948,17621.841100481422,24704.166984333493,20982.122183027117,25813.234746966165,22579.889679601885,24563.983778626513,28406.98811753161,23780.119852617237,23523.01432158194,30332.813821113352,29978.980516695723,23882.47245808677,30247.02838889172,24755.36442720968,23558.837498182053,24465.9223943878,29033.02854388944,28628.041191505145,28762.481406750918,15946.09216675,11317.268128489593,5668.154076119515,4098.667718380838,1985.6132004230815,4085.111464653899,7783.261706866492,468.64857914113514,8093.716080163301,10275.11717527671,12707.057828138206,13939.480546507544,21062.840346386103,18433.52201401372,24301.910321799634,20869.972804896246,21873.866632321668,27011.099221795557,22284.14216110654,28992.534976193085,31895.381632165845,29581.461958996497,29464.840177314793,22701.538426594227,25523.625603048473,30090.343023756202,42150.8639034644,44398.69152363565,40659.20391013491,47081.40707150251,32272.517687990883,12736.286407279575,8453.148708319412,5252.8113620444165,3858.8379786687724,8183.551263275799,12974.184216093585,1566.1630327642831,15210.31852301733,18625.812103247143,310.0591450394089,20372.069148792583,19192.974489631717,20189.93451855368,21415.906055595948,22308.901075165162,27710.124563899095,22975.76871138163,28341.143142339817,30707.50355926194,23816.35211638686,25173.82284161016,29304.424526048457,29752.23348276768,29529.172004681663,28133.137236416813,27654.7563479871,23702.263262103817,23648.76076417049,31124.560062265395,30228.93933455325,23962.061854531068,26307.43481727509,14856.348659793262,10106.61360021113,5553.841079948827,3896.204305419311,4804.64318398538,1794.865898878866,20020.179015503843,16801.663046326565,332.326437598375,24132.04606562422,31383.286812643066,25021.891147035793,31374.60219138971,24168.38531337678,30943.787084184518,26527.484996653508,25636.79542782457,24109.60197270578,24788.153685359895,24582.410316157013,29563.663973172475,24160.85849366867,27607.78505642697,30193.529170680784,43196.38680000796,35787.288198982635,34073.228987998926,35566.14592701801,43988.35769610898,30058.544882089285,12002.59675825399,10246.150345825594,6344.823406893015,4908.943139676954,3981.6640464109446,1872.0365421997574,19022.10791407185,21132.307512181513,397.4180052815808,19287.1336997325,25464.97694259653,25395.605490512804,21814.44324640125,37321.087680609744,38217.99517401559,28618.081223066278,33715.50681085502,31587.096248149937,31041.02622219558,36808.010281195966,42542.809041880675,36994.317629791665,25695.89958241542,27292.669851093357,32498.993510775173,30781.735032106946,30650.502116237472,28484.192081210564,31225.578665259938,24449.90144540875,21864.125393389735,11202.502212534655,7167.092237360458,4188.937001469345,1965.0718270765103,8099.040191649223,12485.850513726033,574.1269476292981,15337.893916161029,17395.64829480986,27565.347200017826,24563.591726855702,23059.526852205046,22619.590125816583,31542.17805035666,25504.826846531723,29066.004290064175,23906.919878068667,24178.92314179176,24132.006274360523,24394.80073763749,30586.22555694759,29484.440087999534,30741.597367352348,29670.153701009043,30729.835513972623,25196.634301193262,29226.432858005475,23099.397794414395,23968.68500578619,30638.553633521944,20963.10701754874,10910.532898011304,6794.2614486528255,3351.9313771381153,4296.259115837329,7420.230488514055,1696.2086785655179,8101.620688481198,13050.371592036285,511.4374095059751,15417.281857795406,14134.300239797385,15657.91761995644,19354.79541202969,30535.332583007585,25832.716529066915,27253.15182782129,25959.952843647272,29370.153721515493,25486.79974593912,24918.170195492414,31309.55228847339,33394.938063401896,29610.71130657456,25719.482073702482,23140.782231765294,31021.663327444207,24020.966052765543,23380.834813651803,30491.773060354182,30585.431512353163,21002.859595781836,15557.621352106968,7735.234976836257,6707.626091209648,3709.891273461399,7988.146906326832,10012.002266290776,1859.1015240312165,12348.744917499129,14348.248943473276,292.22521256378093,16557.381532765892,17136.457994133165,20268.99964254699,21358.868748354318,24564.080402422554,26437.01241897169,24042.985171544777,23264.456543588418,26569.895430346794,30059.503604678328,29030.082099453746,23434.42007153116,24452.56473414473,28607.779362037938,22776.796472145972,30733.506304743027,32705.107224026833,24250.009564013642,22650.374965006577,24304.833560537398,30145.050583821845,22109.38110341227,14810.923896493037,8229.107930532213,6480.104241859488,3412.340016013581,7952.439253966309,9620.207150718943,1454.34268457031,15077.10901454912,18245.210864810262,286.5090587954518,20508.03921517626,21609.532017398607,24556.00194572512,21473.770184710447,25825.68824001117,25801.30124343571,28383.538839709283,28768.621094522226,29337.238172550144,24304.762665822953,24308.45401364133,29108.71015107965,29818.265275421592,29084.10519819375,24508.304817719752,31553.71379676727,24987.063221381824,31199.441355018032,29044.71096991446,24521.589217426394,31784.745260106025,16022.512340035828,11467.424448406424,8563.771835463142,6651.319551352928,3927.2088387077324,3827.8162330300997,14465.15743730519,1670.0460089011917,17070.598459912908,24690.861113920226,430.3857865536337,25330.682327043844,26699.421186511816,29002.883345400405,30192.42760209471,21377.4481233405,25779.684706939657,28755.51482210755,26711.3523587197,24084.100748106397,30415.366504370533,39793.276502077155,29977.66477794677,34227.720677910365,32786.76037104333,24406.356340148715,25159.089229973633,24976.019015978523,25016.131076945196,30557.52611710205,33213.02703560361
64960.91312659755,16459.81258341332,31342.195024137254,13070.467534646637,33748.136158289766,9291.818626918493,30035.224249265222,5136.057176837242,29220.128052138993,2550.384677885396,26242.600878074038,1462.306079749129,34570.66883398218,40241.921985291454,352.75367379098765,31964.898268119774,28649.18593456961,33346.23300758325,32862.26411794117,26055.241267526515,83996.07617828767,37797.429161720785,30627.07278938915,40265.33269055373,37033.33115573734,27364.1548588142,33259.791196051316,31327.801447384005,25245.772302218822,32575.66318977678,30165.910428667325,28608.12338607189,21539.72468152348,10899.919850179944,9012.17681927768,5858.053891091062,2349.915147942486,4305.914367673038,1192.2443956025102,19355.481841738183,18060.13735757877,235.2455233327643,24012.531971287397,22606.32803014947,26010.39395844182,21256.972186806466,23491.24083840504,28143.235207016012,28886.371581252908,29536.8149178224,29324.91890457499,28073.505479564377,30621.206231970853,24041.663554284132,28780.53133863795,24536.45959611358,30710.969370342373,35131.196297210765,40340.12398514565,29788.04768156668,27026.80199264268,25217.062331103236,33409.95888535541,19964.65997403674,13342.350716187757,9019.590837332269,5013.55405235156,2682.831224597967,1353.943238568925,16244.917639752855,15341.70100469237,20761.86518974505,301.8103446760773,23868.552144111465,19818.963321931093,20937.773448244898,25767.00647938748,28748.649790148847,28535.82162112129,23122.871916305026,28635.896454325855,33463.450958944595,41648.81508967365,32550.70365390762,29176.00761151354,36403.52975367974,33008.37321522695,31789.379784225508,26725.066310560836,28764.867868016303,26492.97218094212,33877.58545170479,36974.30352649103,14969.382443881546,10321.58678112191,7587.873680529471,4556.256355844313,3316.310682534386,8321.509312796077,11971.078684584041,1171.7140524127321,12532.9380721139,19615.90637342724,209.80146288781364,28798.079996071127,30657.40490946399,28501.716895286096,34741.43440992125,32924.38651711905,30243.31688913046,32717.709935290317,31639.339273529666,33683.631608357,37140.06057524152,30028.31169857334,33750.74673101636,33110.88312012269,25496.862466254526,31890.448009596217,25376.80206523889,40496.887999701205,27952.53605872163,33731.72663226326,21966.5977776652,10474.159621139728,7263.371835971677,5971.136386076948,2671.2244375245277,4892.805530096157,18650.3149124639,1561.1411121710632,17522.496538114206,22822.99969096782,279.49698436158053,25617.541323013054,26426.66277964859,26621.621472616836,29866.93029675799,29223.51950010516,23643.926346050426,23320.692606783672,26132.712040584945,31486.6460234952,29496.467411383055,27012.36396746182,34750.83613282273,32540.299092096473,25375.2137145281,25805.544675378034,28484.241481759826,24861.966950293194,30054.282908115143,24555.26520131816,32237.53709604296,18536.14866311978,10446.591415777397,9360.589123276595,5934.779146978455,3642.913396919615,4337.023840727276,7361.288768006237,1371.0760129722912,8413.295136218301,13158.349821391135,386.02502854981014,13753.948618817038,13269.728386631998,18693.7388051211,18257.294552097363,23897.43141858232,19419.01736838014,21415.051783710398,34754.08209001566,29124.839788626694,35202.06551569396,38526.78363690154,28714.32846992444,28630.151092617707,26571.335892216877,30571.81112649357,33585.04493305116,25530.292606017487,30387.97819179594,26323.06629371482,25516.120813401274,29130.814612574526,13375.072499854277,7990.762443341129,5182.691247934942,3145.0029494323335,4386.866742464708,1383.1566430457217,6243.634883541307,8389.102731022553,556.7696522117529,13195.3180750201,14834.09573215969,14137.681412625167,15736.944656116364,20081.378047387905,24740.322338276237,20216.131271370145,20928.34553191632,22758.262108463277,27563.560234524284,29150.009729185578,24208.51881727474,29200.89133873823,35662.57609090401,38531.719217451464,38213.778737107525,33554.94029152711,29573.003934053933,32801.725706055775,32160.523220301606,29093.894185120163,16500.975939699518,10107.940750022748,9321.79904700824,4726.110163046019,2550.550584774141,5675.572997530677,13602.295509779527,1494.0392424897054,15799.06174657854,15495.766680665241,247.57434613483852,20962.19904809352,18005.916703653587,26883.634566088982,34346.08654931681,34840.45712847947,28133.231263218087,31906.058771171265,29964.57576097766,31001.33881836092,27284.774685750217,30573.550779979803,32222.306295183997,30864.51820689351,32573.100552514723,23811.530733429598,30484.11023468045,24822.17214060815,26777.004166947474,23956.349212547295,28772.203962283562,28676.095602671092,16215.967241284587,9802.245012963647,5169.052687820961,3019.6314787190095,1450.0670902027314,9739.267936288641,10164.216835756428,517.8735427806428,15638.323754611727,17635.824448517233,16682.066871413102,17296.69231167949,18963.326337001778,20483.348948588653,25741.661029199382,22931.4593143998,28474.047675676455,23217.240995757464,23499.071631585255,28573.523551627924,32177.456506212668,28631.269987391697,29966.259183459708,29203.00681684844,30000.1935110342,24606.41202085152,28830.761041065023,22535.762653473328,30242.96101571985,24438.153983176107,30059.156415215028,19687.402750445704,12277.002767629469,9404.178090122103,4813.94114141832,3208.523173912422,11280.066433355521,1575.7753454943086,10810.167573413271,16353.920072152383,286.05773791931557,15411.816949583685,17519.48575619583,18792.129398140343,25381.1707275378,20405.529979263378,25363.576653306674,27467.889317266807,22622.053006423794,23021.673535872385,29559.678794720006,23086.552192310162,24215.20088095656,23651.98022534639,30633.887485001527,25517.057543966966,29645.562741595622,28088.439255533613,25533.837914890773,26794.24420983651,23831.472861429967,29457.493352787882,25394.507203059602,22124.65983030354,12674.869424788683,7172.159436448029,5844.312832299982,2654.5049432568903,5383.174372605894,1156.3470774682596,19637.09800216616,20205.24561107572,417.40811841097275,21955.179314979294,20982.902998011366,19696.659724552846,20678.008736311163,29933.986448409407,23461.859269369597,23801.021306330047,29314.152794667116,30706.575405650303,28742.28255523944,29837.255998257635,25087.75097205568,24146.161505722193,24514.5909233947,26811.60317869548,24121.798628510067,30630.910718295785,31501.98400603105,24327.84094437825,25432.047274493452,31979.412552576294,24103.05781713562,13926.944375847474,9529.820304003833,5001.742529369924,2809.6260413478253,1370.5467972133802,7807.846153979132,13447.017338746902,15938.429441124474,232.41939407299822,14338.45427314888,15308.29917266549,22485.535562896555,24942.391832380406,22060.194600903757,26177.124520655605,23171.092555084502,22851.510949931304,23600.925820704368,23693.07968583691,22666.82929397976,24920.66698763044,29197.137095418995,30181.70658586395,27282.481245263592,31655.952738724664,37602.1871189132,27406.111190174375,26546.28549570202,39225.60368582298,32233.867226418646,16154.883404713542,13151.143995351738,7518.7673953926,4951.73401418933,3931.408240284748,2494.601288406837,19126.479784013885,1206.9971414803854,21580.55656924496,22359.32718882415,27184.213213634055,19770.25439014214,270.50859872073414,22830.82005330035,25127.49241660843,29313.623300382715,23795.061453737744,23980.684520331608,28263.207270818053,22656.931876840295,30790.25625601515,24073.756628869945,23557.630724942977,30623.55101602082,31122.08457387021,29632.718219209542,24323.33201063494,29645.51400081593,28972.39503487321,25327.409363316237,30992.899255370783,31630.733470119627,17523.860809723737,9625.378053789333,5015.881958338329,2437.046566074292,5067.242102395544,1498.2296922861403,14579.517106302053,20869.626842992926,250.26081296883726,23370.3782790604,30492.97239928384,28164.78752525031,28133.573180376632,30390.44640941455,25221.657243377704,24061.53167341813,24211.63856969834,25132.881568525285,31515.53788181951,31477.030643785154,26271.55889226192,29620.080997631983,31010.53286574526,28658.3503395722,24515.00227957311,30922.92331145351,29647.20774952384,29256.815663022604,25480.84479134786,30855.756819097067,23093.710354804516,13068.973446407177,7451.2354441643365,5661.534263088038,3380.785200239152,4945.410147614964,1307.7444280065513,18224.0496712092,20463.377242221417,328.12233012959297,18558.416762329944,25439.34050165245,21262.183120885926,40594.45776048333,34144.748832890036,34893.85947956703,39122.215122046,26070.02508488226,27227.456946305072,28397.439034675655,27309.86754691446,25530.38816623142,32072.098620272252,31655.928791201186,31722.337923884603,24720.55351192228,24077.235884239508,25184.072166788388,24641.917317168245,29113.149839750477,23394.402001896466,13723.878542266193,10590.239738441836,6205.123057883323,2846.5152842203656,1216.178987304709,13334.385966537719,15637.984550282483,393.3333467357141,22352.22034048244,23877.44071222987,23476.18341411941,22688.436605933653,26207.732393744704,26300.181277861255,27521.817988104693,28525.24850557751,25473.901665451525,29184.65506642034,24931.131202817465,23861.125172985543,28281.46628937636,23446.53659576347,29125.63742092005,31608.45240713763,23829.02310078396,30823.282949721633,29824.35549601974,23453.071255942996,25334.410333550313,26616.94238332521,23440.915204586785,13851.158615799155,8087.5983869907195,6068.383116025744,3713.404713075851,8191.773286822312,10598.741359627076,1429.9113087909598,15600.354712717293,17607.409207291577,406.71911310600086,17003.108630480816,17686.335791784884,19696.01555779139,25937.472802082448,21744.02729309171,21443.881395107786,29340.018142755598,22689.67306103312,24524.324372638872,26673.043073266967,30280.013787952143,23548.698713804235,29293.948369502177,29838.833262257012,23861.080688777416,30328.01673034855,24076.897164245736,27133.546033645314,24497.506007112668,23497.522770072686,24745.126903831893,19239.983597183294,10435.099242725664,7219.629899877716,4756.093712345763,3319.015756988799,10307.826591054865,1254.677214948751,12783.029868930344,15640.282116433296,339.53619729652155,17890.750290727003,20717.958935697894,18393.905667513212,19912.66687905178,25334.6178965313,26530.150306520874,26082.34355111303,22976.62183518815,27580.4283370802,23807.434725655577,26146.723228763145,23105.124502480874,30962.553238967033,25777.304387960005,25079.225241087956,23924.50167862414,30610.09139154569,29871.195297847993,25670.901503928657,23735.99030017295,30406.600771837024,23610.878990719102,19556.91639628049,12900.757005040763,7480.573521113879,4451.874424212191,3381.9590991836876,4341.516031764082,6036.971819651052,1434.1424529197766,9628.91215460364,12432.201640275922,351.3294308869148,14997.590386281221,14234.804989353683,16539.994934371047,20280.880146924854,24497.010594638516,19078.336521484493,25067.29285151403,21795.472096048237,22297.771948685284,29715.32844683392,22538.32300677029,29067.197828807075,29467.192912349565,29868.76910605759,29426.913692278806,29886.54613178323,29958.9215291521,23072.595435712785,31131.202805805,24821.966196254984,25005.285006028476,30523.909990138298,17682.243409884155,7738.826532641577,4770.173088269655,2767.5462312064383,4189.006637371058,1687.734911269047,16092.401380721069,375.6419167574533,18014.808310162527,19654.251931908275,29718.067577390386,42041.94699253595,37375.71060433938,29337.3051328147,27772.880628675266,26692.753123394465,29568.840472440494,25241.207493474118,25504.083428452286,24721.05640755358,26000.98222165861,25242.14321673201,24849.10930737592,25130.003432258352,22630.338488794918,30361.40109921094,24794.911546283296,26593.030597312918,24578.130654297176,30747.79591634307,18576.072525786123,10184.752477201915,6961.331795549799,2826.922939247551,4546.593346881405,1307.0044294913016,7801.751099515852,10116.430085344242,361.53476954035517,12721.353418942654,15742.00665824516,14310.795342939182,19988.116101927328,17827.340333498458,24323.89068319647,20606.13244872001,25343.113319289056,22228.61714371096,24323.58952578525,28263.832069016193,23476.07327763078,23180.068504037146,29964.069189230762,29599.254104095275,23820.72634890981,30161.286276278403,24692.93905638056,23481.073311837743,24399.122446672638,28929.71608870233,28516.610793497795,28736.673910181744,13766.03902172671,9975.601896816801,5031.074135714017,3623.705016512568,1745.011382361026,4325.821240847862,8250.097851346749,373.4697461334044,8479.835602055273,10659.142887951359,12979.903302153914,14205.554784089667,21466.94257257261,18584.28694621534,23881.40439564395,20450.040278999095,21534.048878797348,26607.21332800884,22162.40053573409,28601.750844675837,31436.1942749778,29223.98987443407,29091.897856637457,22632.98683718651,25203.61828459786,26260.748081634123,40616.03948207495,38983.31954008495,39298.71964883675,41337.918679816576,27636.708824286423,11013.714656641549,7525.631592900795,4679.117603352503,3418.8263230486546,8356.668440761574,13347.431696948599,1282.6943110739155,15550.531486732252,19008.678257095136,237.14173122441346,20762.18633523529,19312.618631170684,19802.530708790684,20973.295403295884,21964.208727524026,27316.247205837477,22665.09302809025,28199.23142809989,30326.79190036608,23524.24281428964,24871.15815918376,28937.52905948617,29375.79058211687,29152.7518879711,28031.942040068792,27613.573621057672,23615.932333211505,23621.193008191614,31033.003638030033,30139.741730029033,23885.933654578283,23536.761452826642,13227.8221432376,9064.528973552484,4968.231734281081,3462.434398264376,5179.75308886467,1471.9272913444477,19712.62349394615,16907.653436134264,247.6799838702692,23630.436627532574,31408.767685158302,24752.413952784715,31045.562928822736,24146.50247041918,31235.59910998383,26364.74157138444,25341.43126945664,24075.030852825254,24729.342966753968,24521.408527858992,29505.766594854078,24092.96627461947,27548.522998403212,26411.27263132209,43511.166262173996,35521.358459001254,33796.24729231536,32027.663837271837,42107.18933375361,25631.97018346613,10540.178122936812,8818.43952128335,5569.872327489088,5299.957217808347,3495.5755952446284,1635.6387257072815,18737.957292523042,21376.3827279566,314.68758100399793,19028.039010914243,24965.321596426566,24860.588827090316,21461.409339179965,33993.698222881845,38393.61058702373,28450.325227549587,33413.19593972826,31275.368685197333,30713.0291832083,32022.65223088604,41806.29908053517,37020.31551857062,25503.095488889474,27043.749019480463,32184.040314722075,30458.177624223747,30463.19911811112,28163.097619263895,31042.227573699416,24402.335329125926,18901.673954181442,9872.631530059036,6362.987008790458,3704.3480177090055,1727.2646127452654,8290.032901962271,12878.719392829016,457.4755713462016,15679.159739888704,17719.01105396823,26711.5580397996,24565.010145343713,23001.006600157307,22538.45005401241,31161.4347945493,25191.507259340953,28976.870415681147,23836.811683678527,24104.284203295025,24059.385033815466,24325.562340412427,30499.352701385105,29384.353626331813,30656.26700775496,29571.72740556756,30644.952934244222,25138.392169155937,29124.870449968326,23012.448214103373,23938.132091756026,30543.67211975041,18088.221746045023,9609.07025949391,6026.6223002723755,2962.2943601805155,4554.26169057402,7866.039902421096,1390.979325042484,8494.192056564294,13551.976535723228,393.55264295403015,15757.350493302449,14409.192278820821,15937.785314058787,19519.16233466701,29942.172285476223,25863.41166197827,26973.337285265214,25699.213348032357,29344.987766473696,25431.177291527758,24878.572681703263,31258.05337193412,32997.328636005754,29591.39092971322,25674.645806417357,23059.04960640137,30944.318108430012,23948.534747757592,23298.65022372432,30404.3713694298,30498.745906540913,17958.373225578685,13870.490470396162,6931.999355085986,5996.88594181351,3294.3195241980425,8194.312380568015,10340.921551785286,1523.9411976309984,12647.767043604488,14628.21632941857,223.55574362165365,16872.491343887465,17317.089190413117,20009.0177202668,20972.864544801814,24146.615994867727,25998.125731193835,23807.18284042749,23157.970858881275,26239.419768053875,29619.061249435174,28670.71553954878,23138.555475951885,24146.5497595428,28263.00333471415,22703.15017698868,30340.18238527889,32313.845003398565,24195.473497372375,22570.74207232546,23993.486322048564,30069.480878356844,19781.088527354565,13189.067887193862,7377.809810382347,5790.935815013385,3028.210862152804,8191.261572313507,9957.722306505264,1191.7421774474296,15448.287786533674,18634.771747647865,219.19391885185587,20915.97910434355,21859.171136522404,24249.987749470623,21094.017412133086,25337.834673060544,25362.70914284774,28078.529544122324,28380.9925478348,28894.362941072184,24009.175103125788,24002.57917427504,29022.7629506982,29727.677159947405,28981.257584591207,24487.444456605677,31473.583745041396,24927.416230420815,31126.808349211533,28946.01709873804,24459.661658724934,31388.44228821575,14085.875742188578,10242.072436045826,7689.2372200008795,5951.887126497389,4230.959447596634,3402.97811972712,14197.646850412399,1375.067272159204,17182.67653638787,24298.02835224136,332.1174141726415,24826.270008728472,26260.99843028833,28598.402847981994,29802.215386356933,21231.890664810642,25441.108913603894,28327.52656432042,26382.70581561072,23778.0483189988,26549.32988827323,40048.20942830099,29800.051847343027,34333.63592119984,33352.84801704783,24369.25449923461,24886.430274527353,24828.304833235503,24856.59857459636,30514.882021853187,32818.966238039655
68142.20654389256,14401.771541694176,30876.481651958777,11598.60199841657,29361.57156431919,8273.91179554504,27697.019659680296,4555.372871071907,29062.60275927047,2246.298965831844,26488.46980565665,1191.6234413186353,32704.22831337465,35055.5892760209,269.93099952106945,31260.916847253397,28697.419573394105,33675.982414637576,33042.089018685554,23864.241309918136,88109.56768207609,37234.99546563606,26662.739446029736,36965.120117931896,36845.78528557982,26183.68990806947,28992.521704000894,30001.390759517966,24166.339700663782,28418.177165904115,28435.251236124128,28649.000005751328,18501.97317482076,9668.181649028029,8021.886561254339,5193.126672780492,2068.175980717205,4617.046512967689,970.1217563747034,19079.468571347352,17820.593228587335,179.51013053606866,23350.173715199686,22154.361686441356,25626.560836174318,20875.696010365646,23179.096100904393,27852.579115322933,28772.33897710708,29502.495200983365,29281.55302064737,27877.28631537038,30567.516074515635,23884.52495183124,28576.36577119155,24372.418966005087,30510.186853492563,31718.16906388087,37390.0298612786,30120.996037215573,27234.46081377036,25374.266677667994,33587.375171091975,17540.348760073448,11795.294493068306,8021.750772423483,4443.438710870339,2361.9594451672806,1185.9019004382,16108.11117224567,15417.951885008792,20864.152808374783,228.59789576902662,23267.19758088169,19301.20875765428,20531.050949407785,25475.173427880392,28285.634377412043,28377.05375600343,22883.906555458863,28512.943444630073,33289.2518384114,36296.08014289638,28294.88951153345,28975.50918516333,36442.1520642109,33336.28179563078,31958.610920175382,26840.840945631007,28611.20937249282,24334.77955062757,29514.784949465877,36800.909525909585,13095.957802748848,9158.0706814232,6756.100001621988,4039.9561705375568,2920.9816300964685,8537.04056132878,12234.75114848308,953.3332760965922,12726.068022624597,18861.05277950248,156.5047425446509,25135.93515059242,30808.141198467954,28766.94856645442,34495.85776900321,32835.26893933022,29901.201365438515,33029.78607166107,31477.84405593568,30733.219794428525,34066.26958308739,30365.36810369429,33450.55843399498,32868.03226867349,25411.337300372383,32026.971305729818,23235.542644825324,35286.70369824934,27750.729516784322,34068.86028742229,18496.102636579784,9207.204955803725,6449.965574581304,5287.40974098399,2349.9822815733332,5273.71098226139,18392.35515028376,1248.662205396785,17491.103540904365,22194.02296566199,212.09845633614023,25082.44751911091,26053.8940017388,26149.65119154802,29481.509761477228,29077.1983553176,23560.293174914917,23174.214576175364,23233.00855495209,29324.536052328058,29822.698974702977,26738.96454349037,34499.67874269112,32443.97670787211,25487.893145584432,25688.58076083723,28339.99369072619,24730.60714188072,29875.077396626464,24405.43585726731,32058.513403076842,16272.427298534558,9249.387693630262,8334.348018794017,5265.622694318175,3211.2286429224287,4648.911964042258,7806.546479030198,1120.1746876036998,8806.226993443865,13617.256753559011,291.3142350722872,13990.246431599395,13472.167156487161,18941.750639607457,18346.70527673136,23268.135055241564,18943.637550845484,21013.05528777102,30666.471184894206,27951.327479210664,30697.27236400425,36226.29495554247,28565.374316548914,28921.99578376372,26735.116444310126,30714.585377163745,33628.32103136659,25550.296539542527,30225.371446819263,26153.81246048558,25361.275861225382,28937.395349660703,11370.36026952475,7009.106929366967,4567.08771061393,2759.2893189074566,4662.147853549167,1206.0543371846168,6581.0495327647295,8739.430668223587,442.70057551544323,13556.769506313412,15069.69263455402,14311.382932697165,15933.852421762538,19769.72311566467,24064.08588756835,19815.182005984007,20691.315610114565,22385.99897245221,27268.95333580583,28996.309454684386,24138.42972361363,29180.014818002906,35483.45265866985,33594.04169701299,37783.33769657105,29223.360898246243,29123.11856378863,28555.967652577096,29592.26897826836,28941.59139691695,14125.547345325867,8972.577964345819,8303.09131873295,4192.235674852229,2246.6793226225905,5981.6099100530155,13719.57519219851,1216.9473194269935,15975.107695939014,15738.505010398445,189.11023618210695,21043.158066716078,17519.21723305913,26279.543920633016,31834.437842906085,34959.100694304834,28405.26139265113,32086.92321959885,30108.163884131143,30849.90492432192,27309.531723342185,30429.563184521307,32042.870179558082,30678.72017551734,32387.156290159754,23659.166616340382,30287.144228128396,24664.99786246829,26608.317472053768,23800.716953355502,28571.785703104415,28469.750433776102,13779.035239693769,8595.963786534956,4554.220515729231,2648.432430646987,1264.4921313270409,10014.199279691544,10420.662472445762,411.50538138913373,15898.173702342072,17878.893196836594,16926.66749257431,17066.154772745274,18455.39763947393,20059.37459105664,25377.57330877634,22541.480244642047,28098.864185726692,23094.45024422638,23404.14979585978,28380.721024917068,32193.693696555332,28591.9734411363,29934.090439609365,29157.154806807557,29956.7752315728,24577.341840404206,28652.732510560036,22376.983197354883,30039.699661688413,24302.654205392864,29856.417450951114,17264.064972743185,10876.096029820792,8373.571848367925,4269.818551012444,2740.487080155018,11515.466825196694,1347.7316352672058,11017.570763406475,16602.287086342774,223.81479257115765,15635.00360888906,17619.127565291317,18347.537213768035,24701.103560584423,20001.186727004515,25071.797415550383,26998.64485095883,22501.995073707938,22902.00241069165,29468.14749870755,23064.486531811588,24189.517190957158,23615.69791424964,30598.188104201,25504.06142396185,29463.279378634674,27894.16028870208,25511.025262643077,26626.20200759627,23674.19132300823,29258.132593032216,25364.986304129732,19391.212850523676,11232.470956409497,6385.369817206171,5183.712056809478,2338.2473249908585,5740.50095683987,1012.9445893458484,19341.238837239925,19943.623937807086,316.5260591469134,21355.036231911272,20562.061512918317,19461.609971257363,20320.099601863705,29815.537602038992,23371.56511869691,23781.26921081852,29302.04682639527,30687.694347295812,28560.22492388281,29792.42172755649,25068.541820446513,23995.110189613933,24482.841874717666,26642.93809134212,23965.53233024344,30435.588108143118,31468.643476765832,24181.712208073724,25257.479931894555,31952.33232844986,23954.65098012518,11798.796966711552,8339.070254052249,4302.459296949752,2422.247751520664,1179.033030919942,8001.095745868585,13765.529743742067,16209.129898688932,173.53699839677284,14527.240185827337,15501.05287328516,22156.444078783206,24286.37164776328,21624.238280546793,25861.61102575425,22767.616123758453,22723.57405867711,23481.851747341876,23613.19998397224,22528.95114064207,24919.856013478002,29009.44229445248,30135.49697570362,24435.71308648999,29470.54921779134,38031.25677485933,27588.9254723711,24998.414181779637,38760.66328948841,28068.572625380144,13285.930932760557,11658.814025000398,6692.068001967627,4390.865993886588,4226.691125798901,2196.6051558902504,18865.916285700383,963.7715242916685,21491.674119858126,21744.98734705874,26671.661680816287,19512.442212730984,198.46685891983378,22444.5615895911,24856.345369568786,29154.019950959657,23715.78091259525,23959.231889664352,28221.74515708985,22502.848197779404,30741.97422054684,23918.79933166027,23396.48036236607,30421.626150426844,30924.996618532237,29434.9725088141,24163.250966593132,29444.61465499731,28767.814774694496,25165.729036180754,30797.403933612026,31440.492812569875,14847.234504381053,8420.493577104791,4406.552215760172,2129.849617450658,5469.913248173209,1191.6236423397152,14393.397714524323,20838.642601893185,188.30972456158608,22740.163068246784,30187.410460771604,28240.618721010003,27949.257468972664,30288.71397041666,25326.790878712534,23941.125825671606,23952.71051453417,24864.839234396517,31186.228717768463,31146.433101720802,26492.926760198872,29437.434418027275,30814.270856580642,28460.32474461228,24352.501526801334,30727.124612469874,29455.03448079507,29059.394845359086,25323.349966531303,30669.43249321679,20268.140270816377,11568.846607696754,6631.3196905770765,5019.722970016967,2977.540373659597,5333.592869744963,1067.8353521530037,17963.10413023766,20414.3211647522,251.7721938787385,18060.605825687562,24948.2264102034,21013.19198525042,40179.99905288267,29737.113274374744,31978.014687706385,38931.81172672391,26321.431507115965,27417.707927124236,28554.589912043844,27435.74600305524,25544.967899224095,32092.79175977842,31501.1804145407,31542.460380821856,24573.175107657542,23921.702431655165,25027.321212963616,24486.23790593685,28914.954963472584,23229.423304993456,11659.442007605805,9281.181077036772,5459.857079224615,2493.215018101794,1059.8296604654843,13183.552791869966,15753.428270560486,297.35662265466044,22375.30642312702,23241.597740191766,22869.761110564512,22275.03576012119,25927.128330662108,25862.378861968344,27218.013482899794,28364.48511823213,25302.837905201333,29154.486122782095,24904.511882312487,23710.415811644696,28080.766718547173,23281.577634056033,28949.119049645626,31400.6841593957,23671.355344439246,30623.976962205885,29624.282676198476,23291.13327348252,25172.79819922978,26451.15440202418,23282.760298000692,11543.94041024656,7088.090413998838,5336.218379356523,3251.549998431537,8401.732383455512,10848.406328318442,1163.0018437406388,15859.42453744427,17832.750921825445,311.6985201127202,17218.35063996524,17403.67558325677,19163.30956444022,25433.120635047697,21507.185981032202,21078.921757730088,29186.604719254254,22455.637541779768,24442.8408206259,26526.7632971004,30261.36362100045,23519.598544197725,29250.325074676264,29795.574728457264,23706.212930644964,30129.010656872513,23918.38604712993,26960.452720458266,24341.884063775236,23339.2020392293,24585.9792853731,16867.17066702283,9246.523651742897,6427.058475252359,4218.311795054939,2923.596204213429,10563.032443064254,1022.9918870416465,13068.024741519133,15881.334576545916,259.67425698112976,18116.472386142603,20902.739360027812,18083.124048466212,19340.40634189927,24836.023069603132,26232.582898971606,25638.96321145837,22843.63574663063,27285.762064562983,23653.79533372363,26133.93747980707,22950.06625871659,30919.916965415436,25608.041182673904,25046.86641433314,23773.87110991807,30414.57232735235,29675.245568094648,25504.517189433707,23577.227213105263,30207.0575094341,23450.78494759094,17153.82881195764,11426.83635475439,6658.394914141482,3946.899579615321,2978.4949296734035,4647.225713193601,6395.33482729311,1169.4362505537497,10057.780017398207,12818.740446007152,268.87432243902725,15256.681463984374,14434.64446671089,16783.445995842296,20038.943952083933,23825.08660467584,18635.904792993548,24626.016994387635,21553.917632278644,21981.438844250915,29568.33447176022,22446.0383230269,29019.706790014356,29431.022979488895,29824.360049482693,29233.201328951727,29684.788103621402,29756.390078955614,22909.573782621042,30926.1162922758,24664.680824138904,24842.997547356856,30326.01059517843,14998.973173058097,6774.78005294581,4194.402845921481,2422.3128985703133,4479.215743708225,1372.6506662398554,15856.60238120345,287.30940936633505,17741.06457272395,19119.41724752699,29150.536442908782,36614.14894081134,35191.02141248044,29183.438788072,28045.179373255745,26856.95113474919,29238.56831229304,24976.73442143504,25729.531887229114,24594.60713348434,25854.405845082798,25102.504438664073,24710.085802549693,24991.202375096807,22481.96834946175,30165.29204371802,24647.377967225777,26604.42997596803,24464.75565198935,30569.146295233048,15814.735808890746,8930.91670940423,6132.776811514272,2477.9619727345703,4854.625674539699,1139.3799826170846,8257.293436986085,10559.81886618853,286.7953441996359,13083.930687307275,16016.599029167919,14512.132101632353,20269.024297627195,17586.839837259136,23695.8937253043,20212.166274817057,24998.690861594587,21840.380324398717,23999.480287337585,27970.013020829647,23380.303854616057,23046.82157578638,29947.12121022219,29550.81299364796,23666.246144104105,29961.43439135755,24534.769223251147,23322.543725379186,24239.073023065856,28728.187033541697,28309.00303609021,28574.460802388174,11696.641549714235,8743.359527175451,4429.533488623644,3175.919760267996,1521.0222703360573,4578.280471858533,8675.67724682029,296.32035162645747,8816.736703479066,10929.792375997618,13165.80272571336,14390.880408695368,21675.542094644443,18277.42075803266,23182.51124357362,20046.85497129075,21295.02775405574,26159.49940156981,21920.867995073833,28444.89809435546,31264.323881426873,29204.51074540261,29050.2769779173,22479.22311771455,25172.79061834667,23584.550442032018,39848.64817174137,33920.02882262742,38611.413412081,35967.90667213588,23360.15999475095,9529.79509220301,6655.780660815876,4134.051712967279,3002.87989853019,8541.363555562757,13616.45084542124,1043.1057098736512,15786.130694898395,19278.898279355522,180.68791077961743,20888.53080668222,18974.66144598379,19242.06626063807,20573.89555778397,21727.950630240513,26871.930282819787,22534.745348947945,27904.825898893465,30224.8388218823,23499.845943139735,24862.421978147424,28896.16271796757,29333.931959170208,29101.651661267893,27831.98446891194,27446.84965939454,23446.903315620457,23487.734374713873,30824.31248408123,29942.448686123662,23725.63957204493,20649.448625020912,11716.753202430235,8069.56961675152,4407.467720128106,3051.252939953377,5569.755438899116,1198.9261952840773,19459.38800474852,16813.459039227775,183.6658938631698,23324.093566416865,31426.10414084297,24841.003789825998,31181.22537040118,24022.863294442832,30905.438143673015,26614.520332232943,25352.77533608327,23945.94920297954,24576.68699737884,24368.88878770654,29330.99594917556,23941.029656526687,27380.990313546652,23906.00036429172,40207.804606205355,35907.937197267034,34057.10476848093,30190.337227862383,36680.496174273096,21557.800393367826,9237.037887508639,7574.28545254419,4853.078081042058,5706.833926702877,3042.5745310220245,1417.5938072540412,18506.285360538808,21338.57442488744,248.15419563699712,18515.7965797979,24402.361398010966,24450.331494234488,21073.00811844036,29793.10415925531,37588.664746477756,28773.796125500077,33655.846635706,31447.23352383072,30843.00734272109,29382.9182892155,36415.86619317859,37073.175054440566,25718.848819219278,27234.303313612294,32364.527096007427,30590.10829274542,30756.321094592186,28192.049767532375,31345.479565833306,24262.062552482686,16082.525858526311,8652.759757857615,5603.435920414576,3247.3338296038673,1506.0305865994605,8489.417612576406,13165.869649926952,362.98286993896596,15926.371730744302,17942.250356159013,26030.38414230186,24262.644800647926,22856.45042560142,22378.433519153332,31149.703721539136,25165.15011649316,28788.369271027535,23677.543985448367,23940.541394583848,23897.617304940475,24165.285781211755,30299.72077600975,29183.54331185777,30453.990825869536,29370.273465981078,30443.94128621119,24981.791271991537,28927.847004194587,22847.889375237883,23798.62731388614,30336.029973795023,15358.661750275569,8415.323768730266,5302.319243507221,2594.8052487328723,4824.378803571404,8274.913841813122,1132.3031457172115,8837.874742453667,13907.52069306825,301.2201946941125,15982.282883886615,14601.078432818773,16087.40051645325,19202.324845489242,29586.43054810517,25886.135531680495,27094.255509929506,25828.897663924956,29249.412752274762,25275.908964193764,24739.832811234,31083.3175795351,32994.59582201018,29447.1394952208,25532.50847593986,22905.8856086057,30745.445780684568,23789.759946953054,23136.86162739375,30200.721846905264,30298.20847801598,15445.418969021579,12295.795153140503,6166.527209250552,5316.653252542818,2900.77420860532,8408.472136233926,10584.20624404555,1240.5614764400436,12861.471696268392,14823.225635098768,170.4140405299246,17116.142085825566,17065.251105724834,19478.536817840446,20573.028515757465,23846.00915789356,25532.20942586797,23484.292943865123,22923.948251118043,26148.596643305427,29441.242934685295,28642.503405560183,23105.034463339565,24114.792576065924,28248.20264691582,22554.379672472332,30293.98673154858,32300.395967405584,24050.903866850404,22416.514145561567,23953.34403628914,29874.96289028788,17346.864061098153,11682.03235076511,6564.960348450759,5132.553217721919,2665.038789249486,8432.55369995842,10210.454204681097,969.6371339472747,15722.938373154666,18904.912499391256,167.07017361003173,21226.548447288886,21558.464242691385,23581.924529417367,20676.536511337847,24982.117497726547,24896.11677795987,27680.2735517476,28223.797925471645,28700.483675785174,23993.515465525215,23966.999362604576,28829.855978918255,29525.47170845995,28776.816806324423,24351.612862159163,31271.975098560266,24774.13024791007,30936.631655416953,28751.18490757109,24301.42536097417,31349.220704576117,12329.746974048683,9093.636266784597,6851.8169550099965,5282.706764305747,4546.424218956993,2999.6996094821525,13978.92084422365,1124.0977904588467,17089.900630209646,23680.41198687355,254.935600861314,24331.30183118507,25945.880827879526,28127.372464048396,29656.79119843627,20994.86933697843,25326.116408572943,28144.75041198134,26362.060803445303,23736.92609225404,23835.253386092514,37154.874831251895,30133.537448459407,33992.04166631787,33107.81238699222,24281.856910380746,24982.25817966059,25072.892206689587,25081.31201068597,30348.17145646762,32820.50927212709
71399.54681578426,12537.067889735046,30736.826983083356,10236.828047069253,25280.272934325898,7320.807294400998,23932.353962991398,4012.952029228002,25106.015896073503,1964.8791968944654,25875.98079986501,964.0358198160018,31823.635258863153,30226.904842136417,205.43270008809802,26984.70255716602,27718.432299829557,33459.91198163885,32781.76548190534,22794.538339572533,92321.38966005864,37066.933216831014,22973.05872867048,31952.60022425209,31848.941129546485,25654.3627798759,25018.10928641083,25892.09553842848,23683.229799098914,24544.40525746686,24552.312266847475,26847.197051877687,15539.675359302151,8529.692320397342,7095.081766907966,4572.392792635924,1807.8152627993327,4935.867294645365,783.6582224367586,18886.308885098355,17411.712748305217,136.31601996782607,22745.441676720915,21737.48493649116,25248.935921909535,20579.893929375285,22931.49971843288,27612.529669609023,28620.594507947095,29448.264179418427,29223.820052282925,27743.168359346433,30496.398029390446,23777.40250817316,28439.444451749776,24258.27120419855,30374.255028905354,30024.137526046783,32340.332239398045,28042.944449696173,26903.716824118696,25183.209330700472,33315.94058367428,14475.140128767123,10379.690039690051,7089.383050918961,3911.326654790216,2064.8585980251955,1032.1591724319019,15958.18151387676,15467.291816302284,20478.499676735413,172.13034392774566,22594.721043933383,18945.587367733762,20158.796810591786,25162.543617185587,27921.729998685554,28199.490872414233,22686.832808804786,28355.866650114625,33295.25523541701,31311.369706703896,24337.11109194595,25031.72653052495,35359.157182468814,33123.92864946685,31708.214308823557,26619.502633897806,28509.474159312325,23279.01720742815,25452.59823187674,31802.242774993658,11398.94801824796,8081.827031987252,5977.182992796293,3558.0550460575378,2554.8324499312894,8751.584463805679,12439.632290204576,770.2083029462501,12872.795748535149,18297.632737285978,116.2316828371035,22168.28337567995,28288.848567904955,27809.938723539984,34937.61306892173,32825.35948707695,30041.16129383748,32759.124580332307,31375.376492567593,29278.91593440258,29483.3155582545,27987.315003795262,32305.56201288043,33272.96586642851,25387.011488756045,31759.24744610788,22189.306078453177,30435.148138054985,24007.439986664307,32570.44347434781,15323.822132510586,8065.621240899097,5691.546960007419,4649.8341996377785,2052.8911828133832,5662.8121702076905,18217.729513388895,990.6587962639436,17175.914465488593,21645.04020467461,160.02018178398563,24761.640911713712,25681.775102202384,25785.254577413238,29174.89391407274,28907.463862124834,23445.47352574058,23062.631881282025,21782.63894789081,25369.66254682395,27585.99398445707,26024.000440269665,34930.24754440055,32426.14567336471,25278.696317893005,25615.084570303316,28247.74968924549,24647.80448640366,29759.089666527216,24304.76831957968,31938.44508377598,13417.138432560576,8150.346804594893,7373.897398804475,4640.372876915782,2810.7655030136284,4968.690116090444,8223.100352098316,908.5769918938182,9162.579315557883,13949.56429932708,218.4717819405372,14165.414217584996,13617.497979358093,19071.016268400115,18003.641861630666,22647.640884773555,18637.36157653595,20641.285761080097,27012.69288773725,27431.309780318134,26500.781610873375,31265.218230316586,25538.901217933675,28736.223290574388,26536.467462444598,30466.74074592154,33300.72864007991,25304.694538584226,30123.915788353388,26041.641803143353,25256.700619885236,28812.259633928184,9517.545095080772,6114.598645278671,3996.7837291343244,2403.2405400803646,4944.186272778412,1044.4650868164533,6894.679751135131,9044.831809246321,350.05792309551117,13790.165863027598,15227.052800222773,14440.282821377388,15912.298841574217,19147.251021864064,23548.662610539835,19448.231121235094,20435.721540929997,22093.95510307522,27026.381413050196,28816.68335337438,24027.59992474553,29141.445503293206,35496.75081834962,28994.791004462673,37666.71883454459,25191.008529068793,28975.579078707957,24604.355139134772,25571.793033073172,25005.418971625746,11928.364624559586,7921.37368212996,7348.5974798203215,3693.506114279519,1965.4021531395945,6299.432693869721,13802.60851878845,984.1435260293172,16086.283349968244,15876.976949801998,143.74007029943863,20637.37026469401,17036.981761099803,25884.63750687326,27958.75008716942,33328.41644977036,28217.0413955782,31841.03151704801,29863.303937845583,30753.470533449847,27039.921678527444,30344.022511748703,31926.948475842793,30559.30301256555,32265.311351980374,23562.75558668359,30156.11304121748,24559.414689898145,26497.3030975994,23698.295538044233,28437.66325165748,28327.430629559465,11527.076642900245,7497.077641174146,3984.661006494503,2305.979516054629,1094.9982613312332,10294.05689687615,10621.24113381081,325.2597191504134,16092.046705867793,18058.69476751875,16944.92709783941,16507.022641905558,18012.940588506488,19806.780907470355,25015.78835824467,22235.347375199115,27808.172516606108,22954.404490627494,23280.892845138475,28234.884893916707,31864.68950180049,28545.80909668414,29883.443890706723,29098.913138826596,29897.616429543305,24533.799075461087,28534.40418377557,22272.17871448055,29897.616413700784,24208.26015902831,29721.072093341532,14188.963606899675,9587.13998738552,7408.36233969344,3761.5358599054375,2325.3221383448995,11740.723448933688,1144.6807444239407,11202.959742779405,16775.6623250426,174.32243306792608,15809.06013913842,17309.80723578804,17798.21293110028,24216.13265314488,19634.066246560848,24761.175474777934,26631.10618019461,22360.2402709087,22762.391784907682,29329.392279416254,23028.230249974615,24146.629301632216,23569.646642355267,30544.32978034746,25471.48149247468,29346.929637384525,27765.620836480586,25465.511711487954,26515.541999722347,23569.87784777325,29123.176854399113,25319.227292171614,15920.022068096992,9903.697154767126,5648.884472166906,4566.4826521885225,2045.2861205762872,6107.292974393767,881.5825992121329,19063.50081949398,19456.57867103022,238.6024626213397,20825.970553307914,20179.54370893993,19212.30611391809,20039.410012120352,29641.595008352288,23250.905457558863,23745.67103376312,29264.9671646226,30648.522016853694,28441.471646432765,29732.871410545195,25029.562786959672,23896.27476287145,24440.068296845475,26530.79802583767,23860.41053841726,30303.77184088439,31418.723888810597,24087.161750251562,25143.23211296944,31898.192078358086,23857.45042311741,9835.609194229964,7256.798841232128,3676.5459595511097,2072.9981635133504,1007.3918612410941,8193.7786699089,14018.291917812814,16396.27080265126,128.92970649995078,14672.053866109176,15479.111540985901,21459.67911937552,23774.392918675097,21225.295082170174,25530.674490556506,22454.960596862307,22577.30675389894,23341.11333294455,23500.124195718778,22424.47736562695,24890.605473174117,28884.93975804562,30076.212173621476,23016.850141949162,25491.165604576414,35263.06384088003,27142.10741842876,24263.90844632516,38637.02551347153,24191.333086223047,11123.76487802085,10281.53838517301,5918.510339525259,3867.043155816092,4528.699943314579,1921.0833113970887,18691.37193747089,763.3972411880231,21082.40095821138,21233.82217656392,26180.300578703333,19251.32432719839,144.8669615920015,22140.273592645066,24633.652856316432,28969.435500391963,23600.667575160198,23922.769770988878,28170.043193894853,22395.95592823277,30673.472640084325,23813.829770639975,23288.568775229112,30283.15975956791,30792.3242458257,29305.18309158805,24055.049916580603,29309.63486549884,28629.24489377513,25052.87407178151,30668.152702931275,31316.066306837445,12378.64497505265,7325.6719134382065,3843.8903911679067,1848.136703288666,5881.768648807384,939.8761449411879,14273.219143168124,20457.34520460016,141.06449398537694,22144.466220429833,26933.255401151622,27553.191717362894,28323.730510202342,30267.15380086114,25112.19779631917,23863.194699878844,24029.12706006768,24941.803533019625,31293.84265984688,31252.802731553547,26268.405532551318,29319.003503008462,30681.501673886913,28328.773657719223,24239.87168815801,30594.14074517385,29328.112568668686,28925.790772973345,25214.167324798076,30547.323985452436,16695.488028736996,10191.544344441105,5864.3044459635,4420.631642468739,2603.8932435889756,5730.233472894346,865.5364152341645,17784.03152061498,20030.8904287964,192.0640865712158,17616.365711453876,24484.658499395246,20747.01764890849,40081.051443847864,25633.95267675653,27638.221622149955,33647.451820438255,25578.53077109481,27215.66422859717,28331.796554154276,27212.47186295803,25291.458993076616,31777.188212606125,31403.355199731206,31427.046219896853,24478.43650182782,23819.829874506548,24921.6745266606,24384.027032221667,28785.046381761473,23116.721016744134,9751.798057490856,8089.282259774308,4771.09417314461,2167.9076129906075,917.4119170315498,13070.275475961509,15769.703856086762,223.46150879813018,21936.988042549616,22607.109306639064,22469.09364306605,21884.484912993925,25623.297873649997,25527.58861966692,26964.081190598863,28179.552604128236,25168.61999752072,29103.17588790067,24859.54950816526,23610.53891101519,27946.849712933126,23166.364040476565,28824.353416107195,31255.705399299153,23567.296316734526,30489.795683080767,29490.917667364567,23182.043705678698,25060.87094815044,26342.024848515015,23179.64829342176,9673.337902698679,6176.156059729673,4659.874759109027,2826.180070056512,8607.733942815046,11046.615322086218,938.7657925214329,16038.016546008466,18004.672094086185,237.37785729397476,17193.13298180272,16841.84604232258,18748.015507039287,24965.263500659396,21249.01882154449,20798.70407333634,29006.073795814948,22262.78325333132,24323.51239173588,26415.077625342874,30221.792133126248,23479.781554332247,29193.475508619416,29736.425002560703,23600.559308185075,29993.83918154109,23811.79536396848,26843.704216614762,24238.779491628473,23234.68287625311,24477.262182922666,13858.883580556881,8152.079718643707,5685.381546114158,3715.8586680020894,2557.4144877009444,10814.011899070341,828.0691335072504,13291.660499498745,16045.082146853656,197.58015167466462,18287.4333910907,20614.657951299807,17519.30468065842,18918.7821650912,24379.11787802931,25909.842109220226,25296.894125994306,22690.730986182672,27043.847686616213,23530.994805467904,26097.507705223372,22846.505068819664,30859.313299538688,25495.03787003497,25000.633453230217,23674.414819383117,30283.858428919175,29544.732470183015,25392.314448771507,23471.14124186694,30071.670579546622,23343.365656411424,14104.870103310306,10071.053195671102,5888.957552134005,3475.6348401251516,2604.6302197243494,4960.939755809974,6729.828190752826,946.6941391838016,10444.573038234914,13090.92004098414,204.67841322295874,15450.960829864398,14581.055394259485,16814.79131917365,19402.240976887057,23173.765639227964,18364.847260513994,24213.032619373203,21288.096733220358,21734.147985968033,29390.485780017927,22328.704321017558,28957.62730290047,29375.498193071933,29764.462792594182,29101.48475403293,29546.795766098585,29618.331431970528,22799.384246422418,30783.17390721975,24559.321211018112,24736.4895939468,30193.729951437806,12521.780886674216,5898.248855147743,3662.36906578722,2104.589474784901,4776.878923267823,1107.820829570893,15665.883113732936,218.47672573844284,17337.16298568261,18643.466524864052,28934.197668098856,31561.352315967124,30383.896280416626,25965.249055498167,27862.822858093496,26655.052308425198,29378.758090972446,25067.514779388497,25515.034229940014,24513.778093156012,25759.014154644712,25009.98069434137,24619.810417213776,24900.7370777719,22385.788468323153,30029.08069500879,24546.472153219886,26337.509801354303,24395.797733010368,30453.67160637432,13258.23296291714,7789.573491697968,5365.324987034423,2156.726561560937,5170.274944244834,986.4617340624975,8684.60078315453,10948.365417766387,226.4235392225518,13321.558718856391,16221.056993263253,14660.553508104564,20275.807585197763,17016.293159921235,23165.039232014216,19843.442792647857,24652.830511125438,21539.10057509314,23745.579040340715,27727.610866870127,23254.699343271088,22942.587960124096,29903.852812634635,29490.57662801669,23560.96941372439,29825.39403785746,24427.688876646927,23217.70293589015,24130.056764855708,28593.029425741777,28166.674668796073,28457.244506550393,9784.25488372867,7621.541457658198,3872.886883439142,2763.200224591459,1316.566710505108,4838.690270500147,9068.473029791956,233.9799287142905,9102.434321633622,11102.519538791837,13307.76826256132,14532.766483279682,21384.15779379263,17709.631373013268,22666.1036630554,19674.239561464146,21034.540676860393,25814.35828650773,21719.09116467377,28263.120897753564,31122.501018568408,29168.978505036623,28996.501046543955,22373.652904191615,25122.67094886483,22251.796521844382,39574.8711093495,29208.819371263056,38366.27699829659,30971.371048460413,19442.871199384474,8242.426345416936,5851.301489033763,3627.419269932906,2618.71120157194,8720.652785401697,13842.020725630131,842.083531362785,15994.167674125338,19487.249931589195,137.05143237575484,20529.964381579084,18374.71495131616,18844.129916737456,20205.501033114564,21468.83708823152,26530.66192414552,22389.583730234568,27660.23240552998,30074.80385754044,23462.57324525772,24831.76084063518,28845.992358193376,29277.692161081086,29038.49264871917,27694.536764017434,27326.566511749683,23330.345485506037,23394.376870722444,30680.49298532818,29810.97633392739,23618.31797855504,16997.122524941762,10327.348340568411,7138.658046173728,3883.30404327738,2670.366068065795,5968.655089250328,969.6979545426275,19306.682680704598,16484.384686826532,135.44486468498636,23201.11350214894,31484.863252467374,24630.208416306494,30920.6683412614,23942.0202512736,31009.398768829575,26397.213339463546,25104.764495509204,23864.37647801698,24474.615898462427,24267.25869419838,29214.445280582273,23842.515862678854,27268.78489934732,22662.625984671835,34779.747545842525,33369.50426457745,33616.956081979646,29316.10273435572,31628.024046953462,17836.035511794365,8072.059737581513,6478.215044161482,4199.584262422353,6123.788075603702,2628.7533903921535,1220.0171562887963,18370.880699993082,20954.275587197142,194.781825364562,18041.34994225033,24054.548477965523,24060.87595703654,20768.590409240856,27000.42243226028,32485.182460669752,27561.93778780729,33418.977944858336,31200.3457305575,30583.569540195935,28096.857479496783,31397.339980291166,34085.228538260046,24831.175627343502,27032.64889055002,32111.84420924979,30335.566404503872,30506.334851787367,27913.608151733293,31101.419704270313,24171.794102219083,13472.797592611305,7542.995133668536,4900.35417586824,2825.994316828119,1304.1107674626137,8685.592914204053,13394.614291660013,286.6578570732217,16095.853218860415,18111.78231830499,25563.589023025655,24287.684642832817,22761.57532590224,22269.424625626914,31102.4954369138,25124.29062172136,28666.75107011333,23569.35268962036,23828.610723337883,23787.366514897552,24056.60832102598,30165.582429935934,29049.714030852738,30315.575776976457,29235.192752105475,30307.05333592628,24876.416933817396,28799.546782147285,22736.236951349045,23699.112905758684,30193.496411255048,12836.619437529265,7329.702790288023,4632.539284369329,2256.1513711809143,5102.654132581307,8654.694500313724,914.7242665253398,9129.503853019407,14135.838582893126,229.21298528336814,16147.187982995043,14748.031212133317,15872.473137905263,18614.150480874512,28248.272624579582,25941.278231233773,26871.527648556876,25623.63201741448,29225.29983746568,25170.674448560418,24648.959422279204,30969.761490045534,32965.15983586936,29357.961777501925,25444.645006409355,22809.5176339848,30609.786102871425,23683.626362278374,23028.392758322854,30060.168836082066,30162.346892090787,13296.446600661538,10841.784750664203,5451.239716671261,4681.184079439949,2536.5515004466542,8617.628501902665,10780.188255604706,1002.6881607327907,13008.686126632389,14972.093369444161,129.34164174343078,17119.241449962432,16499.86882870261,18981.588336371056,20199.01905788973,23536.040932997035,25176.29703311613,23227.69697144821,22730.204385701338,26020.79664886833,29307.4123553678,28599.699844980016,23058.931173374334,24067.042823642227,28209.128629921215,22459.539779477687,30233.201084268072,32257.958515302482,23959.202654858684,22316.09421210101,23900.77276866956,29741.247396134124,14255.727294570268,10295.318171099421,5804.63570427336,4518.146811454244,2329.2908666695544,8673.985062066486,10406.65700372096,783.2317436994166,15911.714615950226,19104.393540540186,126.77488231159744,21239.408386099403,20849.04220778625,22944.29056890817,20434.30543159907,24630.38820251763,24535.386638250453,27363.490884553947,28042.29463935414,28548.520081920014,23956.760264995228,23920.365305096144,28699.926620286773,29386.402812778586,28637.059099005113,24255.196076043678,31135.441939079643,24674.017602303487,30812.989947903538,28624.71595754413,24193.18848536248,31293.94121935322,10737.365079300927,8030.411129166772,6066.879376943277,4657.288381913099,4868.770943059987,2625.825226925143,13834.190502658279,912.1934053089602,16760.262043059844,23169.191178098026,194.57879778849934,23875.60873258944,25611.98253354831,27757.35523487119,29483.72616016317,20807.56074490671,25179.71683841489,28003.506708867277,26318.86924720295,23685.593655888308,22481.073420931487,32144.35317103935,27848.185826923433,33083.95795775146,33514.19709329404,24255.968505540484,24767.00803204373,24872.165938532034,24874.00112541363,30238.744196156837,32485.301440958556
74732.93394227266,10851.418485433029,30837.20621181218,8987.397088926009,23001.196141581706,6439.914531661486,20442.562738058634,3513.613973843154,21438.812733748495,1708.1333779718632,22235.137080893448,774.2455557776747,31535.9791730981,26429.2097546716,155.49546401249913,23022.85896268708,23755.564651796893,29190.69995282198,31343.449280495723,22366.406650813242,96631.54211223536,37188.94680577872,20875.185016303236,27305.134073185498,27216.04873583509,25526.287491655345,21889.119555180463,22085.3255077815,23567.21423126559,21524.71019182236,20954.298847706003,23024.34261560581,13164.90059043163,7485.987199853131,6238.882493957387,4001.3051210476006,1570.5434302507665,5258.4770732878005,628.4418678279401,18397.849329144003,17060.68788112225,103.00018529625065,22420.41858326573,21450.05571955971,24997.078919526768,20418.597214876845,22814.474944961905,27512.548233669695,28567.42526799413,29494.716267253025,29268.343685144355,27743.442043934294,30529.882662675845,23783.39630597988,28441.640349148787,24258.772336566508,30383.094453460806,29304.275765429808,27656.801734575703,24075.12252961755,23098.209191582053,22406.83936621041,31805.240979012997,11704.07456120155,9090.425038075377,6228.970927967463,3421.834108637097,1793.815144464797,893.0862112907877,15851.757402151065,15371.865908463886,19786.467385031632,128.86122181749528,22175.502889282525,18646.202325859682,19905.685397839618,24959.572448057454,27730.244989952917,28131.397900764,22605.21202325715,28298.223459895326,32830.67403477542,28661.86446382193,21638.067524741757,21376.316556349677,30309.128830780763,28857.683794597888,30573.49160277567,26944.0878834503,28536.916232945245,22856.524615980314,22029.483752734817,27168.281156509212,9865.169307728744,7094.541519503321,5257.282910756727,3114.65188545795,2220.682131706401,8948.210282612541,12581.413610954196,617.8509537661675,12976.401038329383,17929.743174772124,85.92033607586143,20654.331278669248,24298.419984940287,23873.852184193718,32538.36652976559,30786.84397893375,29863.12456994038,33093.63904881682,31416.736782925964,28679.513990127583,25231.297560943032,24033.10839172183,27698.227106889375,31018.26212258446,23408.79922255785,31251.52439815908,21769.170464703515,26446.384310323043,20535.23012740397,27983.15216113638,12449.756265457614,7036.803466338832,4992.84468680264,4063.8368866151764,1782.1020103580404,6055.50444673482,17822.500689110824,779.4895749961171,16730.256148388966,21356.955370580756,120.02558444606846,24462.621172198305,25434.38929606754,25589.585270516407,29032.771591410492,28846.798701923384,23412.018837578154,23057.980985918257,21145.00275525939,21701.136103818564,23705.845080650088,22317.635257723425,32554.837489223853,30163.85423738657,25378.82431501801,25655.762842922657,28284.033328755384,24678.87517266463,29783.1031275095,24317.14840058118,31964.143661891554,10837.084751361668,7146.982649432765,6486.37097842657,4064.5328761949972,2444.835632769668,5292.701524876568,8617.812723801744,731.5527163044877,9469.575011036515,14182.758928628138,162.82160703906376,14290.963768245241,13738.865918533018,18796.1394202953,17383.96407885388,22290.702424888575,18372.312691181975,20387.987880215456,25012.547050405443,27315.87631365662,23301.09568087003,26669.30769706285,21821.34394939183,24667.766154214773,24468.48396514966,30736.613352589822,33579.68349356713,25517.863949492257,30163.36549548294,26053.81028463938,25270.236674818294,24496.22896593981,7836.71980471079,5304.723388882429,3475.3465298192377,2079.369888046855,5230.273314910915,898.8762579410525,7191.928237468498,9296.34609746547,275.28099787158664,13970.483824265693,15339.496875904262,14504.864742333759,15501.318246201929,18636.77495821791,23124.886526362585,19197.035562913716,20268.381790814637,21939.3508238017,26923.4607831245,28744.0061349999,23994.980396864572,29203.88129119705,35005.98386813473,26396.31717509049,37798.2441321458,22895.71245566493,29051.655120314164,22332.562465945015,21844.72821021781,21356.827432600036,10336.495632204878,6956.533307295939,6466.031450143444,3234.35070606451,1708.7523925705332,6626.482740222528,13866.872105344077,790.1383267237553,16170.96063409242,15661.262927817512,108.7020040854748,19908.576213112094,16751.553442837885,25528.094142397946,25330.89074617171,28590.246289308576,24209.177979810178,29780.500297534403,30071.547160745053,30795.536590596817,27260.62099933582,30398.0808180733,31960.087883231263,30585.637177838707,32295.012622777296,23581.94837266257,30170.357696456926,24571.06877547007,26513.98666362736,23710.96134841381,28442.64310608069,24073.21862755748,9484.761321280195,6502.43764636709,3463.9776726696255,1994.6110452592168,942.2223187884761,10556.605781014112,10763.46033057406,255.72180508010976,16230.478255921349,18193.62230774695,16610.140895145996,16015.208039026216,17649.740932939665,19570.794316130483,24776.37480116167,22070.328634773225,27679.358752867807,22901.88385763739,23239.792477889234,28222.1313503718,32105.952338669,28603.616498805834,29935.886249135372,29143.34634843527,29942.2873224329,24574.64134279089,28552.539638385035,22277.543307699758,29897.20932763822,24223.638662334637,29730.083905693547,11415.230808460277,8408.854944725175,6516.177281769383,3293.5951359454957,1959.8966354924858,11934.975605527476,965.8551417195241,11338.837620021459,16914.40638842561,135.13707071376606,15782.389440104587,16717.54888982072,17440.96424879069,23813.499685491428,19385.45911254828,24559.577951001567,26431.81196674562,22301.41892564275,22707.369051950678,29287.13469846976,23071.332738121273,24185.658241391327,23606.88576378424,30595.655165207238,25524.584798169486,29373.776956277412,27773.986024976137,25503.713790872836,26532.50212289481,23580.17888826544,29128.91454942007,25359.760520299056,12790.887179053532,8688.126283239984,4968.325951336888,3998.177537083631,1777.8797003771151,6479.414884626204,762.7043543296206,18519.873577921797,19121.072128114552,178.80822436705265,20549.228397722156,19918.218660913197,19047.09811176771,19884.44956943836,29562.52894162136,23210.579932730703,23791.810701716015,29325.57707352709,30714.67018052095,28461.266588736216,29777.423025284264,25074.300572356897,23913.016620275102,24483.469192158846,26546.126756173562,23870.075221851188,30316.846517469923,31478.16132172893,24108.661454283218,25153.351150410563,31949.767679088054,20245.631892914767,8059.133267483204,6279.542445911184,3119.9197783259083,1761.7483358843176,855.1806198703304,8370.367176888576,14197.274958958515,16538.743990881365,95.30406677486489,14720.65765291465,15069.619295676726,20866.468527669855,23350.627446642928,20953.162521016937,25314.76000204766,22287.258867867993,22517.000310124513,23286.901022102174,23467.36392483575,22423.258561555976,24940.241044199276,28900.19547574184,30123.06095699018,22402.6111655125,21800.279205340135,30296.82152609365,23290.794543362434,24013.825272928367,38778.53922400464,20602.14860894735,9395.39481574961,9019.784154329684,5203.923632600954,3384.927894512951,4833.805240185344,1669.8515409177148,18253.578442318707,599.7720373370022,20559.202519043185,20815.758722085437,25833.348055990333,19081.252557379343,105.18537558849083,21975.24509940733,24538.95570510955,28893.186532419888,23564.63406785289,23969.322094396895,28219.19272844569,22396.240627885054,30708.971692869392,23822.261302987103,23293.868651562843,30288.799802273435,30806.222675862093,29318.425879237428,24062.257748871747,29316.497528273787,28629.844940176736,25057.151514048477,30685.823705862804,26588.646276475996,10144.948942540517,6337.245508024514,3331.181116609098,1593.249209005407,6297.908853333057,735.077548387876,13965.922537541042,19912.23237146318,105.17006806587716,21807.03422138461,23796.68796940645,23641.480549281245,26436.54663703436,28581.74806352434,25160.540671530925,23715.236196966456,23853.631719641427,24741.49268692253,31071.573097464396,31030.789598924315,26521.989923265955,29340.209445497123,30693.191016434757,28334.37262886336,24240.970372169915,30604.52011630876,29341.238278841014,28929.90552719261,25221.278938337833,30569.15289657217,13468.954231351223,8934.247070283787,5155.868737290878,3869.3658921800215,2262.830303563429,6130.4613173126345,696.3635547945387,17403.734791151688,19500.578906540923,145.66427010008627,17376.929559769815,24159.303219777365,20571.370664494898,40235.434254508524,23244.743291352213,23614.765552905086,28748.347477724223,21972.72637344848,23694.58259345834,26469.409907596706,27396.552516058593,25494.142932779177,32034.33100264166,31448.403339368826,31459.2641292475,24500.1884890506,23832.769827198466,24933.733361081926,24398.973523556382,28796.17301825355,19647.07310544587,8021.929887679822,7011.140916067296,4142.614915318936,1872.6505415777954,789.2261560031714,13016.933009235565,15514.763526400671,166.93401603581162,21205.45741715218,22238.669508938096,22128.935718225897,21615.285934230225,25430.235896012575,25356.748209951078,26847.96697250864,28098.914005783437,25149.868824604026,29149.74222258343,24898.29966072554,23624.227659071254,27950.60166141501,23161.912776347235,28831.167606377454,31257.73441514834,23577.232612626456,30501.18619092488,29500.210373800273,23185.22005876445,25066.511044189156,26358.928122571004,19687.475820132386,8119.882912342594,5349.990130339405,4043.047291966231,2440.1315898790785,8794.336912380179,11187.151993356309,751.9421309897119,16173.96968781231,18055.980376678068,179.65226256772954,16752.178412994457,16394.411780940085,18405.506377328056,24642.425155696732,21081.941759558023,20652.984354425676,28934.448320234074,22183.378858935142,24285.715800997154,26422.883339584587,30285.597765917882,23522.867103141474,29239.436373331326,29780.43154559442,23607.457038572295,30002.328270610753,23819.79439483479,26855.076350664196,24252.27786306883,23243.708226526254,24484.90675444105,11145.837233270133,7151.144791207131,5000.151533186782,3253.2592906433233,2223.2202903953253,11041.40118589807,665.4097252074714,13447.162224334164,16169.176169416482,149.54821531002872,18306.88177407604,19911.56975749624,17088.39577864662,18575.547721723568,24066.226561692438,25697.932139218243,25116.378321386474,22622.766179055583,26939.653930345605,23514.2713741437,26146.46913692583,22854.084995390476,30904.985718526626,25505.110102134506,25040.836699973184,23688.806560857116,30298.685695202887,29557.164164922375,25401.907659970617,23478.851281452226,30080.30740809305,23349.072237815202,11354.016118692514,8831.958697905216,5178.12399545368,3042.0585095253036,2263.3812213294514,5279.099210385143,7046.346223829027,760.7851469094371,10775.37087936096,13277.057554810664,154.97030640806918,15588.636625043064,14706.74740313534,16492.05312259502,18821.035547920095,22804.337581969277,18125.222916767096,23933.17712942239,21110.408326811415,21614.820317667854,29319.654430311464,22290.67249934697,28997.52417783871,29420.23277138977,29808.038359242273,29109.172321168957,29550.61058910321,29622.489905502236,22800.10333664648,30785.17569798405,24570.86505635431,24749.741938940373,25647.26202689039,10278.057708733206,5106.356901052231,3177.123119304189,1816.4043057683014,5078.522960699951,887.1523154847436,15240.66979144992,165.16407876597134,17025.50626005298,18397.304094053055,28969.724405516037,28085.327511853568,25929.643597006765,22183.401826267695,23924.282008632515,24331.028637229236,28970.544363790526,24885.064921587804,25764.324040726715,24544.55671063732,25782.707864730353,25031.767799145935,24643.360940354214,24925.055624496123,22397.167149301113,30031.743444052812,24557.57363519522,26542.3192717561,24437.372289638177,25938.47617612603,10935.722015415824,6756.927653414605,4663.852521413191,1865.0366962403534,5490.131039629153,848.7223948338346,9091.56235921527,11270.543736420927,177.89309617335243,13505.705883835548,16364.950378192694,14765.196891912421,19864.668642273686,16512.74138834892,22725.35581750086,19589.065722143365,24425.765110329074,21377.4887776593,23628.890588460035,27626.541206561484,23209.980143356075,22941.054358173187,29958.97265219994,29534.736088527687,23568.14167465011,29832.361850811125,24437.114306453175,23226.183664040534,24136.324093480755,28597.221108468202,28161.21801614413,24199.597500414075,8049.923879477451,6606.742944616658,3364.468484908646,2388.2736668409934,1132.3778441010895,5104.754111547348,9438.542403959973,183.84688235002204,9319.001447500385,11217.026937109316,13407.859164316613,14543.608227531462,20659.930365598448,17274.983710985103,22249.653669831096,19416.5942596283,20863.600678413848,25634.04503385599,21628.126864558933,28185.6841821142,31116.118567935726,29235.013463920815,29045.71698981346,22375.65162138275,25156.518146252023,21677.49152224849,39650.32517311991,26280.29478979083,38441.00882035268,27882.552529416444,15884.842438186986,7115.639353616624,5114.3985613504665,3162.9851906749145,2269.069258197792,8875.059811242067,14002.49256473079,674.7954213501597,16153.86967534382,19471.101066384323,103.45785534606533,19802.41246545952,17922.28026125051,18519.216266099,19954.45261745755,21300.78962955253,26357.89240599813,22331.446318313418,27555.530549664658,30024.258260987906,23507.348566398243,24883.67623592821,28899.912032026987,29324.054209897764,29077.7108578044,27691.217279898967,27329.944824659065,23326.273581231577,23406.643839634045,30682.55968077454,29822.580454117266,23624.8482106986,13699.968818794845,9057.71914765748,6278.627230039356,3400.554046536527,2322.6119642807835,6371.869018754065,778.7128922783718,18846.620735117896,16092.90157939021,99.327842430889,20579.715050129373,29618.026711425275,23422.161985566774,30935.524508223974,23852.615048408465,30755.87871667872,26664.24277364879,25309.351988176066,23893.545937237785,24487.39054180061,24279.85341043612,29234.152976587444,23858.398805534365,27284.8078229123,22135.81203290485,29745.12245896477,28644.99657950762,28867.354735190573,29016.862688218665,27651.992214479746,14466.67553874576,7027.837358264291,5509.3847337379575,3609.974779872069,6546.35097272597,2255.741900790306,1043.1791035609085,17951.80593695691,20414.102390514356,152.1561495718173,17779.98327690212,23742.31523728473,23799.50702856194,20598.932956740126,25679.988519919578,27753.881269132093,23675.374148174535,28776.098079854586,28998.521965446616,30235.187387120033,27586.357458365637,27262.927525447696,29241.680992922036,21330.667363177286,23215.400084493296,29301.218568568253,29811.40551949859,30610.980624616037,27906.22965787526,31433.89070744174,20579.646972212682,11102.745067471917,6539.483730500236,4258.013744399278,2443.142746466144,1122.1688967460157,8863.388633598073,13555.003486952059,225.29056122937786,16225.318148471983,18130.92007594418,25321.144245535557,24107.508812106924,22776.775521758573,22269.07492586401,31152.65438261808,25169.92790207102,28685.72073722355,23574.631458076627,23831.174386395312,23791.20463918944,24062.999200492162,30176.210286415186,29057.24316166595,30321.537116425992,29241.66453128061,30314.53299070202,24888.929685348918,28812.65153312767,22735.354636040065,23706.473808076684,25665.874229085253,10550.338510863234,6348.57434219298,4021.230683288575,1948.6553168578926,5386.720003809008,9014.753926226475,733.2532326980312,9350.990666900492,14287.970486329308,173.39656072633332,16260.234511073559,14769.735780086568,15328.452609430204,18151.491543855092,24818.759220293112,24062.452949573704,24422.299899124162,25176.09365932198,29335.640695369268,25182.13120326506,24671.47353171986,30999.524416019336,33042.97054454703,29404.215401055095,25478.44712957069,22826.575266719938,30619.684025537925,23691.888385677015,23032.191162097603,30062.593661309696,30170.593473647474,11420.982285290953,9509.420034741986,4791.069751266159,4096.29140690492,2204.307113482802,8799.134230989115,10920.47587121087,804.6122405748014,13120.27463364059,15040.346960229112,97.71651034887638,16777.85688770802,16023.211729612018,18709.948312858887,19941.29921358597,23335.453873883405,24988.063833257413,23104.34605406443,22651.508227783004,25982.357487661637,29309.66889144305,28657.355811866015,23092.9585453974,24101.140599517217,28263.417480669996,22475.76742738395,30278.30498000357,32321.6436075359,23983.895774322944,22326.334853114287,23931.21263607692,29748.49034417504,11467.669812419397,9027.79807344397,5102.511262390605,3953.0221542379286,2023.2721854191022,8897.613732955999,10545.231284555717,628.0874991962627,16049.88902935046,19238.94081021933,95.74771519900216,20815.4942693996,20235.694789887446,22583.332365642735,20204.20957605886,24400.269500915863,24336.9546689201,27204.20717540395,27964.373174462977,28527.669031399913,23998.82295089759,23957.701409668032,28708.540907835362,29388.24687669544,28635.810739028748,24267.59469943568,31147.073078711866,24692.38636322206,30837.77744624262,28639.4641554271,24200.173515122406,31347.505279145356,9297.072826630063,7054.299894365506,5340.765371312431,4081.1395183956542,5194.164491661176,2284.2900861695534,13503.52293505935,734.7559162460088,16351.950335356496,22741.42459155118,147.6620864779085,23561.09889039115,25391.206281987143,27560.331822708733,29421.52520355031,20732.192314826,25121.51173533817,27990.693082859263,26362.420481766763,23717.522004617796,21894.492472295835,27496.58048707182,23928.768060481543,28367.317186515487,31295.800595516193,22612.533814195598,24329.450995915355,24848.0716050613,25121.5662068443,30267.448123606693,32729.949334618857
78142.36792335776,9333.694281581282,30490.491023858864,7848.450000628158,22054.805890124233,5633.154333741868,18691.077419522164,3058.5747693976045,19040.11690264025,1476.270064364201,18870.212451035757,617.3338547572519,31635.640562792778,24695.748110747132,117.08169204159678,20798.37039027655,20253.37479002458,24743.083101818876,26651.258357275943,22328.48753826885,101040.02503860621,36771.68470294373,19995.898072221287,25088.810415148648,24098.9739763605,25668.60810407297,20465.300733654927,20135.665040038308,23698.298501211782,20149.3635672497,19135.752126292467,19494.95710250581,11181.104086645562,6535.2318797192875,5455.088424501561,3481.199762740943,1356.4668840388556,5582.887497070348,500.3582306919175,17634.855324297318,16774.06602318619,77.44978553108807,22166.035106351737,21329.361734393722,24920.126389695062,20408.87405336102,22852.996554678884,27588.15340104056,28184.369985443424,28540.089772795935,28097.939364322014,26520.4806437211,28940.168050017874,22475.764175666525,26904.98448529885,22867.767566276903,28585.988382437008,29167.48102504293,24859.209699166495,20420.610366048935,19582.748790142217,19042.06370877411,27047.69402878064,9227.152057376727,7921.024238394701,5441.976703409124,2976.083344916048,1549.1210611200966,768.3883532490303,15824.125265164204,14989.189962847315,19318.448516469525,95.93865343665328,21852.100096809107,18471.660067417433,19805.109397024866,24921.0393451404,27737.845583569335,28227.38697110051,22668.23202753805,28093.850733455394,33500.12980859706,27578.763638704924,20424.09444140237,19124.53631824186,25888.116939954838,24453.390502461418,26008.47881643045,24765.60255395499,26263.522090221795,22821.526439031153,20432.91972895427,24040.535928519483,8484.391010520883,6194.691179764402,4598.015807224891,2710.730150034962,1918.8986418822467,9118.664429775397,12719.470440549796,492.14727235788655,13066.326403106927,17750.601647022544,63.22377044160178,20029.855397158975,20816.814959826897,20237.962408609696,27728.70699794303,26159.317564821336,25453.186265275417,30471.57837092182,29024.1306355174,28598.801000671232,22734.77884527595,20438.63909506636,23570.42424139252,26449.09536420457,19882.344021182278,26617.088711551743,21729.4318962244,24589.40336857405,18183.30717588179,23743.875195672048,9873.905035420861,6110.370671983889,4354.739556198361,3530.6799863252527,1537.8286421390835,6449.440734549209,17051.066877079826,608.2934767562697,16456.847866980712,21121.000122022517,89.52113294554638,24296.931293381982,25362.97449621092,25583.888412174718,29087.758536956662,28951.73478380937,23508.340591665485,22303.984063335665,20985.045054002076,19536.23299548236,20119.64463364127,18980.00643641247,27751.421863340733,25621.495966768078,23301.882215615915,23569.34457991476,26041.891230736113,22775.56749470309,27557.884583528485,22496.818865866193,29551.869357745752,8534.820003839324,6235.198879026865,5673.558416052245,3539.507436191285,2113.984049497668,5619.123975117231,8999.25304155835,584.7143180437345,9709.510319297257,14360.700278937127,120.61971196111774,14398.490090960777,13766.120975938136,18123.785077979403,16956.402807893402,22007.886892317238,18221.930744980717,20288.215679761415,24165.821133988364,27474.709237583687,21861.34715373894,24345.119222833164,19092.75087444005,20909.705866360702,20764.73099194137,28211.378693207782,30890.00140226299,23576.47068228183,28078.564839373015,24339.14650679394,23619.3831379544,20530.21287853208,6335.258807540977,4575.514990707587,3003.1476323465135,1787.8663112018949,5519.647305301591,768.9529963796286,7481.184819412432,9487.49685857744,215.3239226462202,14101.264750004502,15438.099845351666,14287.906127604921,15000.725277187217,18390.789965874334,22868.856357307417,19093.79407931279,20234.209253211135,21942.882678121317,26994.90858367241,28835.0732549412,23554.576246917477,28408.022845545245,35728.51086958077,25319.36536505325,37364.57753998165,21937.950343577428,28711.75728076034,21376.216638011258,20018.008534327615,17995.816779839817,8902.001466943595,6076.834864030172,5657.469914075712,2815.8892127126946,1476.9523283138485,6962.405621429928,13931.271977143479,629.8444414820798,16193.85791289143,15098.462419134592,81.79987821334271,19411.896268777255,16523.825170335167,25319.802643401545,24154.942429258812,24327.148384112446,20552.422134735058,25296.443755772303,27592.67511958291,28284.928952137736,25087.390512585545,28103.228340784503,29733.7529465612,28578.07066099068,30332.965667670695,22300.204109904727,28648.034496633056,23313.222268168443,25219.39067322873,22598.275013759092,27091.186268529556,20164.961134622983,7683.59975050507,5607.116651232583,2992.553920599344,1714.4635660930078,805.8711072559757,10783.3255758544,10896.872072654427,200.00553879474884,16350.552348843137,18113.681820554426,16040.82954338796,15756.846934239666,17421.6129046474,19441.066128887138,24708.83819122018,22067.012260943124,27741.32339938789,22981.557274704788,23328.304603432523,27410.320561330856,31049.94109467034,27653.25925511975,28891.869536655267,27937.919877156743,28612.549768012603,23420.587408662555,27260.38066314293,21301.9522892184,27208.857838841745,22965.43013325132,28193.43736530041,9233.383691542944,7337.3723049169885,5699.033649514046,2867.133562939581,1640.707029116626,12109.744630392408,809.788173928129,11448.144762058566,17038.308471322096,104.27560042374255,15341.668936433633,16297.601020816273,17169.732730824726,23576.756980956932,19287.228628788067,24520.619496117128,26424.492140845374,22370.347960320534,22781.586245577844,28584.888723444823,22352.741480530585,23237.149051149714,22600.56818620489,29238.86187981482,24406.69360168891,28258.387247730832,26725.625968969845,24297.786820103523,25291.55407396652,22536.00545966316,27742.8467234744,24069.260579901995,10457.263755199521,7582.270817541648,4345.128494683614,3480.223847035713,1536.329907743057,6854.868666997194,656.110923026378,17765.71436860364,18846.646702672115,133.25168060183688,20326.793532567783,19810.559593218528,19007.230407095027,19872.391343569943,29643.736581489433,22883.90581681875,23170.583874239506,28336.617535647696,29659.68619720902,27518.663861849716,28597.241160457474,23957.635606278578,22906.814220002565,23466.649430472287,25428.078705618496,22826.41436580111,28912.399403188694,30026.906588328322,23110.724271967443,24153.27073653415,30480.543436747736,16930.10058206261,6543.798756112278,5402.036880736606,2628.3708555107987,1486.9664158184298,721.3878092822019,8526.023967289426,14332.55020413028,16671.385455941407,70.10443119593896,14477.253977260272,14576.969490411306,20567.014703107197,23094.50943476849,20843.204845030734,25268.406914735577,22283.487549126196,22587.180449155043,23365.48119663762,23469.54567363713,21474.365878794983,24008.71138343727,27738.187731719125,28851.981920546194,22265.33345390959,19604.583349993685,25707.31943729133,19734.017539298187,24076.074727313968,38340.80259132888,17301.019193553053,7955.820443194693,7870.71245327958,4549.767468844972,2945.6893987889675,5140.162116832315,1443.0386483618827,17459.668186218245,467.4197630410181,20254.724567477544,20556.045736409993,25680.60927974085,19041.337397161835,75.98252431305278,21970.14611518536,24603.71395981519,28982.223814925102,23322.888151072348,23383.236735367715,27345.698193701475,21496.795062620182,29160.551129617575,22566.06236749871,22089.321722377466,28652.81078424475,29120.98867413391,27815.62775413998,22819.290606678784,27780.140761407813,27098.658434173318,23619.55789730365,28951.031950981724,22247.82456791536,8201.191770757845,5449.8601854501385,2868.5378192560866,1364.9292618821398,6715.792489610917,570.1134600020606,13361.307164348053,19572.969708196233,78.03834292170345,21534.13927606689,22077.24831629286,20126.833831902917,22535.47458997455,24299.39013457238,23103.74028046075,20224.222284165382,20348.701532279807,21101.466942377443,26492.137866741872,26441.285933261108,24574.90844152457,27324.089892952186,28646.902146896966,26451.594856866777,22594.141038078054,28458.85910327962,27321.62328172976,26931.878357014488,23413.993971877706,28404.92886147126,10669.053707233244,7791.963664497912,4507.407971243163,3367.1605005892607,1954.7834417793583,6531.62221191854,556.1239418285285,16654.157159253155,19172.596450308665,109.85628179696975,17177.254634127326,24016.523756468112,20531.473279366626,39782.144656111144,22245.40089929044,21671.75296988582,25489.021798766953,18640.74375734872,20172.833701176052,22482.139733895576,25144.726974724148,23442.450653590757,29532.90059227844,29104.59143096177,29261.843519988674,22904.362386534467,22371.28384960503,23434.0614624982,22994.023607186435,27253.36136133139,16459.40050515313,6488.843168968986,6041.354421857542,3574.526844696752,1607.451749200561,674.9146601262659,13040.118206778732,15063.01303213195,123.99865667647248,20734.40087208629,21950.286380340243,21932.928245088515,21507.052219766138,25404.282242616755,25371.16513218017,26904.61878955399,28177.445274251935,23993.009128658072,27995.270580180884,23746.455167586486,22551.81778256,26693.122085120518,20990.995578575952,27234.78373312587,29401.009367170467,22191.596667707643,28768.514919101282,27851.230973632293,21891.55671782167,23601.60723855186,24853.291102053012,16480.266938358116,6801.000765038703,4606.197100110298,3485.8170952069822,2093.475125311465,8960.06795509484,11293.60953050687,597.6718955503754,16301.157068196662,17749.785715460945,135.15211556018508,16218.837212867687,16186.960997247637,18196.69202641897,24507.716869184584,21053.290726973955,20659.14170811646,29029.92464367592,22246.102462304312,24380.993259036633,25706.318203931532,29335.38444759229,22696.43226257903,28112.91762830615,28474.617722481056,22508.34470646139,28538.7006804325,22627.26667507521,25496.634780201184,23038.633456932108,22138.058383581512,23263.41640622057,9055.16222998677,6240.68457721027,4372.754439962102,2831.674057263373,1921.354682253059,11242.93263367118,530.83647441787,13599.00795632564,16287.067352464685,112.61773083684069,17966.8538271084,19324.588879604125,16766.712343074203,18368.97930703375,23937.70323201175,25654.115206311315,25118.509164401665,22684.579193949994,27006.701322721565,22259.90844526756,25056.52248510476,21878.514660649726,29462.881661390464,24282.877857191183,23827.938706823785,22567.5475549369,28898.948076154622,28167.936183901962,24180.57565768826,22346.365446198517,28578.072194638473,22152.606486467943,9152.582678044653,7705.399969525775,4527.37503047412,2647.1191216469892,1955.1894775896665,5599.942019909537,7352.069163255163,606.948548757887,11031.002998090631,13416.39003577108,116.72181181448208,15704.526219407113,14667.466573298794,15940.951858734448,18509.645496287463,22519.66258853393,17993.348185743842,23828.556297942323,21068.337965572147,21645.275555423268,29414.94903387077,22193.367519165666,28201.960457413552,28278.30961777436,28482.3890338727,27753.3793772117,28074.53772369897,28070.524775166698,21565.614061292552,29004.690688863066,23141.2670701148,23394.91823724857,21471.57440842742,8310.294773901362,4394.890253847819,2738.792385103074,1557.7565643494208,5382.429543272616,704.9523882154866,14607.457063531492,124.15451856843377,16768.79769865352,18203.867052436086,28608.13780699212,26545.69704093934,23638.555007815343,19453.131487349616,20285.711578951457,20652.23467985096,24693.415550617454,21227.393432032353,23657.165509958853,22589.91027816016,23773.01944076605,23081.05631528485,22739.471960392842,23030.78977538714,20733.4921663282,27734.644652619292,22592.50373786702,24406.42317764742,22515.22223453836,21785.383808685634,8858.201340656751,5827.57489023894,4028.865678378317,1602.8221886620452,5812.596311711426,725.8466853867241,9487.511504504262,11518.108290898925,139.09955653848462,13640.962726014566,16484.862040957483,14695.18432055266,19165.207538338076,16246.636092580056,22453.223174682855,19484.601045532127,24367.223900741516,21374.090156895934,23674.562560641945,27702.489243215514,23237.221759321168,21699.42761729895,28795.07840777841,28258.033729927138,22500.763546962335,28377.023525770477,23201.27127919572,22077.699674468222,22917.18666575718,27097.211110311582,25321.13001622609,20286.773370866427,6501.381881063009,5693.804035865014,2904.532576796955,2051.2349184189798,968.0777911290822,5375.979838730594,9788.24288673194,143.75704463138393,9484.337086941261,11309.850333894761,13496.550668213336,14269.340255896455,20051.687148937464,16952.327887059324,22000.639122785808,19307.36204192504,20828.97871206779,25640.44216538464,21676.23503967383,28267.82521269574,29791.691295007393,28346.96130136037,28071.773682568124,21446.68320750227,23905.685054001304,21554.220656401245,39180.26995019253,25020.469924306362,37978.43461983349,26554.649698445905,12686.073711158493,6122.6563204602235,4444.455996840753,2741.4230746052,1954.1745493807068,9011.908187340629,14126.688661021688,536.7832195656174,16301.080590931151,18953.438492229598,77.73101431280186,19264.995108589508,17584.83519607301,18327.416689927428,19854.990655014502,21271.845472159843,26376.819101059573,22403.69043008255,27626.531476149787,29571.67725357095,22852.30501069836,24048.06703846295,27903.654742915784,28216.530263132267,27800.880798060356,25288.73150299335,25870.393920753457,20806.482828751643,22056.436385809582,28843.600250138283,28039.468646107827,22242.280181899998,10960.330624370274,7903.388578319044,5491.157482282859,2960.480907576816,2008.3479430616744,6777.102137957702,620.9103934996914,18038.093105471795,15878.18492191987,72.45222033663303,18270.33690413656,25223.981641954015,19915.668820187,28399.471367060556,20344.981625100085,26232.460811550816,24482.48454179952,23339.575428622775,22155.23018145191,22749.71487985306,22564.457898628876,27210.386315420274,22281.895768370046,25545.199777531674,22039.297465115604,26777.716999665954,24282.75144573971,24479.306437636144,29089.551267361465,25829.4244357764,11449.720474222,6091.0198973919205,4654.244857917344,3082.49696330917,6972.310963487012,1922.898633455195,886.4157777302692,17185.22353615736,20086.867085690425,118.29602449197705,17568.849795358637,23567.875457856382,23709.667617509476,20581.903772517846,25195.209962606943,24786.113579171164,20084.04785856178,24486.84126121064,24634.254274889456,25767.686771481858,27548.58718151606,25344.105569716852,25263.346050880307,18095.989572247177,19783.341856306946,24872.391660107944,25396.019852274178,28076.67809967491,23781.456918756852,28962.769222729377,17276.30334347686,8983.793809037415,5636.855684005255,3676.776983426839,2098.8960874624086,959.8123480024515,9021.889130845608,13675.294735433417,176.21913956278007,16348.291094193104,17793.286542396487,25298.68481688812,23060.171007719957,21973.853691655913,20651.408629520025,29606.22452053807,23894.29538587951,27422.629028674626,22500.165723377584,22624.836509700297,22532.49746288995,22760.426621148756,28543.37572938974,27517.27076904595,28666.47144688284,27623.78835876282,28608.69355173992,23484.514938251283,27283.915123377592,20550.766149944102,22382.322004134683,21505.83840389649,8510.208553473582,5466.72153240248,3468.6383634140857,1672.4152304838492,5676.114618569729,9353.962161381067,583.2536679535141,9520.2916000206,14410.92632002256,130.42683812044842,16358.092637867408,14499.440146915722,14868.273490655507,17803.25604427133,22388.10310088365,20507.781230423196,20756.13029305744,21436.893088136676,27051.649477585364,23245.738680729257,22754.060243641747,28644.892614655397,30593.861121398306,27385.626627559148,23978.31126255253,21681.72928659077,29077.289519433867,22475.65620002513,21854.570054235464,28421.616879786445,28468.83448363922,9768.218370318604,8295.985128760023,4187.122921079491,3563.470307942044,1904.3319844158777,8959.389024572018,11027.999987598962,641.0699231545356,13223.907093181668,14811.291937171325,73.48749852430487,16206.538918247796,15783.927498905385,18494.256965563705,19835.973773850532,23293.690366474544,24987.18423606006,23139.543389914197,22717.637246123897,26087.709617869114,28767.459718764734,27880.217128489607,22247.49539100031,23027.528705012235,26936.32990014692,21557.35461744867,28984.2309237358,30802.133092042604,23023.791339660227,21515.720493126584,22857.968440072913,28269.215579123647,9284.13548870332,7875.406670884144,4459.975015583117,3438.4524623730754,1747.1667668361688,9090.754809450345,10674.27990504524,500.07625745253955,16170.453579285168,19145.348318589855,71.98020786532987,20092.35888786092,19920.50698148833,22301.13054768673,20081.29022290434,24340.174065754236,24320.158143610985,27230.903098743293,28044.682284461105,27266.40521499938,23048.99694302072,22908.27781100455,27426.75798893132,27955.588365624895,25868.524924494566,22953.14354713964,29393.887198751545,23397.52175055511,29371.787786758206,27385.000710826847,23066.949976888944,29804.274884326973,7999.665278832714,6163.960965985665,4675.208293180116,3555.6736379361787,5520.569158653512,1975.5264023650875,12917.638212062242,587.4714413873705,16116.667676440338,22476.369008966205,111.43836699794268,23428.01905134842,25338.841839921093,27562.341495186243,29529.446458373342,20792.879396613498,25202.913797284957,26527.284269612323,25303.130145154217,22616.823600431995,21764.228056455722,24744.768464988745,20306.469076927904,24121.260988926075,26677.726456607546,19218.298748968053,20725.898745509385,21197.1481196239,23087.66494239734,27863.68379003573,30162.40555109115
22308.51169993917,7974.190008687568,31304.16836297286,6816.058625151528,21854.02818815291,4899.624546032922,17997.76903939229,2647.1929761492734,17989.04732161339,1268.5756956034586,17025.375794425818,488.7433001400438,31318.78057340143,24100.9959760422,87.72683975745808,19873.03002744289,18644.95132419616,21993.46939804329,23082.431141270223,22549.468402997452,28845.460415874197,37754.661747405895,19797.907802674406,24226.15737287348,22736.015882634634,25439.724820230822,19981.520768508886,19353.784109346747,23487.589783044295,19680.982397188578,18406.168526298658,16259.040512577705,9482.22616266695,5673.933803077521,4742.764386539532,3011.291251294032,1164.870034353248,5909.232733440956,395.5940313627561,17114.957937198556,16615.422090011914,57.972192684602355,22064.37305533527,21385.716842500482,25033.666683613268,20552.919344763304,21582.028987226517,25620.39392644713,23889.542797176866,24145.566184560812,23766.380067467042,22435.17725111542,24479.43459856525,19003.89148220053,22752.6590616424,19340.22248442511,24168.478766314107,29409.428299768646,23698.22626490421,18736.628169396125,17688.972723387513,16885.599602418093,23447.757726587253,7325.445816044599,6864.746516323841,4727.273783178436,2573.394334681837,1330.0471314290555,657.4235740379323,15682.525239974546,14617.349935076887,18999.13725203666,71.06489494598408,21695.20648339136,18447.846486102113,19866.221277318207,25065.53708024916,26966.59343495936,26619.037291365803,21091.750344423253,23802.747003382843,33317.40756874779,27373.68987738224,20036.20570052786,18160.096118228914,23822.592936062887,21746.650919396252,22447.822665684595,20975.917443275954,22233.889894236894,23045.541720455167,19842.66480281161,22671.839369919795,7247.720475186263,5379.138520865374,3998.66094608971,2345.6665746574713,1648.5951137880143,9275.449462519764,12832.403168027127,389.3210215507949,13086.028473024766,17749.38545366776,46.32333897924199,19921.477733068907,19229.449581671277,18382.00982769132,23838.498931268736,22685.11244967958,21721.93980900852,25805.50717635414,24553.513476284505,28861.05447979568,21707.35287194305,18791.092758112107,21572.442109121974,22737.85956731589,17364.005587869306,22849.90709836062,21941.74643540122,23908.237284399955,17154.252716215447,21609.76479911616,7596.268442400327,5277.882661408561,3776.1214497194974,3049.477723288868,1319.2931237594958,6844.788802845173,16489.548040647667,470.87406817380736,16253.848481464738,21022.166752441753,66.41778772231307,24309.700085548262,25484.039714315106,25711.15256894819,27467.84578505055,26926.026574672545,21655.829260032133,18932.494121752894,21127.751946494853,18633.69610660198,18394.553014871788,17342.365718302644,23870.547215387858,22285.65922892303,19721.042872653656,19952.92368884738,22038.265982982954,19271.661432298064,23319.533481621467,19037.6982826434,25002.618732742845,6886.67416406681,5410.338056594157,4934.49539230141,3064.5864120409196,1817.3382960312017,5948.202989877945,9354.287949211877,463.98517423436203,9904.406099279407,14499.363894102391,88.85633489386859,14516.190706972153,13524.246920231846,17603.57635276921,16660.689022516526,21879.777737021657,18214.771476148395,20351.843090272145,23984.289694493214,27233.098017669527,21392.26484738782,23419.010369435782,17870.01385060098,18743.545212592748,18186.37027122488,23886.523889430657,26141.454384490255,19940.45458627431,23751.74403498989,20585.576806453977,19971.96785395852,16914.211371704998,5092.871930644758,3922.469516789287,2578.909684387011,1527.727522013415,5813.49495258613,653.9419289880698,7747.348230812329,9647.556221090446,167.57197439028818,14210.501975317784,15479.948405163957,13779.132584700068,14700.603161646774,18211.996169130733,22807.883899813052,19147.287372754254,20348.50750257964,21351.156480213205,25469.26089668818,26765.372546460123,19957.056261248577,24030.932512173742,35538.603818756026,25091.894780198712,38323.71590275122,21727.39209533208,29453.876294082715,21155.008583390158,19301.541045162016,14922.38701334509,7615.686853110297,5279.331809638352,4922.093137094293,2437.5351972826693,1269.296312231495,7309.023687112597,14015.568184893866,498.55748397044954,15948.37107264936,14648.723393038335,61.27033122380639,19070.27743940778,16412.708774676958,25303.517441845244,23801.50820851154,22360.02111304344,18432.690581199124,22044.723582633607,23361.584854018845,23946.54218804924,21223.932028355677,23774.155310440085,25145.85717717963,24161.01620872183,25639.197116247462,18847.823750759435,24221.4046609726,19707.496327074754,21317.523064348574,19104.325581421017,22909.3581752064,16602.658150755986,6197.627432262642,4805.534453732126,2569.1119619611286,1464.5449383838252,685.1788967216252,10986.245307685367,11005.970606187562,155.65188163671198,16472.50836226456,17567.612011355177,15701.796487962461,15575.921990633984,17347.98783268023,19453.90632097998,24829.052218893066,22138.435721167803,26297.207559079314,21461.604514924282,21511.316486244315,23260.73824232995,26254.971368364528,23383.085463255444,24439.928068294277,23628.94705425466,24199.314702302858,19802.629286009324,23045.37320313218,18014.357822140686,23183.918813390275,19421.882712683455,23835.254518682785,7589.580749168982,6367.726167354024,4956.060815794386,2481.553204122124,1364.0564669919831,12273.514727325726,674.6894890051284,11553.013193901268,16970.57174919718,80.10695128369716,14853.332729257629,16008.180018034112,17035.648690797618,23536.787390862795,19347.904555167486,24662.41912929733,25496.306687517714,21058.23030954516,21103.966104281015,24253.021749899824,18912.062013721184,19655.22753199137,19112.58391263121,24724.050308240636,20631.044189153476,23886.926293858305,22605.37992345909,20548.151973330052,21379.421210963457,19054.89828913318,23460.035668530883,20349.241387514307,8657.861832725357,6581.276732856263,3778.5711819789776,3011.9204851925815,1319.9362286075998,7234.072144734766,561.271838422315,17267.06702726999,18706.94327601272,98.79012441543712,20237.18611728023,19865.244160770188,19106.639431103256,18558.68413026103,27560.279857398367,19379.225356392853,19600.813331350644,23964.477606277276,25077.45583085761,23272.864503867346,24188.75039560568,20257.196753082084,19364.978319562266,19841.58739826473,21499.993171178077,19300.993521609747,24443.670957883613,25381.206323157352,19535.2187598301,20424.699651516214,25774.532901611045,13910.85649056094,5304.0168726197935,4618.397207001955,2197.5501400337316,1246.4171059244675,604.7223436701818,8673.127201839197,14453.452759497883,16705.052120488464,51.33389125374107,13953.409186366649,14283.748056413397,20349.82543563684,23034.864273209212,20905.06993523575,25409.888450010287,21903.01275004893,21337.798439870137,21712.621614482196,21588.674304012584,18241.15495483028,20309.088779706904,23453.687772283945,24399.706905801715,22433.862066114754,18690.79675925797,23488.02848891576,17925.023369682633,23832.446756376183,39344.58819404666,14287.944840040158,6726.668203853062,6829.862562929647,3955.250373679719,2548.6969002516125,5447.909806560237,1239.908426382775,16888.249032625074,361.4091610457221,20025.935549293616,20477.408910407936,25737.042304357976,19144.338636983863,54.625102134039274,21694.959839455805,23288.077446123283,26955.277489655764,19753.14129195086,19778.727514677492,23134.96923926512,18189.248390172546,24665.138028089536,19079.502737510596,18678.015124451886,24227.827825167893,24617.123781037586,23515.72987825363,19294.039206809146,23488.86742787432,22918.11203867037,19973.019673488394,24470.932928302238,18293.601181155536,6606.007924885957,4657.567752292119,2454.4424138979393,1162.1022146199555,7135.516140941255,438.5805520417577,12922.883802370949,19322.33734971783,57.64540994660697,21407.346631766566,21405.244902254013,18419.386094659214,19314.073343872446,21029.021269645593,19559.76051643442,17218.525556854627,17339.1251551946,17985.33287503878,22579.867663238027,22608.64483760819,20799.33772081857,23111.99619297794,24230.849521226897,22375.63369092186,19116.21526051255,24071.94669042,23111.886541966716,22787.686273160667,19807.53737117126,24022.89167553985,8643.501814443087,6758.904766414766,3918.111150909664,2913.252806203096,1678.8762344698982,6933.609013269912,440.9062669124826,16108.332581416726,18928.12087694977,82.41682428449226,17087.11595704622,24069.25441240109,20642.667380557272,40805.348518127925,22021.22129120024,20917.507693813473,24066.44467502927,16839.985199527317,18057.605550644403,19609.049552822675,21288.33095776839,19841.499114047936,24988.03006310928,24622.677516473024,24744.44850196135,19366.16316224082,18916.204810317966,19813.21922109074,19436.450974274434,23043.35906927712,13553.703215865908,5223.52742067815,5173.77983800592,3065.044544000754,1371.270635039171,573.7824116209324,12817.670742289649,14766.554121080506,91.62104355081291,20411.949371765808,21820.02118302907,21912.999299006686,21571.460200777332,25564.643495447064,24775.49899380759,25305.312749627712,26003.57875530168,20407.699894755126,23685.94010006058,20080.45007559081,19065.922746350603,22575.181317530136,17893.96099934222,23041.77516070225,24861.36598009551,18761.475214254937,24324.37134888577,23548.310474061713,18513.87689812963,19956.431180642503,21007.438225129623,13558.021648098958,5669.382763749438,3940.603711996997,2986.399701531653,1784.867122812446,9110.594816319128,11389.026287361188,471.45466441167446,16325.73072362382,17097.65759608962,101.1058509189683,15903.645800078055,16039.518667742046,18143.44809584831,24573.29519024284,21179.271398234006,20284.976959314678,27459.244149476202,20715.783273069002,22432.41912138302,21726.640101957615,24810.29802337769,19195.062556815,23779.49192270586,24083.224207338164,19033.99722814244,24130.699522696446,19131.308743460428,21555.645302377936,19474.684639431805,18717.625630781542,19669.40167091612,7465.581311469661,5416.613552388149,3802.4320556755706,2450.5283089633112,1650.9247927203496,11425.615185645323,420.47668410293795,13723.092226474397,16291.510046694622,84.40171032774714,17307.685447848886,19044.38784561312,16593.524064851274,18319.64054087226,24004.607766638776,25797.979699563497,24355.291788787108,21260.435907079376,24887.745822141056,18961.632100533912,21192.45180187803,18501.592054582838,24915.462563571713,20531.54504314241,20146.931131303994,19078.52602375098,24432.63370758631,23814.52761862078,20443.587596811783,18894.00870479069,24163.79639843037,18730.845834753534,7505.813067214718,6686.092502276433,3935.936539291337,2290.201797101345,1679.1784975934768,5923.735902372745,7635.526985984912,480.77050445639657,11235.88778499625,13521.849030363626,87.48238428691357,15829.457349228232,14248.427395337652,15612.337116142588,18292.487221816453,22397.85621747518,17999.388810831766,23911.508229362433,21178.28543376124,20495.389194094845,27340.11582130884,18776.145278379285,23861.908721528966,23923.26460986797,24088.629447631014,23470.593881500336,23741.027265361074,23736.56108242538,18238.627029741627,24528.237912239263,19563.135366425395,19777.798583316806,17666.667096048892,6691.566360051439,3759.1618070698473,2345.9968108912926,1327.6077759756865,5688.845364961873,555.9169516765086,14178.869964889733,92.8307773131379,16633.909404627175,18132.4928917563,29338.945063272677,26079.705017702327,22717.777010443322,18232.321276412094,18177.89790500313,18160.427410839267,21068.217340951578,18086.580285981752,20036.18081591747,19120.75163418687,20121.053616591893,19533.96881979404,19242.007591507583,19487.363738039596,17546.781973481124,23479.97869400052,19125.9688975645,20652.20787707586,19054.42290071146,17994.394504053133,7055.000379293384,4995.564991417829,3458.6196133903672,1369.044237050787,6138.114012298136,617.1179437658207,9851.545620083076,11726.309745156577,108.2710069569427,13754.661392127466,16606.010479805496,14250.985499086133,18750.287164002642,16058.097037193193,22376.033334111424,19540.26664043666,24493.316819918193,21531.53101100743,22422.143989389704,25814.558427021115,21381.090497235527,18446.2833596984,24359.438575211327,23897.99928617049,19028.922284454344,23994.552795368843,19614.43892072951,18665.77190139056,19378.434620634063,22913.306588400803,21602.986345912635,16718.77211790744,5212.123160753594,4876.929679218146,2491.744880058773,1750.8301844011514,822.7241339153303,5653.6612992467635,10100.256820090131,111.88827095277702,9609.12544398293,11382.336378225578,13491.465669109482,13755.719664475744,19761.778028132427,16781.136412429994,21942.44897066287,19355.87755774044,20946.70835941518,24941.042005234714,20387.609060942494,26094.949457992578,25318.08422494256,23973.477896602184,23746.55590898019,18143.335706292353,20217.421090226435,21721.396728040807,40207.39894159211,24689.842941160558,38960.02385497816,26207.654568514627,9846.56501829899,5244.423227426736,3839.3910060841936,2361.811617699193,1672.9540011568577,9137.93657200991,14242.51119623542,423.93344611680874,16277.210663571104,18357.711906937915,58.140829773395126,18891.76420629737,17402.808528899983,18290.291421765978,19916.702369112256,21398.516032093135,25716.432396094177,21168.81943326693,25670.50304640504,25077.983216436103,19329.241688131755,20337.447868405066,23597.171182449925,23868.42139558193,23515.49435714943,21540.700356452642,21888.690128900773,17758.302409947068,18659.83129557123,24390.060531192285,23707.61087738676,18808.218167244588,8941.962443000071,6858.836953361255,4775.275373241341,2562.517574775214,1726.6600738789853,7184.61769615996,491.6418419898672,17464.38476437013,15716.778971953705,52.586283278055,17171.933089517857,21856.623718366583,17282.521091167997,24043.42658746119,17314.335127375314,22353.065085006452,20734.283985177928,19744.203323183505,18746.79417587669,19246.44069440491,19087.003052110653,23012.583393205387,18842.033478385358,21599.82132355291,22223.508393303266,25550.616428181118,22275.34999545771,22132.320329582068,28791.469627035243,25195.39812735245,8785.17031822309,5251.411143076394,3902.786089128405,2614.197279171632,7402.023937854694,1628.4253766364645,748.5925916632635,16640.32091171749,19845.91847390543,91.55332015209684,17475.881568553876,23571.916477991053,23804.465535588486,20720.03300940951,25212.352287400805,23520.10348135282,18220.993692215205,22008.126523931773,21523.931853483973,22070.042974465927,27825.339853105943,24646.77505887849,23467.55483849872,16431.977408114646,17820.53479332784,21872.162683701343,21790.232437984367,23786.550117382947,20338.380713367285,24521.166186959257,14261.763216011612,7166.494938417554,4829.23568488503,3154.9897434067275,1791.9900401083887,816.1103914323962,9166.584028940133,13783.074313683856,137.20739681731266,16354.225316408398,17137.627895539765,22559.032649837645,19558.784759697573,18582.882814021516,17574.969295168325,25044.652172709328,20197.149051812652,23184.242065169354,19028.624143796096,19131.700241414524,19053.053072980252,19244.68400290865,24131.91430386778,23267.494591884413,24240.301878000253,23357.212047284167,24190.747949941742,19852.587646789416,23066.183388660367,17518.018262810274,18936.140431812302,17713.38893568875,6825.06824703398,4678.373323024995,2973.096958041862,1426.3913450363402,5972.261460600381,9655.98010583675,460.4139362108664,9648.377714111508,14507.0339014199,97.58052640870685,16348.806211927857,13977.758498619572,14644.728028401925,17612.183935847952,21343.408872770317,17841.96016463167,18297.760003035608,18380.999996924947,22909.866757043,19672.535191989333,19254.081490704837,24237.456482914422,25877.664021195418,23151.634566755332,20263.192943303664,18328.068902163588,24586.59326586907,19001.774514411503,18480.872151268464,24035.179283569407,24070.01370017629,8307.576785884337,7196.924159888315,3638.531658325447,3081.989962953874,1635.7057714330176,9105.50227497083,11125.190360765568,507.2096386800647,13260.525921488292,14284.993862319561,55.0269230167088,15872.529437450128,15616.939656747993,18403.858674165105,19893.41179555895,23427.113385293433,25175.701964583495,21969.279382278113,21176.180702216145,24057.36994582822,24325.42297680315,23587.79694801692,18823.365072888846,19477.855828583528,22770.658312696964,18225.17764725036,24514.11267478974,26037.066148859547,19458.59799287638,18196.26647977129,19335.146926064557,23904.956783140948,7635.969345798401,6832.820521344551,3876.209309033886,2973.632291424468,1500.0721591660747,9264.771959618072,10779.389855359404,395.3779725556128,16289.768201974415,18570.001895962567,53.87582260886555,19668.22845446145,19701.195070586655,22176.475327007163,20104.267674269748,24465.54208455722,24487.104094621223,25650.692746626144,25877.753678451318,23194.794258305476,19498.461603511838,19371.588666668547,23194.392723581583,23643.21205845097,22041.35751951605,19416.32836901218,24846.681901178494,19774.88886779036,24824.669702822623,23152.787580862365,19505.817572709933,25193.992437847435,6837.030045914528,5356.417634089302,4069.571719650293,3080.1922181622303,5848.025578206806,1698.6834069618012,12498.667609951184,466.3050249403926,15936.40380661127,22402.98008962392,83.663979256527,23487.466785892317,25473.552589687588,26886.862784579207,27912.769862952973,19438.400782768662,23221.33897202591,22542.263799809913,21408.726124441302,19127.9844510901,21927.661648819412,23600.287793650365,18578.348133518746,22038.302089500463,22922.542392249747,16718.070123524976,17814.42708559332,18034.283266327886,19557.401342889872,23588.416755576043,25520.269914742967
10180.909889783918,6763.743136236766,31244.61692746587,5885.269664103168,22092.017749869665,4236.949238200319,17900.764320014638,2277.8571056710607,17688.900300721773,1083.8615434771846,16301.891726020489,384.28922116572437,32304.788419114564,24157.749922532294,65.43781405372967,19676.51509524318,18076.18688895957,20854.850227685234,21526.433691984726,22416.637257726226,13164.169675386498,37683.86562833657,20000.293708202495,24128.739768048767,22347.884174168248,26264.434841443846,20035.01235178378,19229.965608851042,24243.001185346486,19731.482942385508,18290.962528281107,13316.592845821488,8008.863262715396,4897.8002571823545,4099.548594748554,2589.686865659425,994.6139492960307,6239.661807517326,310.65450945839433,16787.40174362315,16608.185781731892,43.21158758822129,22146.17856750158,21323.225866427947,23859.940991823045,18967.840978511944,18108.352597897858,21507.074866079423,20679.74002877131,20884.737678172463,20593.82704901276,19458.583296313587,21313.910413023026,16521.418222166012,19805.099288938403,16855.792905886578,21059.22783639659,29216.708590990012,23449.469320224733,18132.24553488247,16949.47876836006,15981.589932206765,21877.257101623585,5922.624683393459,5914.94278299755,4082.378235802877,2212.145001886266,1135.3387995058615,559.3670530458281,15320.804635455046,14461.827107473599,18865.362478247043,52.398733510306165,21729.83488239509,18580.633803079716,19618.583990621857,23446.75923430185,22906.969988179193,22335.78529474035,17705.74260319363,20572.125765594123,34453.45684361585,27687.199080493003,20128.495976757036,17914.402744870466,23082.65743256741,20630.204191354813,20885.62384378601,18404.474686493366,19549.331386836937,22905.677630717277,19826.201373910324,22280.639783299026,6146.780585992186,4643.946642349898,3457.2781501083914,2017.99823611874,1408.239004146001,9425.498321602552,12947.822463472368,305.93010985345495,12864.222987881909,17178.313120650346,33.808138640939724,20134.376921937084,18681.426807728098,17681.179611264637,22132.95051731188,21179.088654876847,19887.670006707704,22623.930568367992,21504.142286703354,28678.605047277568,21499.00824594853,18210.203697268767,20836.437618749558,21103.46992239169,16279.784564136422,21098.054214482967,21811.270834814855,23899.070194558233,16859.86866587769,20805.65419454012,5710.3075602391655,4532.293574957384,3254.8309445411537,2618.2222552010817,1125.2073559843848,7244.108874772378,16130.531063300987,361.6665941927333,16178.204108458622,21093.332375558686,49.03879840803486,24211.411779339607,24175.582052015052,23724.79431217095,23045.212012466985,22594.60504891361,18188.82941081308,16467.65069068967,20981.307722564256,18435.846652773682,17763.261923875234,16732.076427027525,22164.90549869513,20845.376329567036,17431.995841347965,17527.69846968898,19379.884546809768,16903.520040273223,20447.61328347212,16713.57115732629,21944.072640476028,5631.114394135526,4667.596766852633,4266.7750908848175,2637.953249379583,1553.2953955555129,6282.161195453255,9655.606236654063,365.6038998515703,10060.755344953503,14629.522754023885,65.12303974430036,14534.261460552874,13028.665952231668,17391.976636389496,16527.38246277205,21936.46554634554,18358.2512676952,19780.086392364734,24213.02364608359,28100.677944090814,21478.70327221981,23281.13480367574,17481.466584718513,17870.7569661033,17085.490850292117,21038.121825857572,23063.294277228393,17496.199532460454,20720.362037386207,17985.433515719407,17447.119765599906,13648.224445458558,4100.739639411325,3340.9171549962352,2200.4931330368076,1297.3380992220293,6114.737029998504,552.8786060756967,7971.159082107818,9775.609552866246,129.7902492629343,14324.910930900838,15241.60356634072,13419.620819933129,14505.443002633267,18166.224433444077,22946.61586436572,19091.388050131245,19060.734424032347,18146.00693852897,21375.384383036293,22473.65299852482,17281.317549991698,20746.214303979592,36759.68467921702,25362.649778290535,38228.13534169178,21955.407559169525,29383.62715234649,21365.45969854786,19211.54864960735,12136.538133115851,6468.995607281053,4560.224264811532,4257.571644242413,2097.8110634363284,1084.600601122553,7666.405338812539,14138.755446469148,391.96611092049335,15461.81520099443,14455.809260082222,45.69779343199957,18916.550906051896,16440.052370676483,25491.70525507372,23941.05638056891,21652.702343984314,17575.85362141499,20641.68031215357,20599.80355681114,21055.565484313764,18737.284661841553,20761.272570180106,21995.995624371648,21079.02369634609,22348.71542476028,16382.695974473107,21059.239320985987,17129.596102228854,18514.69194391812,16584.567054842704,19901.358177308037,13386.309675956474,4990.744658758938,4091.913604774777,2191.5056632542423,1243.2820096670068,579.1421280863681,11174.571233247594,11114.849735176922,120.56892608623771,16417.723446483065,17052.108582351884,15488.622829747255,15520.766445847401,17431.47946771638,19377.910238212186,23581.521365717137,20434.077619243635,22057.627118238488,18011.725614328996,18065.57731008414,20215.887393459907,22757.367113521766,20204.634014680563,21171.371784524177,20479.532244735765,21004.33350936443,17191.977519269025,19982.057093136475,15630.99018164104,20541.80089314665,16851.41901657733,20726.00053484901,6284.233044600313,5494.5175878222935,4284.878926081605,2135.349606057464,1126.166610865853,12440.255418632758,558.6415792286565,11673.705186592488,16465.145861627065,61.286534924813644,14593.14530098953,15878.385415944687,17056.028240077936,23699.887831665037,19295.876729323332,23161.57470201825,21818.019824399988,17677.678557513893,17720.098585186013,21034.433337856746,16340.677282991212,17033.9532298884,16570.320015951806,21458.808286819516,17889.747405406844,20670.091432246838,19588.838954709143,17862.06180210572,18530.668500260905,16540.12109985928,20374.3311261851,17705.17888421172,7203.553623966886,5679.708423092775,3266.8067653232342,2591.453811527059,1127.4818969846372,7619.752882990817,477.4848489698809,16950.0115448112,18729.806513866253,72.89946655261723,20310.352436585545,19683.16149549666,17848.61220792992,15919.495662794645,23148.304634194857,16764.443482097176,16935.079776713206,20728.30821095323,21693.375718030566,20119.970625791542,20983.334242524274,17570.4029974243,16775.66175815518,17217.887084694114,18625.877212839572,16745.77269972731,21218.111554494357,22040.440581279516,16917.148295029754,17704.063103976914,22400.003258799698,11187.899618409756,4296.333072259986,3922.581978032863,1822.9797689061736,1037.524681017951,503.765616245573,8817.340709525846,14587.057156987663,16430.061379720788,37.43466045820095,13612.600208278325,14095.68061692782,20285.49628661558,23176.971095655164,20847.105260601198,23952.675544470254,18709.57187330614,17911.35788748183,18224.71938227274,18130.12692488451,15905.09318929295,17583.841974221086,20303.297976621092,21180.727777591044,22282.837072310835,18492.011899503836,22674.54135122685,17234.526134003547,24583.458795347127,39257.529224093836,11562.92554840866,5663.909972367016,5891.991565460401,3418.402962281883,2192.3803857615794,5759.072782913422,1059.2784896088565,16522.643419508382,277.3301005302042,19947.686923694986,20582.91364819771,25653.194266940423,18067.720159136672,39.100344324040165,18518.470559270743,19546.433073416832,22630.700264006875,17066.431257459855,17083.71419441683,19998.10966412609,15762.34670060941,21460.05308935265,16574.59118842006,16243.740541210787,21087.974119811322,21414.768427902694,20436.620876955836,16781.17452038135,20424.22685487886,19947.521200579307,17403.006463344784,21292.820837767656,14725.976116196525,5313.710407391626,3954.2610574350283,2086.5290049812425,983.2768594786976,7559.693182965633,334.7653694685411,12645.117827856597,19226.063766650786,42.40428753214999,21457.582494054717,21337.191305090146,17782.813112695458,17895.41384543023,19604.422657964955,17320.327633356723,15769.86120034298,15856.299130417838,16460.637183101266,20627.684438352964,20603.64606077672,18167.81064332059,20179.492329330267,21190.708697160862,19547.717564390474,16737.24487359469,21073.21762922426,20214.37391536339,19945.4460353966,17363.2003675518,21013.069868932274,7086.757540175469,5829.0426870098145,3386.012524629099,2505.8353368977914,1433.5588510821442,7338.778179406286,347.09537946969186,15759.164648845817,18832.42483419727,61.53365925001967,17133.63987361892,23990.942636565607,19339.099346478728,40706.710194789135,22250.715627370613,20834.22141987038,23665.306309488242,16142.202487803223,17191.634734615294,18370.367629977794,18766.787758363807,17503.008133257717,21983.796702338626,21530.51311487553,21639.920878558944,16897.077745520615,16494.551291451797,17272.200247902045,16920.7994812183,20042.399606565617,10929.981237584208,4202.289624820638,4402.047988569413,2611.395146113999,1162.5291176940675,484.9626801814789,12366.669706066332,14570.127996653233,67.3736999201395,20281.894671221384,21876.660093749808,22076.798040489826,21038.02935914422,23851.27176456982,21069.324050997173,21247.89769786537,21843.922826448397,17831.938122090232,20511.425501812573,17437.8571180126,16526.031919673165,19601.375481044797,15879.923063650165,20023.602398933337,21688.915561022703,16335.40403202127,21189.11712581327,20499.1443688049,16120.52199402034,17398.45554220701,18278.515939547295,10920.73994935491,4695.717656638861,3348.6617926415925,2542.0357986229074,1512.2401004018957,9256.458753084637,11494.678733878312,369.1501074275018,16048.552416845845,16671.76369718441,75.24716129920981,15700.421585092889,16009.989028875123,18249.512049179655,24500.682808453224,19858.029688998984,17286.331624942042,23046.888098897976,17386.370122058,18843.567664098784,18822.715602362612,21460.209593478503,16610.50823850264,20606.931417226973,20894.901116003883,16515.55757286164,20967.095843980518,16623.453596587082,18737.236518844533,16916.754808923,16253.852749640519,17096.730996583843,6194.338271940711,4674.412694642825,3287.30529299563,2108.3408109040934,1410.4021721213614,11602.571998194982,330.77088214783777,13849.036425472386,16000.556254025942,62.97721060316987,16902.832762988142,18863.69249065117,16579.993143477397,18430.614495029706,23744.368457596265,24098.41589659508,20664.99095408977,17851.29366626091,20906.559047073184,16616.649270435653,18350.38425202788,16037.524155654677,21655.519393357885,17811.29654856213,17522.611897806284,16545.75894041764,21216.62479199383,20670.646775508056,17758.95013912711,16408.668974546537,21004.69815840937,16281.942492101785,6205.34868453073,5768.314312815155,3401.855975026833,1969.8739162839258,1433.7938515614178,6252.690865839456,7874.831551606662,378.1926737035346,11398.348675516027,13621.550592890155,65.27221764320542,15799.878935280685,13827.700051887181,15405.64628542697,18225.362956291956,22467.421324134713,17927.8127924931,23107.2645030588,19563.381540936054,17194.54497956414,22950.72894514673,16199.381681046238,20643.865146256936,20717.97673432869,20903.91007916942,20365.169242928063,20636.211147634098,20646.538643843993,15870.74618500724,21384.604880449566,17034.26821535191,17207.13735643837,14232.54008975481,5379.547789938422,3194.3561727205056,1996.569846197891,1124.3883141926676,5999.888553380869,435.1522623649504,13907.047882901841,69.06957153554123,16646.110207070713,18209.407887982634,29259.69897602224,26234.53961802459,22568.927230842968,17848.45823295441,17328.946728357594,17102.22519571438,19336.94931116477,16539.51957296885,17602.690673311037,16787.218649858016,17681.489545194083,17166.445307235736,16897.991369777665,17096.35721465307,15381.263815202205,20659.79910045697,16851.07578619404,18256.909470815004,16680.753698226425,14565.508262228524,5675.199081365007,4254.817136957077,2950.195594270048,1162.1659601919746,6469.07384806796,521.6168940625469,10158.475740938238,11895.152068947771,83.91478832911858,13872.933870292642,16547.879012505568,13835.853119843277,18490.284308745548,15997.736492081867,22498.432562590137,19485.969186395843,23271.75756934185,19875.92449102993,18809.51013403904,21667.463226225525,17961.587346473825,16143.612649554307,21093.642686602743,20727.939214298982,16506.604945385134,20845.492682253313,17047.339614973815,16215.099220861515,16851.21901977365,19923.396585054594,19227.40033233248,13495.593741537115,4191.3828760342,4150.140438395039,2123.941192339593,1485.1125061083542,695.0904656033337,5940.669001358802,10360.584000903451,86.70448013808017,9712.287251388574,11458.428622614745,13154.302073420518,13452.726777059564,19576.108857434756,16772.525058454536,22078.094389697406,19267.81983779388,19581.053350004484,21174.2025300768,17117.528692285297,21919.456612587575,22095.397597617735,20697.554177307116,20557.263228471587,15722.924538064373,17589.010410617662,21575.58241903449,40119.53518981966,24901.102595308465,38864.45404218169,26433.079726881148,7366.31635960848,4467.312131126882,3296.339846307427,2022.3960194074932,1423.6707326774058,9264.008635528811,14375.56879478944,332.48065657938713,15801.871646447496,18035.759505312228,43.30853499544764,18712.48157709278,17387.570903385746,18411.495565818004,19597.83958927546,19987.888560561274,21849.15430903567,17767.234563215567,21551.492897818316,21714.735047684386,16694.482401501784,17597.877628718834,20411.26806219245,20685.516052379557,20399.70441385529,19044.513198234723,19022.288308120784,15851.305573075293,16219.765684632303,21283.084899505597,20657.11273948567,16390.507080557683,7367.228281556992,5918.166600944985,4128.618604615663,2205.1411040915077,1475.9790660101733,7597.1155975239935,386.66152177978074,17099.969046805603,15670.423493418513,37.995976061234835,16825.7823403222,20384.161167151535,16135.434434304021,21263.44282167834,15852.592307120403,20454.610865994582,18223.367828185805,17356.154607900655,16386.331592872873,16856.8623695033,16704.008356855633,20129.06469287335,16447.562957053542,18856.868169970505,22076.81057412349,25294.217672153893,21557.74364194429,21214.86362475359,29690.643395899766,25241.937714800522,6473.025070749027,4500.958400045932,3246.6364617172208,2201.5043991010957,7838.313365626742,1369.9380406150153,628.3436600560642,16296.719912837405,19761.060938146748,70.55364960878522,17526.984857157793,23475.01971310297,22874.558687563444,19168.801427063765,24990.56005794661,23202.193498622233,17516.204725991935,21011.22924830805,20183.12178955746,20330.72492879953,27662.991894602306,24647.02518427984,22872.183793157546,15798.576473233401,17030.814633818412,20594.8903318529,20111.50961986361,20949.581104156132,18683.724544166318,21401.18869720664,11536.026589816938,5762.253892769259,4110.635035654037,2689.944125029761,1520.4503280897768,689.8604441473033,9307.840561028052,13903.811762163657,106.37314279774375,16061.767227769025,16735.193570072694,20192.571202644103,17047.474030972247,16073.143336521049,15463.29171052193,21756.234754017383,17545.63206068926,20096.91585596047,16524.69641512546,16629.2721479744,16576.799084959534,16743.53645514493,20995.13489456545,20236.755988257126,21103.624538217766,20329.047730826587,21072.337896157525,17281.204899742625,20051.73839208247,15562.98019175837,16463.239993222713,14288.52582446204,5485.465996032116,3977.6130033628297,2531.943184084868,1208.9606851239591,6278.247300847335,9909.788992727748,360.7558586414221,9754.357189459388,14606.985995360861,72.64587297215724,15934.377081494025,13659.663692956112,14500.944519857048,17590.625210246388,21080.187414188633,16686.15127316831,17255.51610031222,16961.440488479402,19986.854003571105,17315.348387578728,16904.157279133145,21266.305545068008,22702.712600435876,20185.527667834845,17635.847026266365,15918.179534093535,21384.89108757945,16510.427050474787,16071.57595846654,20927.236909393687,20957.30318507546,7018.677056903721,6206.774107188284,3143.3943801033533,2649.957262250834,1396.884492068984,9248.813248363198,11232.786160721704,398.5954602314077,13051.22558136765,13926.887264738585,41.03917519610085,15663.597165487827,15573.038135491957,18464.873542142763,19839.088940801314,22221.611878277763,23272.74136306179,18444.229612358253,17768.80105694638,20201.664803564217,21064.213785576405,20375.918289970217,16301.624945571288,16900.878198858998,19768.153660813947,15777.646783377928,21293.914799691545,22594.876273250815,16841.49211575452,15761.606010424335,16798.354931937964,20753.58576339588,6325.251258314348,5894.2120348333,3349.2443091156533,2556.67087246872,1280.5267513898011,9427.436864801615,10884.145075260794,310.4949298595748,16233.26066534575,18032.96085218577,40.162511983816934,19405.090404055492,19640.053402922757,22238.400534126617,20031.49702744002,23290.503642255575,22618.790982381368,21531.53561415619,21736.837915033233,20256.77923876685,16883.556508347414,16805.42067881062,20116.375789675767,20550.418355034566,19576.30850383777,16869.108114730243,21632.04203099629,17187.365790336775,21550.617080426076,20083.218803074553,16942.857565562834,21896.34089929763,5801.455205252822,4627.881030016794,3521.982186809431,2652.892314116841,6178.584529988768,1452.2486449681487,12231.187481542216,367.51849902418206,15872.766629283931,22526.783234476396,62.511723312821616,23416.335272896747,23919.47916491628,22858.925723566008,23416.55550643496,16312.95891620047,19511.260889545854,19723.805020348304,18548.788328565934,16605.50598243356,21777.195978405183,23352.550277947885,17949.733943518135,21263.964257204152,21269.155216999676,15634.018961357648,16458.78299785688,16498.243851455343,17154.17557691451,20723.718499210074,22523.530958869305
7832.370930939579,5693.294759411745,32547.600628431468,5050.636311229461,22061.322793570464,3641.962250266698,18159.034108130338,1948.4394541516629,17826.781812633413,920.6942755663828,16205.524571666727,300.17784855939203,32329.815272733136,24057.4896203099,48.615241960941596,19910.61140802109,18096.490578241275,20613.428801944938,21079.97442703807,23282.9510702398,10127.450396051181,39257.322353591284,19965.51342575588,24489.699738103933,22525.78293830791,26298.83886843369,19956.49474548222,19498.09442637175,24272.80024518671,19649.22825537033,18542.39191641107,10667.614102237161,6725.461379703853,4202.166761220983,3522.31519364054,2213.9055332850594,844.3423431374937,6570.3322357652705,242.38088562192485,16667.303530713893,16757.11103022079,32.08800008100598,22109.33804485582,18806.685415050746,20144.009932783712,15865.804174295026,16011.138055194595,19150.3734018765,19300.372280132182,19513.356794081712,19264.544690392315,18212.717886767754,19997.927951409256,15492.56225996267,18583.00243814,15828.318377326787,19778.12354284044,30338.297117172922,23733.905721636485,18136.971785994887,16856.469000693,15774.65977132902,21425.89236487931,4830.685328161209,5065.132936192452,3504.07380931075,1890.2114263311319,963.4718487022592,473.29912752575194,14895.56659109815,14377.20323027608,18925.55398920468,38.47840258928193,21672.655611538306,17940.631643432087,16830.380731290996,19614.946540977395,20089.647338716244,19702.72820080323,15747.244769197378,19153.545538279668,34491.958474218925,27650.020965137177,20044.306247694756,18089.665394228967,23094.12153609396,20399.52488970775,20426.605617340043,17369.543464349368,18474.459216834148,23785.040416259915,20158.307244944022,22456.931281032463,5173.299642205176,3984.7943110001165,2971.2739386135536,1725.8149753326284,1195.9660748957187,9579.818566887896,13035.479185597997,238.87300077191398,12411.701177075129,15269.685419341713,24.58845187315424,20056.76991748954,18721.820416545055,17628.37470764993,21627.2460327496,20758.336453107724,19262.27212563327,21338.875321450614,20275.206573562817,29779.690075956973,21769.749953534854,18231.25475379091,20813.08931621555,20609.91094507155,15988.557505825906,20536.72419514107,22650.12294770109,24299.617994009048,16991.562733179406,20748.324361841307,4418.285892358188,3867.4658808476424,2788.138758899783,2234.308825421987,954.0216784584173,7646.227106033788,15981.00805792,275.7331768829768,16250.338595939838,21051.775333809932,36.04931435549941,21261.0990471807,20363.499992943176,19852.376802525738,20364.405124546323,20094.58514253725,16286.504400975316,15443.976407222312,21776.847869749272,18650.907918089775,17747.066380699136,16701.439165315056,21654.297519473665,20451.485611237338,16532.7385066256,16558.389104960046,18319.14079611102,15950.991331790523,19286.090601321142,15775.431287952531,20712.901141211456,4628.952204967028,4002.174054516425,3667.213339883983,2257.2006383416765,1319.8754838268992,6615.7425980763455,9913.347489192282,286.14039276081354,10198.202073494798,14779.286132319687,47.51017949443513,14295.011299273081,12739.696540746041,17276.340736585647,16563.05907756453,21888.647208409853,17504.694475493092,16877.02361182073,24110.12656710873,28132.12103912295,21407.148423371767,23613.171788565964,17574.1430196324,17720.399094552846,16802.44498980241,19907.790486956215,21844.570294435725,16516.080193032096,19479.862869395343,16920.311276218043,16414.805483224907,10732.252099792766,3317.1957702323484,2826.161283254027,1865.299377752702,1094.7681497189924,6411.107574468286,464.6968844762754,8161.834705937397,9890.084473215835,100.0846449987126,14454.107146324486,14711.110884334237,13195.436210862612,14448.700923484068,18277.716191229723,22462.99035594637,16438.963972750975,15953.311706814193,15908.209531925177,18852.940074076516,20053.909794259733,16158.965302253973,19363.643084815525,36805.82210709031,25328.3200091735,39760.00127735974,21922.00011551124,30583.61146528512,21325.89592040612,19495.661259071017,9638.270139152104,5453.534794615285,3915.303512420465,3660.768132745261,1794.7648837268964,921.4353722230729,8012.661598773662,14132.81180987412,306.16894626981883,15184.43114042063,14348.870150830087,33.952385587600794,18957.17956606441,16392.645385517997,23971.62692290665,23815.95571977115,21658.291812219686,17425.246449459086,20259.981898242353,19505.82408531013,19902.183834277526,17755.154706802892,19539.72223898234,20713.756104640466,19818.16478550991,20997.820207105076,15364.125344166066,19746.70511863535,16061.30456825573,17352.040111579256,15536.681078747371,18648.654082015644,10515.915710224459,4034.791466760744,3460.4486769032656,1857.1269138928387,1048.803770373487,486.64274674752744,11362.404115760693,11244.616819475472,92.98920528298083,15956.88147715513,16833.13592380311,15431.457059032802,15607.970376689802,17408.05831016153,16988.871954521637,19874.723615102954,17109.24513480948,19441.54803188663,15995.821646507862,16168.221576855614,18948.11023870632,21294.372957991316,18872.21525967828,19799.840662034894,19161.729653874172,19670.071294120902,16105.024387746022,18706.272445873223,14636.283613514634,19486.014962401587,15781.332067058996,19436.90670160177,5210.243709419486,4712.20211023842,3682.2974215454205,1826.5355765827612,923.2570789506216,12626.409732223568,459.70670390587156,11680.701808447388,16015.33222679086,46.710424744292176,14445.166131787237,15914.284564295695,17010.203766686845,23103.998878443093,16624.76897079999,19401.263483383656,19184.086095466137,15611.391020727606,15815.822555816483,19689.071280710876,15257.789377276444,15935.626603511238,15508.02448643564,20097.25435104404,16748.52685798673,19327.167735726063,18324.75591622751,16743.50217163746,17345.467378138917,15492.116454246685,19089.202237807385,16609.14357213606,5992.240522260429,4871.9054126433975,2807.3828166261706,2216.4171808735036,957.4844911172316,8003.452813482434,403.96043059977643,16834.522384387845,18675.12798793446,53.57135436791227,19749.921107927705,16904.806435779403,14939.423181854445,14151.310950149817,20606.74189216506,15644.226379222795,15813.33829561798,19371.051056551645,20276.924495319367,18797.18093652066,19641.56231548039,16450.037977595814,15695.922410367832,16123.635864729351,17425.89528302895,15679.987329276228,19876.024236884907,20652.770264611612,15825.741612898524,16566.511976741516,20994.927545472103,8761.22996560906,3473.465498920227,3308.5573795689547,1500.0800882800802,857.5668730173379,417.05531450638694,8968.272705149286,14680.432832065955,15872.522474470163,27.199182779845284,13409.046780621915,14044.147612361712,20399.592480059197,22816.835963882844,18066.531225629176,20096.709808650394,16353.436920419585,15793.612948137054,16227.974144201751,16290.94343471689,14938.469111236434,16440.223432496045,18986.39078358887,19836.544165896907,23134.84297689021,18711.59845726532,22651.37093812118,17172.554034833567,24604.215246623153,40856.75515708402,9125.961318658567,4741.072076500458,5051.48978421195,2936.622460405163,1874.6707039788935,6073.482962950647,899.7365122785369,16370.299938745684,211.28771692064922,20047.593181566048,20558.535391513728,22326.796077921215,15164.77502205551,27.879481104861558,16178.60481539902,17199.914256741864,20175.35348426491,15901.348835240624,15950.283693118516,18678.041271104667,14743.128664457296,20126.60046971561,15535.120385012184,15233.19996077501,19787.327325666443,20090.47852276177,19159.564253052533,15738.595504218612,19152.951297793916,18715.09948723852,16341.223686922605,19982.106574479956,11544.949373038331,4281.109608573685,3333.8309332298086,1761.9866048369252,826.7536639319951,7987.565921925264,253.63972701261733,12532.914336613743,19307.406926217336,31.07516643360923,21403.35368555605,21641.856542573434,17751.170079323674,17466.06655146664,19196.912377102966,16441.180293603902,15277.412510666629,15342.277593587798,15936.652985912728,19950.90102455457,19896.085356841842,17093.43613832338,18979.895153866386,19947.7044018472,18388.73877654617,15765.140572957996,19853.896410640813,19032.169867412005,18784.18431494561,16371.336959080108,19789.817323712323,5835.999485903777,4996.322829685723,2908.5248959743717,2142.543212403003,1216.9352946536492,7751.412987225704,271.3928929067837,15614.108960562422,18908.79830907664,45.7422657483455,17091.385197123316,20750.146538192224,16190.09762866284,42330.943960921264,22219.99403128465,21151.850947968444,23858.00202690907,16061.344639638843,17023.994926145904,18034.992651333174,17767.96099710593,16575.80539365417,20784.42702757399,20276.375190378687,20378.082135568955,15886.203072076158,15498.492487750482,16226.071402360289,15884.034356268397,18798.46247246353,8588.234570308026,3396.6747198833364,3719.7569750807766,2210.2830171639207,979.376294776181,407.5052394264109,12090.350925245782,14513.775865349688,49.331952297668614,20355.605064868756,21829.241834066626,21185.301946981188,17981.19149508703,19920.685928307317,18439.821399730816,18782.06616670093,19593.453955970042,16768.671703494063,19178.131354859226,16336.83903998141,15467.551323145295,18360.52021661321,15077.830515807791,18767.121616036955,20382.23711788188,15334.886001052675,19893.910439331732,19239.066791821446,15129.154974956755,16344.050633782952,17152.97143245258,8568.42184212597,3859.8143910907356,2825.644699312707,2149.4493141172725,1273.1599095378695,9410.534709916572,11564.16940248744,286.9945537229511,15504.860780415132,16415.14450110461,55.74121411337422,15646.385793522933,16119.650234226634,17985.025454188984,21072.14286112798,16614.964201151,15107.658572894175,20317.526303555453,15450.04079100036,16925.659387916996,17610.952564382962,20054.48015809167,15526.807547661214,19277.530121612293,19562.37389449204,15465.476339660861,19652.057686672746,15581.909131899061,17568.303867259794,15855.586750101178,15228.873070777356,16027.936358652703,5143.163978768466,4009.404076368151,2824.892634859904,1803.147478838654,1197.9312768411726,11789.857347583864,258.48829822168,13919.575202453529,15466.305344471028,46.80472278307994,16661.850217213534,18841.955801005628,16724.65141439225,17917.286908236325,20389.827285731855,20159.832970359148,18135.367357943385,15824.3290775376,18739.26175481323,15653.033759257825,17160.27082954861,15007.933925234292,20298.164317181087,16678.65376334801,16432.7359227085,15492.09552663155,19878.716365490727,19362.379237694382,16642.769045070792,15375.105501543856,19692.590412648926,15265.277897028382,5139.5589539412285,4946.202806119296,2922.547917333008,1684.2666933631858,1217.1330454244855,6580.296570652931,8078.3737151046025,295.52957074420635,11540.405280042338,13741.064858742753,48.50275063661788,15358.428580944064,13639.106284700776,15352.636296057222,18327.218408884928,22424.847236030608,16204.394966572934,19655.403180666886,16347.050451968738,15192.677077848057,20449.03580191222,15067.95811803375,19288.813238799758,19372.69652602139,19574.005884982496,19069.84684431573,19344.762680111242,19364.777488316206,14888.217655765106,20086.60076119879,15991.916247454621,16144.271568651528,11169.193389545171,4339.931091807846,2695.654348214093,1687.9287263042474,946.2599114038851,6308.23564113144,338.2042850791428,13805.198421751094,51.16198789531066,16595.88136738031,18047.692199923073,30469.10863021365,26152.880997261607,22879.58145220299,17948.240571209302,17182.745718638973,16838.937306788914,18758.40712981364,16003.736931115009,16627.619815483973,15851.582281908635,16702.22375554219,16216.765399754955,15957.115118009267,16132.638319359681,14503.320220297575,19523.86577041224,15944.8190025159,17314.7220978311,15723.989269867408,11498.72508321181,4588.935276761996,3599.263914218435,2500.052871601239,980.3960941926309,6794.558121074415,438.32663712136025,10420.300980668468,12047.295601371345,64.7799992878594,14019.537237430523,16070.63891615468,13661.3094483874,18418.703499273535,16083.081920518584,22476.42134784674,17029.240429197944,19601.10355597303,16619.44863934716,16601.486020557888,19257.385416863573,16161.867362832894,15198.034697603607,19723.308012526955,19403.646191629232,15453.761251271195,19535.55555956331,15982.293133256606,15197.047966746039,15801.85297517396,18682.312657076694,18289.615258796588,10617.238241755456,3386.6840674685504,3507.437884229336,1798.5165162319402,1251.780982297301,583.8140684518692,6221.368097252081,10585.114977736404,66.91702946420942,9812.80511280459,11492.993741114522,12766.760108140592,13276.086241860085,19556.185929061536,16924.886593308638,21686.785857643292,16576.571283639787,16373.007585099844,18561.059177474108,15134.961776289603,19657.251874067915,20766.2297013358,19321.582950268406,19217.8202351878,14708.200655954415,16496.149178840966,22400.135436147095,41797.35037759948,24846.6900594862,40469.1879757894,26374.804083605883,5245.327735086961,3781.163670651728,2812.0085033285063,1720.9782388388624,1204.24938539524,9402.833915436444,14410.991131959425,259.0201159074894,15341.908304660123,17850.13819669084,32.139701415399585,18731.93419802689,17537.44488955566,17734.835438418497,16799.238861057867,16710.266398968313,19123.966269472217,15674.132137118664,19187.2142127294,20272.323068192985,15586.696997660194,16449.237275360854,19075.83380316504,19350.972417724362,19096.501346593806,18040.80723022761,17826.63764165581,15107.911458634851,15205.634788514613,20004.488793296456,19400.515515436637,15392.452616150693,6087.8015616954035,5075.3753230599405,3548.077132322784,1886.319679566057,1254.3975831938217,8006.264456009743,302.13376681369755,16954.318365496154,15762.310458800841,27.344205145775668,16917.739093943368,19955.782906899305,15808.144913058828,20168.434661396695,15353.876994797112,19801.389798421907,17219.494613120332,16402.261295668784,15425.19088390066,15885.084311972318,15734.41585228652,18954.8841720018,15467.497812685811,17732.28847385433,22920.621808402077,25605.91990257648,21567.47650530404,21098.644707750595,29710.61462240778,25127.678457513364,4821.13814432569,3832.953379230205,2678.1173793096855,1840.532065589146,8274.090277893552,1144.7644318171126,524.1994331329291,16163.264859625697,19857.32933921205,54.15555416112351,17488.981563315087,20963.639563204553,19394.625865362013,16046.083449180145,25889.122852665925,23437.597030822853,17460.159806401327,20844.03307024169,19821.025546404777,19760.335267139428,28730.81327495033,24517.64177568164,22959.924706739246,15743.265182964738,16898.892066574976,20273.060617605573,19570.632448400727,19817.568978770676,18131.383065510374,20132.530106279664,9099.093464892843,4656.912313703118,3475.085811866518,2278.3720724189343,1281.939983437516,579.7284735930838,9458.368919406654,13973.067273865081,82.13910536593956,15527.39727144969,16496.084633156075,19272.066350718414,16010.891987256158,15020.95979418032,14603.543669340099,20384.331627673022,16446.545903860388,18810.17633963861,15480.203387702557,15589.187832110822,15550.035213752788,15707.46557497587,19696.773998355406,18980.028620492474,19804.83160544443,19076.23261739006,19783.43286548571,16220.086732512034,18802.382419243004,14787.694928892071,15434.756587929933,11231.249070216352,4429.522101793187,3358.524190627344,2141.984178919833,1018.2041347983119,6576.265765784664,10131.439608390967,280.6548499070068,9857.39081667835,14669.380702272321,53.84067839943039,15459.707438969328,13471.40649486082,14481.211110039181,17737.248840345335,21282.150173545488,16362.607779851727,16999.437984431985,16508.454854649543,18793.608509470043,16370.524618263891,15960.7711930753,20069.01029082001,21424.01782137819,18976.085876405905,16556.451669832928,14918.60364128073,20055.347963120927,15476.773355521476,15070.801314503025,19639.625759742186,19671.353188856865,5886.187778783346,5319.635365688524,2699.252108676616,2264.86080903827,1186.0036149105797,9402.557559616938,11314.980012335885,311.22044552270677,12607.284623284153,13709.398623055644,30.496556426581257,15611.041137095242,15670.048535687009,18427.898976314027,17252.894629482482,18690.040397639943,19457.51945135627,16289.584994760264,15776.975711166586,18094.294133910607,19702.248327304584,19023.07618118182,15241.854035310726,15823.589055352408,18520.464401352732,14755.856498333116,19949.152200605764,21164.177872872853,15750.821758643075,14741.878487987207,15738.815704185972,19441.98825661225,5245.735241100442,5053.579353221055,2876.4918156152835,2185.1003881825563,1086.7821075741228,9590.601692189519,11009.206667946803,242.26754464333663,15773.410357877323,17808.15554771404,29.830782445343736,19339.089142777066,19758.63639826677,22188.882959821833,17525.59475956571,19636.787516173245,18931.74955705425,19078.802788041015,19490.509237388196,19042.431477836424,15786.31817067773,15734.42394727234,18831.162151767203,19262.769140417466,18599.748075253556,15809.214842626756,20305.443218743134,16117.21550888092,20192.08541804182,18804.301283312634,15875.200109615114,20528.685813909196,4885.28494081264,3974.1693026786143,3029.9029946102814,2271.381622062345,6514.197787820367,1234.368031867321,12121.143803926401,287.69372747841226,15948.818771598808,22387.35361025247,46.50523934355757,20273.13443790261,20044.039979142526,20028.523174334878,20632.41397002731,14457.143760566682,17536.77867720826,18565.4557444689,17348.078046846633,15553.145257620485,22603.492475470797,23629.774313665766,17939.60195332217,21227.863172361624,20770.248127989726,15331.878811223234,16023.082868813546,15970.15383962602,16185.462971080531,19574.276311525075,21334.881236586378
8290.451924162093,4753.6842695407,32708.934104042055,4306.485496365862,23083.660360586826,3111.055744437568,18165.61255140114,1656.5317747645265,17788.855945779524,777.5182450825654,16478.15119698624,233.01980442905733,32646.105480529997,25090.80528874231,35.988210390679285,19898.63100282353,18043.398920230207,20895.59881874181,21268.409870354102,23392.103624676645,10719.760512252271,39452.98477392739,20877.480806409014,24499.219724955048,22487.74982466075,26563.426224755727,20815.233656552602,19500.94284391159,24513.17288489059,20481.66159453457,18540.497623581698,8312.104281824724,5608.544060546764,3582.208096226832,3007.5120213524156,1881.147578475882,712.5912217374087,6883.520931033036,187.96104054110714,16752.47879222056,16778.32909857658,23.74826645043063,19311.73014856906,16386.89860232415,17909.867343308415,14523.79895628055,15220.65732762251,18293.43091116703,18957.541222183052,19181.785660690068,18950.19854527315,17920.042178157422,19701.756790249663,15264.554641766865,18312.038028239604,15604.193081336776,19504.734098839235,30475.36583746592,23737.453732468617,18083.85951355612,17144.804279867843,15973.974283074975,17555.57480399311,3948.589398264167,4308.987457666467,2988.7319554499777,1605.1967355183226,812.7878092377774,398.2552379647373,14727.484145728917,14416.025480126893,18909.954510619496,28.155944269851627,20291.844004732517,15314.260300655807,14797.858838755383,17611.784908031226,18993.432857682456,18706.062634276037,15029.917151995818,18786.28227185745,29000.991286063476,28913.992934102098,20911.69777794578,18066.340649062062,23016.212670816913,20685.913244030664,20597.245131360403,17181.492028272234,18287.62191683345,23892.000329651593,20176.25793629159,18592.02351540554,4318.919244360414,3397.1845446694097,2537.6902549830443,1466.9633827315695,1009.7466323109683,9751.21871531689,13000.69065361061,185.3934782965867,12171.556634873603,14062.85968039739,17.828704521890554,20941.640987041756,18674.783216932872,17959.087388765893,21803.232780208207,20959.08169268102,19318.8624077111,21099.158353167637,20049.606175111152,29913.046827388815,21776.92258797832,18185.316267274357,21216.152408083886,20764.616633202895,16153.858041075193,20650.989914862246,22754.500115028422,24317.547794149283,16961.996071205784,17122.143495727512,3477.5848950475106,3277.814163022527,2372.992783089593,1894.8090403714364,804.0567727364802,8029.563998902651,16034.90076048607,208.75878616153065,16237.637693380198,18525.888430567295,26.39756075720724,18538.783523982853,18138.044576049873,18192.4219176973,19352.781756919387,19182.85967721515,15617.02576485104,15215.015139390416,21873.059299308596,18644.99978804055,18096.50391435542,17017.093321576976,21822.980065486394,20658.130199601175,16401.200974585638,16391.737950857503,18139.755830861304,15779.024773240772,19068.0210932309,15602.125275337898,16935.213389447505,3804.698151897007,3409.311879002492,3132.1884830244426,1919.598106088812,1114.9084063335517,6931.45837810236,10140.459435191384,222.51075688115426,10336.585655834377,14856.149124143332,34.52048576133975,13877.181183543453,12584.91362641666,17312.24997595339,16538.330610759804,19830.955193774866,14855.644464864261,14925.68244885674,25165.475468596363,28403.936583815717,22340.719690517275,23619.899222011933,17528.89183040141,17994.008766178642,16991.236046339454,19725.219109445115,21652.703780859814,16343.412084595611,19226.062544638546,16701.7360060294,16205.516286467053,8166.294334707622,2681.456829279892,2373.5218123991212,1570.4815124865443,917.9320163237167,6681.336992375883,388.289493572757,8329.694093706938,10009.38999463182,76.86656807595068,14435.47167932198,14418.329228488688,13124.064091686436,14539.504966499353,18062.069129028387,19296.196741150023,14402.90389067918,14303.648742476656,15036.9604604602,17895.985551647398,19178.52531090629,15894.204737035532,19027.169378412727,32085.305680274054,26485.12283624292,39926.32492705821,22926.868046228836,30721.118381324326,22297.17845066393,19504.530085133338,7427.583031453847,4560.847719716551,3340.1763580428087,3128.0947869055276,1526.1868794832662,778.2477396422667,8329.06707480132,13961.621290717067,237.68658179822333,15035.451262640887,14371.304257883448,25.139831571472634,18929.17484637658,14763.109804489093,20264.23628883032,24837.81426003646,21586.49045451552,17689.880312183086,20465.320793413724,19332.344304645136,19707.021431542948,17604.189728266454,19304.62453016076,20461.498994244317,19561.033438621624,20716.009900997193,15142.381977012425,19453.44298265278,15824.73607568399,17092.848270425362,15299.525074831015,18363.079337166164,7991.4762535599375,3260.0327067154017,2905.3582499691806,1563.118105210554,879.0920472177108,406.5160566823323,11565.971134023983,11272.224870882434,71.43340177448755,15576.339040482926,16737.469188239997,15537.127862604204,15606.954595298537,15345.170731704653,14809.696438599678,17689.452486384143,15688.411061950515,18449.35473493235,15252.063578490543,15497.716679115532,18660.008238062226,20951.839328115064,18555.210554114044,19472.824696312862,18852.455984213047,19360.840280816883,15857.40052462463,18414.703528754766,14406.446790927637,19311.65441020468,15537.378887298233,15849.298353018943,4308.397784067647,4015.2070261441595,3144.6714375574043,1552.861243199968,751.6088719960499,12848.906150520372,375.9886496557155,11528.568772379398,15862.152464744166,35.47889016636548,14442.513604789436,15895.067987770024,16287.4408185258,19803.893465419136,14559.99940188832,17354.023013717026,18163.020557948134,14829.40315926391,15129.639795253885,19375.6084772069,14993.767437803059,15675.911349038523,15260.686605068984,19784.33707690603,16488.34514438262,19015.396503412914,18025.649835909902,16488.858333697495,17075.999018401617,15252.097812836375,18796.041973338637,13545.35723443551,4966.760428049666,4152.138814288082,2397.507490335379,1884.0807889603577,808.3285671867195,8364.987265574633,339.86890509453053,16920.939152676154,18842.018245550655,39.22530368320703,16921.246398377818,14841.190120110195,13434.619135360585,13486.047872079365,19673.339313533193,15370.011172154876,15540.985838776582,19047.727047952547,19943.194961345405,18481.275758105927,19326.366587998094,16192.299265151603,15447.124117982876,15871.856954363991,17147.480414101046,15434.55312943173,19571.36540333983,20340.99849488713,15574.574155363793,16300.699386984325,20675.20401733472,6630.8475321588485,2797.6199254985904,2770.3425292098013,1224.2102097900613,703.7843788647417,343.13518538178243,9137.335997088383,14638.748057347255,15595.014693141187,19.699344887944097,13360.505082551128,14137.409660912854,20359.088550764936,19616.805837577984,15796.483924214812,17944.346638590876,15426.904878855645,14986.919599686145,15501.674332581897,15656.626367989391,14727.718044268648,16167.263894037415,18678.547428471727,19525.249446190675,23238.997662706493,18710.07443175512,23097.75388043415,17483.498465644334,24848.60817210785,41040.85751203388,6977.052150789873,3940.57327187328,4302.582088879823,2506.951122437949,1593.228065634756,6373.854564320656,759.7551626519833,16425.18906674534,159.89498041699756,20036.387659712997,17982.650454899947,19514.890654433322,13525.13310677113,19.81119914097686,15255.807404002844,16302.768866328559,19281.97936253906,15607.882843557689,15675.805554270102,18357.592846655076,14499.063843665086,19824.881509426876,15302.850772290642,15007.292411044993,19500.461634286545,19801.089407762716,18875.314211129713,15506.32642229452,18869.886268193895,18440.79856118185,16110.949192547707,19700.303136536728,8750.520951680952,3447.6552880554727,2790.2117842339544,1477.771028835739,690.7371576861287,8396.173736631094,190.85016328524597,12581.183024377999,19289.716265349187,22.696173142138697,19019.476375681268,21616.285024306,18081.605170031056,17597.860588626263,19371.033333228905,16314.037774393148,15324.27109567121,15374.455982208467,15977.061035610604,19992.70969402971,19919.04766602177,16877.018408436295,18735.46692636096,19696.0423212625,18150.07619174241,15569.383130753366,19616.078448046646,18795.95769681924,18550.3253764878,16180.96051616592,16162.511313477915,4802.622040561943,4254.730061597922,2482.712176426903,1820.7074928379145,1026.9365048707962,8148.274736442726,210.8339434785539,15667.545152875138,18888.227039462592,33.871648461916074,14898.363891757333,18150.30170375809,14518.604176578694,42507.129797194146,23243.94462095315,21166.481391204048,23817.9032836569,16343.64678340378,17266.573490122624,18219.17705220209,17609.452710631536,16427.95810273218,20581.163331876254,20035.07659491426,20132.25146348593,15679.072599364783,15288.33301349028,16004.061240251334,15662.2371909337,18522.763598790323,6528.463214037364,2743.688301585311,3120.533732997861,1858.13362614522,819.8298505539099,340.4261331994055,11947.555706194169,14609.695251391437,35.98622176954417,20341.30988953372,20032.482092811,18034.99636774994,15887.36658152275,17922.69867869572,17409.576089732913,17848.06108133509,18800.06905231457,16540.98159070021,18858.46051998898,16085.109638104688,15224.639353011438,18074.39748849704,14949.632121552362,18481.132409597354,20104.48708869212,15119.967238288365,19613.083844205208,18964.997093692746,14910.62446491831,16118.652196765288,16910.85532042831,6501.06732641214,3146.0832865230946,2366.741258270322,1805.0885187163915,1065.0163988501922,9586.33202967168,11527.95566490782,221.61675822595194,15241.366589285763,16348.534068284212,41.11975613299532,15751.910440234049,16037.455197095034,15478.447277333953,18462.48706342773,14877.727931985824,14252.798934955259,19277.923150540733,14740.289393288822,16261.200643423314,17330.859845613013,19718.73303723403,15269.13296282766,18963.041192149667,19252.041071237094,15224.088565453987,19355.51117244588,15348.204695094682,17308.20175201628,15618.93549542052,14996.487208238981,13070.351019170153,4257.483780962116,3416.8675682352505,2412.3746243470882,1532.7214287350916,1011.4928247885144,12004.327057224948,200.7389002900405,13766.018346813009,15218.111512135669,34.66257546146362,16608.213084729683,18999.48723513614,16342.576469866153,15357.018589630085,17912.291868190146,18125.95874440362,17151.53895757959,15065.320764582555,17977.059420625184,15453.473643233221,16879.433186129758,14768.18885392318,19989.321467285423,16420.242550767955,16188.607809170868,15252.79385478525,19575.437825104484,19065.155620507936,16390.723602008813,15141.286221428052,19398.226879819777,12449.18069768545,4246.928514573333,4213.873611028342,2495.0725529396927,1431.273601214857,1027.1200015826516,6889.45742895787,8256.812467941541,229.48252632281762,11684.256503007207,13768.46403734191,35.911189460050046,14969.496852882547,13551.756404882644,15460.980688326628,18327.343171637025,19987.30411541738,14085.730088438017,17398.751163825156,14920.498599776067,14435.47852451123,19539.1158104166,14774.550935999996,18959.188261196774,19051.38226457842,19265.79065187856,18771.443755987522,19052.589354426313,19079.535816222084,14669.253109701678,19806.30897258332,15768.764167854026,15912.274378621638,8476.626995419974,3499.3002416268823,2258.2698955038272,1417.269099455189,791.25609256976,6598.122003216252,261.0819393844703,13871.912894109839,37.7467185946724,17032.34525819392,15548.74061114091,30607.18370007053,27306.224671286396,22880.72298536877,17901.984123571383,17448.56806826398,17035.73595071413,18830.951443504444,16038.074120752377,16456.600280147606,15686.71643401163,16528.657891031195,16049.364719743928,15790.239732409636,15956.184983939855,14335.614238980232,19318.030801111632,15794.089664254194,17175.484694561263,15547.795271208079,8794.044967002988,3709.2933748095825,3022.8879521829767,2104.3170695684853,821.8192747936514,7098.55411451925,366.1909656224714,10650.73185537024,12205.399702915156,49.826760872438655,14036.875423138159,15672.73355731468,13585.254772348731,18542.454231127664,16077.936930455055,19587.58431734625,14851.638885332737,17438.994616042397,15211.460235627153,15765.54394587079,18372.145338341623,15542.450074508035,15002.593433024196,19396.40828084921,19095.883567569665,15210.182956224919,19238.896336417736,15744.837366112031,14968.23194367384,15566.914871844607,18404.907136464437,18152.38092136296,8083.705618562458,2734.7847003983284,2942.8540542304418,1512.628923450439,1048.3616879164933,487.4774170824655,6475.907097038434,10786.641597350012,51.4534518675838,9928.521608201212,11328.910376766811,12594.68254755107,13246.39237273754,19722.960420163843,16648.98088420518,18648.9727842049,14537.49835415597,14706.491470540077,17543.085365249404,14385.610834658328,18859.88178288027,20482.529862666805,18990.430348776626,18896.704150593927,14467.481305125548,16249.74774691443,22500.196129660813,42002.53145883521,25975.933135341642,40656.00735317213,22122.99150807376,3534.5222578344565,3177.8939234013437,2382.8555294798057,1455.1207956331396,1012.4490805392533,9567.46268126864,14232.07734231366,200.51766318109435,15161.5687192686,17843.0385682438,23.77187464253235,18697.63694403545,16902.916503676108,15137.54068099264,14784.856572936114,15030.933267390454,18060.880768302806,14878.421111842857,18324.804376456264,19917.79798086339,15318.790247617935,16176.185727379452,18758.663203310058,19034.274590398963,18791.661365997,17865.619933718535,17551.563498964995,15013.183933369906,14977.006536445393,19734.231417444575,19132.686184562233,12559.891332739931,5022.467142176702,4324.458862454745,3030.12051005169,1603.7445592446395,1059.8381306816834,8391.261574578508,234.64013179675806,17022.10010172845,15760.789622245591,19.6097930928107,16862.31910663007,20124.295312561815,15950.633534280581,20004.513193848292,15398.20162189841,19850.37837739809,17046.497688359745,16239.661080352831,15235.222733249073,15695.462319509632,15544.344821838056,18723.38313697042,15267.137815531718,17500.1067784738,23021.714256665175,25610.149826259363,21508.576999070214,21455.626784368094,29999.716770193085,20978.129944300086,3685.999967355353,3241.4782186185043,2189.8008211549472,1527.2413081305215,8686.642368043758,950.105658425467,434.6586826029943,16234.725915900832,19846.776801419113,41.418021538598246,15576.858216333612,18251.985754051533,17191.086155497702,14652.177356668397,25988.145887514667,23418.088582709803,17787.039763019628,21165.750888334296,20022.626311161242,19852.133580901445,28865.10932725409,25537.41122182656,22909.734373814827,16029.958261605943,17155.52376604416,20504.279018911297,19675.26336692605,19626.21520570912,18202.31729123016,19882.844924201847,6950.9638412393215,3762.1210549104203,2916.673687887457,1916.7037708117527,1073.9444283130201,484.32677064873087,9631.52697099458,13826.48765817453,63.19359506098798,15282.006658005988,16443.06802471186,19160.03754249953,15788.102982503377,14770.817930954912,14437.347775831475,20068.36587279858,16202.618314270121,18514.749978523178,15239.803308794746,15354.88763127783,15322.149464114485,15478.806538314228,19411.54366133432,18700.89935335898,19519.13304901267,18801.85363017916,19503.102842400225,15991.260661988945,18525.529704126682,14668.706784193857,15202.076721429625,8541.558672951693,3574.408926552011,2815.2317782188197,1799.7433139023312,852.0595249906243,6847.421769554056,10332.824849916275,216.85784473305188,9975.48355083858,14590.430513023357,39.74360079889064,15248.255528733916,13433.382996345623,14600.408964105305,17382.60333359801,21232.23454079237,16515.251957054254,17199.364034802733,16603.531723113625,18552.45772350345,16205.597856080814,15793.169071088685,19850.192004051336,21191.428559592623,18734.226077051833,16329.824127244254,14695.838610807365,19757.671878657125,15246.1493496938,14846.27467693921,19355.494457539167,16045.957274611828,4897.206072348587,4529.404738853337,2303.3324001191163,1923.8534880774675,1001.0387382940723,9580.321723880761,11291.460240887052,241.51636300465134,12374.764661244195,13650.946019788804,22.589449648337343,15722.202699900523,15673.437229874693,15955.173709464114,15059.728438722153,16625.984001023076,17756.688825465473,15472.58669977084,15045.405307074492,17353.61260961066,19385.81658640903,18692.882579998135,14986.988493328288,15572.362803552445,18239.319188149253,14518.691851729001,19637.887802882356,20841.25845041619,15500.108083311883,14501.145253883034,15493.368260419484,15853.9055097365,4338.6239190260885,4304.883304549681,2455.017758797968,1856.140308807096,916.9477503211068,9767.884759249588,11039.060615660192,187.88410290348793,15390.491333344444,17710.014648592005,22.085231867944373,19477.952699704645,19761.670149151938,19469.45895570411,15269.7990118989,17444.323736912378,17309.884132050815,18156.20369082473,18698.506307802887,18780.128931107447,15524.526558490528,15486.919383289705,18533.242954145764,18969.874473214084,18451.079578468074,15568.613136594946,20019.44948067167,15882.969071670826,19888.554794649415,18511.490929780794,15631.416598208749,16735.396334876135,4080.7595171292087,3390.918395756321,2590.4265681564634,1932.9456607936609,6835.980272343996,1043.0150035548531,12164.301966960991,223.75159983815468,15934.883119721173,19334.651284774805,34.46375904788834,17729.80641892204,17951.08162054418,18925.270770239855,19576.009540902043,13768.339851085795,16848.466318928862,18324.65952660398,17060.958032505354,15310.630063024879,22701.173253516758,23626.68130486847,18297.31770355468,21632.701522285122,20927.312574200907,15478.57527525056,16109.85199926021,16010.210801401337,16007.327007597269,19370.906336098436
9451.384779702656,3935.571975728603,17424.878878862633,3647.04832547925,23318.066818125186,2640.361836593636,18380.305128727116,1399.5721410529973,18647.674792383514,652.7239763113002,16525.242363129517,179.83357007293318,33223.34053113663,25316.264584437326,26.557261813035968,20898.18119571358,18892.49875449094,20932.124959331293,21285.80679905265,23716.841081349085,12220.875565574022,21153.419262812673,21082.71669939151,24786.361929694755,23584.06873710464,27033.940648558942,21004.351488941968,19730.423030950806,24941.86215614518,20659.913863253983,19478.05078205496,6250.063384584173,4640.681117751446,3033.03901057282,2551.336697206154,1588.4402580434107,597.850676847065,7166.3218058350885,144.93043916727945,16743.602970913304,15854.95189019902,17.524607469199935,16979.345590868128,15252.907617792178,17131.63432685925,14153.015951534899,15153.656090252338,18267.736306087958,19206.60226763481,19444.1658389293,19216.223059268134,18172.670318457665,19990.34138963681,15495.116008140441,18586.219741535024,15840.774415986374,19808.998401145946,30900.8018723211,24018.43448392619,18927.69198618964,17194.660998347867,15993.411037020653,14070.477651765801,3220.2869870279537,3640.284948048615,2532.4799808940706,1354.5546465795494,681.5695377859745,333.2569734463999,14679.558723971268,14407.135876921646,18223.383124564687,20.539868526110208,17712.910714711536,13673.793324921679,14053.572580062148,16956.613123873783,18848.025617981046,18614.372274688503,15000.394933396146,19018.18933620295,10703.506417149194,29198.285905925455,21091.866991950294,18956.089471458097,24083.070756270896,20726.174392600926,20613.11932419738,17479.06209886015,18610.92667239641,24218.94975030055,20421.82503137976,15091.820882210104,3575.121341688079,2876.5463511844246,2153.354946100593,1239.1568513730297,847.47830131409,9952.812784898371,12777.072211267736,143.0784428941547,12059.307389912105,13732.063258430127,12.893500506815522,21106.41383229834,19549.795350068063,18025.001890660827,21826.90756778518,20984.110552220613,19305.41674520635,21458.848051081713,20399.31216099522,30325.538950255366,22036.35300082403,19041.782288253944,21289.135926521914,20778.27741065713,16169.90655591048,20648.75875119864,23068.01439140867,24607.863703034713,17782.847566742523,13843.97697736082,2758.983560819217,2758.0664125507456,2006.1492359859408,1596.618613082568,673.5775659936816,8375.814990460287,16014.317950944293,157.03567207193257,14715.112704280615,16271.271766720927,19.263800205221326,17301.942466958244,17372.69463671051,17740.667850057933,19265.111480338637,19151.184743955873,15631.429863774556,15441.849173753642,22178.23512412243,19576.48142674358,18167.08991714262,17072.21406887364,21840.34602859465,20683.07279880529,16711.906048811914,16685.64069396198,18466.6935063088,16055.001938172834,19391.661950136066,15868.325048045035,13537.545425873212,3115.7153459949686,2884.2947330510838,2657.819071520373,1622.2358445875875,936.1371810257258,7218.008309942911,10353.955080183687,171.98471691628106,10494.63744698624,14676.590653716798,24.993724451517046,13744.139174955733,12580.195548331085,17295.094622859946,15361.043959320208,17353.465052830074,13342.181114339588,14227.093594595195,25360.191874807024,27456.39720053779,22550.099624533774,23900.508874034236,18367.56823295297,18035.616107415808,17014.020840820987,20087.137895778753,22051.953278841287,16634.297342764556,19537.460438787275,16968.913883330813,16468.416503399105,5950.35115020312,2158.4187127795753,1978.3432593420398,1313.0596473658236,764.6774798728181,6930.101376115593,322.54428863310375,8488.255867082875,10150.773681478877,58.818382735174694,14088.63946232474,14280.811003800789,13206.688227333174,14553.64882066742,15633.291970442946,17133.231043563675,13646.53070974071,13757.623152147884,14920.536734830966,17804.784986687107,19159.889171870196,16119.679043508897,19287.496393828373,11559.036695943609,26748.551666943942,18410.903848494054,23155.380801469444,16749.699374060052,22514.996328811743,19735.913088135636,5504.4768100210795,3782.321830105543,2830.375502289063,2655.6989299800543,1289.725967028215,653.4305993078598,8624.168160366176,13826.290685449268,183.4632784869566,15049.302910431643,14353.550897503941,18.558976415716785,17626.251204829794,12948.889173491782,18394.507633466837,25026.380276515163,22585.71085816524,17726.209364496775,20486.84308186246,19688.199932113326,20061.971379252813,17932.034819971774,19634.198688240176,20800.35427469977,19879.247408884523,21047.034803891194,15376.813586902308,19744.05394078314,16064.45033792814,17350.79888341387,15526.37674335576,18631.2923316266,5812.991305962907,2623.141801783421,2420.8940596721936,1306.4884602387888,732.0664249773894,337.5909260636972,11801.803584110403,11135.858070641812,54.67627902035149,15497.028596289492,16809.649908703435,15560.876055146131,13991.98372521643,13491.657268025941,13831.802707684039,16934.126814296404,15305.067926697136,18355.165541530096,15213.15972773234,15507.81299786952,18933.463462266704,21250.234530130285,18817.764542709487,19743.047210596134,19119.925187632478,19638.314397281527,16090.188837431835,18686.0141205635,14614.294925094451,19650.093611942273,15765.919225589492,12627.395775874613,3544.067554103488,3397.9726912910746,2668.087681756674,1311.9324773728974,607.6188539232493,13011.713330532852,305.6711510017763,11348.758083844165,15824.514312624544,26.864993336487885,14593.93571505883,15784.518251563295,14185.598331585756,17611.115800582153,13794.396274320894,16666.208639595625,18034.078392741696,14757.943779117344,15119.076972200655,19652.756675606306,15197.16853057656,15895.790805053064,15479.468972122397,20071.598222806606,16732.080571912476,19292.664923700046,18278.39015476124,16729.15090787978,17330.032179573507,15474.554785529524,19070.779411185784,10793.668184056596,4092.975487613215,3514.674554462926,2034.1881147947113,1591.5369385460253,678.3396043927008,8694.046422646805,284.36894915203277,16906.86869502668,17552.79362811716,28.63157715512023,15065.975146561683,14080.171860221684,12942.698209527594,13433.805407390879,19631.557938127655,15578.632327562183,15753.487675218386,19314.97196222302,20227.911355995606,18740.28534883556,19598.65166765704,16428.036887154256,15673.288499083375,16102.24212774444,17395.85585648192,15658.537236399921,19860.434174048904,20645.129662103056,15803.579441268908,16533.474596825516,20977.203010151003,4796.752318059124,2242.830412059842,2302.0141556426465,990.7196420378657,573.4486410829531,280.58744504041556,9336.335913195635,14421.48081603884,15476.927628390606,14.228360088236343,13468.228246970084,14154.511994468512,17699.558947287736,17373.42265616162,14900.286352118284,17214.684493995388,15289.221282454513,14905.343301165392,15479.61226724403,15691.447774984608,14951.267766908311,16391.929071601255,18947.26111516091,19805.26836178064,23564.530793155813,19652.552801921913,23188.989729302582,17538.634325247825,25293.39133345529,20181.99729400184,5116.198044802577,3249.291316694194,3639.421121257745,2126.2219476905316,1345.5650102964605,6644.967268283231,637.7567504467727,16402.450757517778,120.25537521488526,17953.037869189906,15825.848014331465,18355.12225704315,12967.309516040017,14.03638391290794,15114.835393605577,16206.577291911675,19255.059410056787,15811.241252491058,15891.53206263559,18607.914935462315,14698.279964473088,20114.476291971067,15532.606471281508,15230.906406427319,19794.613578735218,20104.545382667282,19159.535382234113,15738.32012338389,19152.85161588835,18715.622133682962,16357.428112903066,20007.84126157407,6342.690852124383,2765.17571010198,2317.388641288963,1230.7223639621554,573.4008310582616,8765.275222516066,142.6923662009601,12570.021160561688,17778.90107914353,16.527245468329237,16706.194748411395,22690.638798247368,18134.74464253024,17615.00792123751,19390.0552920121,16620.684683549764,15314.692300123863,15357.057377721874,15962.196505639378,19973.36766861487,19892.79104734459,17152.104744913886,19038.609968527046,20013.49178801455,18439.39959190049,15819.61018515207,19941.738002378497,19102.629421232334,18849.014602010524,16451.062300871927,12902.107914938448,3936.2614731493304,3598.2976884831583,2105.432018698652,1537.491836574983,861.4167470576891,8505.464913630401,162.79526584021065,15647.763672826637,17122.981997765117,24.995953104019986,13125.521842198721,17145.666230008675,13966.478259621608,19183.48423023831,23480.082774685467,21421.66979793742,24979.69005470293,16397.365131260976,17293.333495303064,18237.814307387143,17934.06364531134,16728.718341770415,20950.57924767565,20374.24639665207,20469.306140133896,15932.689673784076,15528.775889579256,16254.576468065909,15907.372502810531,18801.721875784428,4750.667168772222,2206.951840328833,2598.04689997178,1551.2281763459266,681.8563043701338,282.7382695404744,11955.800539052518,14629.20048113126,26.16579224293249,19025.802086771397,17516.712235465948,16148.740535379075,15134.881044484522,17285.608195397366,17262.183234488148,17761.971623928388,18816.0933896434,16794.178038161313,19118.172114583154,16319.597844533035,15448.04666304094,18334.845121749884,15214.012881582838,18750.68058490827,20417.04199264076,15355.16520168419,19913.80033815601,19255.911031431377,15135.073544566072,16368.671034901043,17174.738579282806,4718.676402213418,2541.2740671542333,1967.10133666678,1505.259630379641,885.1313584639418,9796.921791063765,11355.672619629211,170.04505982940634,15131.713015418114,16472.987456766907,30.22197279237698,15771.242814032234,13897.608617726446,13716.864941022171,17493.622612396488,14301.280342889417,14128.314988267588,19172.843163213325,14710.008802240274,16292.771002765317,17583.53904956848,19994.172352066907,15483.413807055142,19228.946433048197,19526.64715372971,15445.399288956958,19642.166469001637,15577.047043786813,17568.57246772048,15854.295147077475,15217.809472549545,10414.158691701396,3505.1415935269415,2892.0854922446415,2046.7319018177373,1294.6914150120595,848.9949847103129,12262.294107501662,154.97716101504284,13485.221760049826,15116.317992580487,25.59077539583802,16744.37652896252,19032.301084809947,14083.597572307908,13687.284016072528,17000.654534673293,17465.408367640157,17021.88989766259,15008.70795706868,17994.775455658266,15694.631344656553,17118.22478179259,14980.136457914617,20281.106163934808,16661.90776030025,16429.116237463324,15479.209172597031,19864.453364785073,19346.532769187143,16633.46640537481,15365.270632882248,19686.77437360319,9919.972732245722,3491.6926169795447,3565.460914264392,2116.281125625227,1208.6574997913808,861.6022008656832,7170.654697982548,8424.037765163037,177.14445312454498,11850.83171468113,13567.722715203321,26.503874890787024,14867.204122671772,13601.205225022024,15487.064329331826,17417.984168883097,17524.973681124888,12926.247537079176,16590.95244418349,14512.704262833915,14367.38159421148,19511.87622448518,14958.165113618452,19215.460447601046,19315.376017799626,19542.27563323021,19043.438497650543,19332.78393536505,19365.1859647199,14887.827259615291,20109.737808992904,16014.99398749084,16156.246703909144,6154.840907379221,2809.8506058861703,1877.4541883657503,1181.6727506864975,657.3619910182696,6862.110602905291,200.2675338814742,13860.48407891431,27.75129588695584,15924.511130620902,13726.098965021723,27461.970105656434,27559.98504892591,23146.917895870898,18758.011368105384,17490.138147818998,17057.718434386003,18823.753780167714,16020.576502413547,16746.91380958653,15964.17934076391,16817.99376308669,16331.421369412223,16067.889776122474,16231.774905253977,14575.699532997694,19647.38469122639,16077.92202391945,17499.030551118973,15818.796319404299,6451.4679136020595,2986.3275846329943,2519.721807563302,1758.937938013267,684.4701210532756,7377.642399354135,304.1493996731689,10867.554862863277,12390.711249163382,38.19860111748009,13823.91468250493,15578.915186386257,13644.430132629099,18569.601037799544,14314.43923908944,17239.93754103089,13897.97063736255,16691.549768006487,14823.377700871359,15688.822693315422,18331.802869137202,15578.997515324747,15239.35104111597,19665.899666551093,19369.682683383642,15429.571488670113,19522.43024423974,15981.313708215512,15191.262350659119,15798.535051595725,18679.479811748806,18482.65914927149,5894.99587195812,2199.1751130418816,2450.459283430755,1263.311638311528,872.3100040083881,404.65668041217884,6709.180551339701,10981.863628855148,39.42948347850484,10072.55030545636,10990.36275664848,12528.571449987217,13366.58729803174,19759.357000816668,14376.050482577746,16543.711409093255,13780.465755128893,14162.73721870345,17406.187960197487,14318.891612058122,18876.11776809429,20799.912865610535,19255.316423073582,19157.61615728499,14669.359775334127,16488.47654986494,22814.058430566583,28708.07243446766,26230.984152544075,27421.7263122073,24202.21324783916,2483.640284379864,2650.5896825382138,2005.1916090159812,1222.2578689870395,845.96063734014,9718.250919436838,14014.131519078262,154.3110991155932,15103.180048343276,18025.909453558685,17.531231272663014,18819.478293188193,14515.961881120687,13546.571670639674,14049.466689941957,14490.763063339555,17915.253523632688,14800.414604331881,18294.89947303949,20184.588916614935,15530.168257741794,16403.39608500732,19023.103273960667,19299.708964228037,19058.076445325296,18171.62635811615,17803.615363624256,15298.142526244548,15198.017210228989,20042.51146333684,19431.57932311162,10015.109409767045,4124.539867431976,3659.44048901994,2570.968931444189,1354.9546903999144,890.146687225483,8740.746666446898,181.17891031593305,17005.07589734047,14149.164645329529,14.020649652488204,17656.936800950203,20134.39520359774,15961.549697509987,20377.21964863374,15387.315678219773,19831.580086307033,17350.268745522997,16531.761955821145,15487.25892378721,15954.983990709741,15801.68656933603,19032.87547753582,15513.855053539999,17779.86205476917,23339.838926438817,25912.784638588342,22519.11798513487,21513.703172397014,30529.982547862925,23006.126571886613,2860.8035982034476,2721.047783054443,1774.3322855370925,1257.5339364637841,9060.952409031057,783.1300894019317,358.23262020586145,16224.409084213128,18196.133817593112,31.57214210947634,13664.718707547936,16862.226866437166,16409.958994408833,14253.633489574495,26347.849103882123,24584.132925697515,17854.274765326085,21209.0833051387,20039.372302010608,19843.9010685043,29264.278982829946,25749.481627585214,23997.47183307675,16083.358951583386,17184.762925022005,20526.769524940806,19671.244448837744,19975.3318565185,18192.87947680814,20215.85222424159,5091.637718856376,3027.054743707303,2429.536735734181,1601.209552638569,893.8760241469275,402.26051836780164,9840.249948541816,13568.71127530636,48.45563440272952,15183.114606432195,16578.328625077924,19523.622070851052,16032.728477748955,14978.769743489047,14672.403129788896,20356.98173242281,16448.229140956504,18786.154465915388,15459.788705170697,15582.079425905134,15552.012314036312,15712.739972653762,19706.749948323326,18981.780494164563,19814.107411264944,19088.102444597593,19800.985751709453,16239.309099534908,18805.59603046542,14932.383560382803,15425.04762861926,6219.454632668058,2872.2376261044947,2341.9064499656547,1501.595861264427,708.408165751919,7097.657593658866,10529.652361465995,166.4922349257798,10124.82100983219,14217.11233900975,29.23361515484584,15167.471163202732,13548.28860617766,14625.22192085456,15014.398908520443,22261.622378225264,16528.722705494045,17218.609312888573,16606.025395011722,18855.720142184182,16489.428120131633,16071.02090483788,20193.26492155546,21559.69578867919,19046.40422115867,16591.562773566675,14917.68826105825,20051.26129299587,15475.266053493013,15066.45591011353,19646.578464975068,12789.500802953786,4039.9470345050077,3829.8864137192954,1952.67737942834,1623.9046353806202,839.8954794344318,9795.082344787234,11123.57752400208,186.35357446057088,12271.070631128823,13752.886518071142,16.685307960198777,15748.552667076287,14760.305640036715,14063.941466564436,14146.127165819613,15914.880779547928,17272.46268084506,15396.125101779926,15011.811362434626,17371.27669232293,19667.09720067447,18946.368150411206,15192.264231085432,15793.853646952875,18511.334967286628,14729.82635259271,19918.548605335316,21152.18207769188,15729.250681339056,14705.776264900385,15714.199717423297,12631.524573315435,3569.4805426792095,3642.0975819791474,2081.684625940057,1566.840136125609,769.0725643858233,9973.14830982664,10902.847228498289,144.88112311355272,15303.589593111034,17787.110349683364,16.30445320498299,19513.112462816167,18700.561611355566,17124.982085136424,14269.536372868262,16680.49482200257,16851.734595305417,18081.54203766441,18714.199988180768,19065.525375110647,15740.23073409302,15710.602362085032,18800.09794065246,19246.75258407319,18784.984805790034,15796.948790738941,20329.81596222514,16127.328224611016,20188.77783624953,18782.81353096333,15859.38359321197,13329.249490108381,3379.9565937712905,2873.6849536195964,2200.4264348836236,1634.6912715405995,7125.852203855234,876.0845891435553,12149.052346981254,172.96195925027948,14185.520306005317,17080.98512074646,25.453219076175642,16736.105212007144,17251.628881373326,18775.83228042016,19474.773610601253,13725.609572436262,16874.96886729329,18612.429953960767,17296.21070334422,15531.653168500849,23014.305981356913,24813.20477960963,18370.9258061374,21705.407639925645,20942.62808680417,15491.480281830456,16104.507947235012,15996.414380814544,16282.420584893456,19710.78182200603
10688.36448983991,3229.436130045588,9337.24387116325,3066.5206076649006,23782.01190852077,2225.8526777944458,18780.592562663693,1174.9184237103773,18854.61212277434,544.6901180832712,16774.15919835031,138.03728658185875,21553.270620746447,25803.920459782512,19.544386196535118,21146.712604486485,19110.86574227552,21232.716432031906,21578.04323640023,21374.878109752834,13820.321093089917,11268.365962014552,21494.900187451043,25321.05031091395,23855.321049537077,13195.07234186066,21409.452119188933,20162.160597485192,10703.369198279792,21048.6150156411,19710.546290434584,4481.491410515513,3807.4320280807356,2549.7595860505116,2149.833858153946,1332.7223724789337,498.60307603224874,7428.192271016399,111.16281491040515,16506.659204943953,13668.141688738368,12.89918163785778,16140.875720637094,15038.846633624067,17160.526716682743,14326.083587363484,15505.547140039014,18724.509028991186,19281.088782336006,19524.557538253986,19297.196800412297,18248.571838277407,20074.504139963956,15567.3695348534,18669.11404558294,15911.854152131345,19904.263810225668,31584.411984928563,24546.69534384113,19147.061362787666,17455.512659000837,16214.620591845769,10970.600908197373,2612.836817210003,3052.8714567880916,2131.2950557893237,1135.6613684856286,568.0872554995835,277.33352121642884,14794.010642288244,14841.056183516115,15951.226472550225,14.945260062194153,16201.569748121661,13150.404892081824,14020.799173603627,17050.824736175564,19250.697210543512,19045.599315798012,15369.919029553817,19087.883521022784,7583.322691969896,22171.240595425083,21489.355485921387,19174.99766581971,24351.870885012657,21028.1782002651,20895.99155469942,17575.922987046906,18714.880788115708,22243.867368036277,20870.417308054042,16796.33405725389,2933.224404718641,2418.281891268701,1814.9646759830841,1040.0395890064567,707.0425291965804,10068.575366122108,12663.54789600811,109.84706462212523,12092.37587767966,13897.8821759223,9.303705349698996,21482.75463148695,19774.67699308978,18310.28060086072,22131.851925827574,21280.689064578426,20306.177868161783,21574.880605537513,20516.10963359026,30987.826247310793,22520.53097692981,19266.580619092263,21619.900245663255,21058.73576043853,16393.306163315698,21737.14325113392,19676.032310868013,25141.1277998403,17984.93414440662,10913.824806741226,2192.0420818834086,2303.1135389783776,1684.247130038714,1336.5436155040895,560.8385260282955,8694.975451526972,16592.935326044546,117.43257645824933,13007.542331923438,15377.963462018197,14.015923953626919,17083.536685177933,17417.19187689884,17965.770751985616,19712.200096855035,19630.020484220768,15661.361349678107,15510.270280508941,22670.52962741326,19811.468941354437,18454.784421596833,17334.340514726897,22138.380759076266,20974.889969766547,16812.56781078842,16783.284376958192,18573.879868096476,16145.520797119963,19494.25360983644,15951.587231327707,10519.89725048859,2536.2032181021727,2422.4366959004815,2240.0621949767788,1362.1078270478856,781.2804366630314,7485.429662933839,10572.324836286893,132.18300898458537,10640.719724203582,14331.139924483512,18.041032668587683,13735.305728771373,12726.244548178094,17800.50615288993,13515.82065733255,16112.630891694707,12878.994219988133,14221.951766751043,25811.838496914446,10838.504545649526,22988.66347082585,24425.517204620905,18573.113572358845,18301.5787114569,17255.099672725803,20206.31731723713,22180.245396983013,16730.867337385775,19638.45431517568,17051.632593646165,16551.375581786357,4084.4225462792656,1726.1538594277126,1635.9945170367805,1089.990001280686,632.8408140687726,7162.931280039937,266.3682102166888,8652.181834113177,10213.769842804282,44.85921393195446,13842.559951576004,14318.287345725214,13233.643612129054,13836.576177000998,13947.142322049585,16416.62757349177,13596.033714350293,13824.865757484547,15239.106332780553,18213.802204576805,19639.330736031832,16190.301621689408,19370.64702668712,8140.317401252298,19788.559780840853,10523.351029421787,22937.737257360706,8807.15834230465,22954.20804399647,20165.716043808065,3868.9514748538036,3109.173832835227,2381.411367726503,2239.564859957377,1082.957260595163,545.3647541079205,8904.318160655559,13776.55164596787,140.85681368397417,15048.905656156556,14768.315335121708,13.665264829215348,15502.933626636734,12075.267843123163,17873.663252290244,25476.552887961076,22839.144989400098,17983.536505057313,20771.858153726265,19803.75899223212,20178.96109647976,18037.367584200376,19746.499094219835,20907.942348485827,19982.247232614463,21153.104160190083,15452.66387306886,19833.49556149802,16139.963728510884,17432.829823124448,15597.593856084477,18712.8577266745,3980.46086743337,2097.1089502119266,2001.3403951353428,1084.1837794557598,605.6368582061906,278.7160155385546,11977.631951921841,10970.198349122746,41.713775983109066,15522.813127350308,16831.696897390342,15044.966097435685,12347.322932714049,12757.331654432439,13665.310908886004,16971.721329213855,15503.148236206518,18779.802721973807,15583.032548686127,15535.380555799306,19015.557464696252,21341.920795013182,18903.31001793607,19824.54296095548,19202.06327745294,19722.05239871397,16162.300511006355,18772.51858132325,14677.980277102426,19739.81725759083,15837.993173934978,9771.198970168782,2895.178227365553,2854.9616088605358,2248.466945049647,1101.279440334513,487.84757857906936,13056.36440643394,247.04341627807227,11271.301946330754,15948.05748705405,20.286703384192652,14649.128970903903,13780.30431025499,12846.75836968769,16893.505756175422,13745.246871392876,16733.22684652654,18420.546632024772,15097.308297826965,15501.187887066604,19737.150362222324,15260.338177495001,15962.433365250567,15547.091788700454,20159.79529300451,16809.951629155425,19383.40551725451,18355.082023313586,16800.98594728654,17412.611216391615,15543.080101685591,19154.87439565933,8354.076420999312,3348.476970870633,2953.7944446107804,1714.3077265006466,1335.7841582566084,565.8289786692181,9003.62439402235,236.6266871487142,16081.780527962332,15105.91180548442,20.843743805309384,14459.424467037936,14038.222355552743,13014.32072080641,13738.88292573485,20107.478497232292,15644.573864313435,15820.124723125213,19399.360072547926,20319.43676284199,18822.854432385593,19679.886250357216,16501.651983231055,15746.13321099389,16173.160384448396,17474.825048111932,15727.7623629937,19950.904622818744,20740.94429622022,15878.181098738944,16605.31323118239,21068.15031674312,3258.9443233098864,1787.372419797254,1897.7043972836136,795.0082463227077,463.908944470787,228.05574100522742,9441.571058222627,14330.691151612604,15543.282733714579,10.252844491491937,13509.547103883004,13531.509240406132,15747.344552262357,16621.026647188643,14808.66936819757,17274.579388862378,15605.218153650247,15242.765304760282,15866.385948867426,15727.48745464368,15016.89230607615,16460.629096408877,19033.265016496724,19889.539477028753,24088.2958438993,19893.427182523392,23558.06501605744,17807.91877706511,17853.429658081226,11206.061260421786,6010.61821506105,2656.3206479832897,3056.127300915624,1791.139453894324,1129.117598566269,6894.433426324886,532.153113013483,16695.0329253259,89.93371120313495,15890.80231673061,15047.48470367439,18206.456482139023,13009.597308009077,9.91971454581404,15423.362598039528,16572.508007615354,19731.750670828358,15875.625972707665,15960.137145188146,18685.37268714533,14757.206154927406,20199.89851548269,15605.072795822876,15299.197896954869,19884.479795335297,20200.10423575597,19248.70591972494,15809.381339478512,19240.30762904335,18798.357460712854,16432.702984959993,20106.545949799667,4321.45907436863,2203.612557445831,1909.397663499443,1017.6367717446942,472.92863799019955,9105.001435350672,106.06918054428674,13032.27486501991,15681.994892090466,12.003847838155163,15710.232259031272,22937.102311320705,18406.32277299078,17859.929622156462,19659.983775137105,16716.709858067312,16108.377230287299,16140.405725262128,16781.811882643455,20999.8886797564,20907.80148229966,17240.614848907066,19135.216684326577,20111.135020615984,18528.83660713608,15894.82497178652,20044.257094599037,19198.51455583756,18939.667965506553,16534.867650801505,10008.607128093918,3206.138485061215,3021.0968458540983,1773.4149615036958,1289.9719696995153,718.2121082382847,8831.184627271026,124.9928525155721,16213.992064080498,15140.718253406529,18.391139538397496,12508.833961730927,17049.309991764567,14036.405809208589,11027.228463047697,23946.36916501702,21891.310876233074,25266.412158616648,16651.37861275783,17535.783322518182,18490.80460967975,18040.056972987943,16824.75676662588,21069.960797458047,20486.251348507307,20578.217426148265,16014.14834983861,15603.970854978588,16332.720075486563,15985.59919458094,18887.973471286954,3254.8464345125994,1763.7455806980286,2146.0081342743683,1285.785498462107,563.4211670123506,233.47222764517494,11947.715830465622,14694.425913066592,18.972621909481845,16712.481057301575,16159.032547302664,15556.938009350768,15124.624685408447,17405.323802056464,17622.97088936061,18166.57397773952,18844.452546626486,16866.097562447336,19196.42892303177,16391.213913167256,15519.431931545128,18413.4429115517,15283.108493328145,18832.37860783649,20512.358474243,15429.564402081762,20006.26748100765,19346.6195619213,15203.065367393488,16445.611065427085,17259.44656640886,3221.249069529807,2033.3827000546491,1621.8621142172333,1246.2084411855838,730.8257271038176,9906.600434046186,11288.882480690329,129.70291451594647,15201.114147589653,16518.29435867792,22.140789770794232,14988.208900954152,12350.384096632593,13123.484994871567,17429.807075233366,14369.4941790607,14423.808421717675,19607.718695015792,15073.69134327579,16327.80624178985,17664.125994755363,20080.650227939594,15550.453936779197,19309.61811819484,19609.727307670015,15513.933283225728,19730.542618292995,15648.198149364536,17649.814812080414,15928.78811794653,15286.5161640399,8059.359376246423,2865.4175994550737,2430.355597501605,1724.8215352860864,1086.610399249538,708.3289612471351,12398.093067314496,118.99597289458042,13426.011283768596,15188.769354732496,18.84231949335784,16792.777294306063,17936.4280667079,12618.711801762436,13145.244276665753,16953.651041929403,17568.733428244726,17384.844068870312,15359.196934268,18026.582408940983,15760.892903508291,17192.81776261992,15045.99962148565,20368.775449616885,16738.22029271165,16502.07253458683,15551.855691067267,19954.160709611017,19434.633079148192,16708.58840352863,15434.901052147965,19775.50109235174,7677.654000709195,2851.241191909218,2995.1250456414614,1782.8964161927138,1014.1130264827283,718.4096083307578,7434.395267733531,8595.087934196394,135.99343709922607,11987.136995850804,13265.978565724265,19.506795995200843,14873.762979866538,13614.385668394189,15032.047699088704,14998.693313028916,16426.68707560036,12637.795960883797,16585.424162517225,14674.63916620029,14698.234146681425,19997.3832350494,15016.397268692364,19292.34732237313,19395.45351540902,19626.236400548554,19127.334589732676,19417.75761372276,19452.76637865609,14953.944510524345,20201.567188935172,16093.153756558313,16232.989424135652,4203.835125422911,2241.7305043711267,1548.4960646708967,978.1733601885862,542.5642883283496,7110.803987438911,152.7121261755775,13386.371159074126,20.339991649158513,13638.39817133837,13104.587869342613,10840.704468568025,28092.126896452,23649.62868634697,18966.55807906272,17748.960992762026,17297.471526450332,19807.48130098323,16838.976442946496,16841.66401418538,16055.42648132898,16910.43139192343,16421.868045702613,16157.862095766088,16320.364214630274,14650.896522079851,19746.80799120125,16168.211134883255,17602.726106534483,15910.221531304316,4470.993923009026,2389.062249540609,2083.8417531266387,1459.7837846729924,566.3797693094065,7644.618893177508,251.16039226753705,11089.984873918555,12492.70338834986,29.196809193699835,13503.984055018745,15594.36640754261,13662.27816483859,17917.152990502967,12657.148906192428,16424.96596644702,13747.945233510614,16728.371218852903,15006.304033779159,16051.21970226855,18781.52331308991,15612.417805929606,15307.313161520065,19748.097946189166,19453.605283331508,15497.222036446004,19609.54815447185,16055.125258890948,15260.837630519849,15869.289341639533,18763.84079968436,18568.47637865317,4051.1090019424473,1757.0648864104462,2024.3613194317663,1047.540722419991,721.0743105188136,333.95349149714923,6926.794087513879,11188.850232390401,30.123056989466953,10112.63228679167,10862.68467102293,12599.007831419529,13411.706022514674,18647.552301697488,12838.056290204839,15841.123727692755,13730.917145473986,14243.20931095354,17777.002734901325,14647.237107308074,18905.412108511497,20893.920735256997,19341.725557185593,19236.92702199453,14730.271556858965,16559.480190804563,23319.36120162313,13383.707311339436,26748.430888625087,12863.771862243051,25659.55239044152,1800.0146713661977,2192.957928261466,1675.2388699204766,1019.7611945136076,702.4664142459297,9777.044080568616,14047.535112711788,118.10127299637472,15205.202840062913,18091.008644072783,12.89597165783056,17582.034752812444,13114.382024601897,13046.199772901187,14020.753477969385,14584.19506560721,18297.699800644914,15137.28417159669,18748.25153338462,20265.80515883819,15597.702159618491,16474.639362704922,19107.031419229534,19379.512130936502,19138.288304761983,18253.044029651468,17878.251634823584,15373.69872976992,15265.74491698147,20136.71955130816,19525.457229483265,7758.106847232028,3364.995094834141,3074.371821694632,2166.6879350262857,1137.40862503356,743.1497501277734,9067.83437943114,139.15425737620413,17072.4173230614,12505.593919956458,9.998679999956547,17841.78954981595,20401.658485798947,16177.908963416783,20494.78695353137,16182.34360144796,20849.208388595238,17450.031879903843,16627.45998956661,15568.722955728166,16035.709276655385,15882.88199696845,19131.003081767227,15592.424677317827,17867.381141208938,23852.262272003598,26481.385933076846,22784.589359121906,21835.026393530494,20692.48685884568,24363.781151724463,2234.745938316215,2266.3911763938304,1424.3970714694865,1027.314476106407,9409.52984972164,641.0342511126328,293.4746404348919,16805.02164988571,16040.300219367711,23.9954359661388,12820.490189753595,16551.552596183825,16416.71562898912,14412.03836517591,26941.345824711614,24877.896144793973,18138.182171216195,21516.167486255195,20312.628961111703,20878.868654118505,24897.942243945607,26231.777109866613,24275.40933968332,16331.624969690889,17426.2442644314,20810.80354008755,20704.465899059447,20086.406738246016,19140.240796478112,20328.760824352128,3521.115097744005,2420.1439849681483,2007.8593162586567,1328.0854686922776,739.139030123122,332.15855173719353,9948.022477243685,13527.0907290221,37.04276606600771,15258.960237478053,16626.6992033194,19613.94531538927,16107.048173364159,15044.742573984804,14735.905425778923,20443.16631951737,16526.44020403589,18872.669496118207,15526.088074094952,15651.588464980334,15622.311775217495,15784.991780524862,19798.655785992378,19068.392734452253,19904.089675568404,19176.79760522172,19892.18176584332,16317.74263013434,18893.435305021594,15001.77738000968,15492.51375307788,4264.93694936545,2293.0525453731075,1932.7629285111827,1243.8514446017412,585.128593343285,7332.672434496494,10739.004593910531,127.06321765615756,10171.619145460869,13997.182084201155,21.436222517360562,15253.414787154548,13590.172034996984,13827.070856449911,13442.71910997713,22499.349914523144,16750.8196648897,17456.69767066962,16826.297578029615,18956.512461422462,16577.654321215014,16161.490813750286,20303.402023354884,21678.57703542191,19151.670032834492,16677.887373415884,14988.322145673688,20140.324055350262,15547.26449185927,15133.369544684509,19734.646628723127,9901.983773882735,3303.116060172664,3214.841745141753,1644.2152040828462,1361.888223474101,700.4644446881273,9910.197928531616,11048.25652225268,143.02917203940808,12315.224803496012,13791.594083578224,12.294161546803988,15118.59576215428,12673.776753345513,13409.929462542954,14026.037899002995,15953.652241961183,17468.573541986643,15748.33082003726,15382.751848740334,17404.62250533018,19757.138939796583,19025.42978524811,15253.545222120198,15860.518506585258,18597.293236163296,14798.2071069002,20001.478590875027,21251.19615751056,15805.089759275526,14768.909069751444,15779.028437394092,9774.845447349051,2916.303561195427,3059.2215983045885,1753.2304458019576,1314.1625359424893,641.1949207865199,10123.88993262947,10730.741335542336,111.13368570154918,15321.190353516988,17809.43239597268,12.007202961412785,18801.91652913079,16076.822692534839,16238.935624862503,14104.431655646888,16708.29045686164,17045.08172007307,18498.60907036706,18743.47414136931,19146.65892435123,15806.096813219785,15779.476354244476,18882.473377185834,19329.987664402266,18874.242278875117,15866.920110910904,20427.500637885703,16205.819113718313,20285.04027474301,18868.105828013217,15928.694314283845,10310.24527960593,2774.791955759504,2417.9940153291236,1856.6404812865362,1373.6294293291473,7391.280777167846,731.450446984532,12269.646814504984,132.9426923896407,12585.136618825678,16310.928216529814,18.742670436774507,16637.544251622458,17326.364778535415,19175.854094534712,19925.11608871783,14057.0032370841,16904.01168336834,18694.856357296394,17366.423900892572,15598.788561094629,23520.364870699585,25115.184322073805,18663.99828639387,22041.651373485052,21227.60524137067,15703.544289779553,16946.848045363233,16818.90824477512,16371.677331900453,19820.370752144023
12001.391054573858,2625.617184295848,7809.86843856905,2559.089847499438,11254.617267346981,1863.4023076543297,19348.033833251346,979.8963264543414,19265.475180428817,451.81232832088403,17203.18481075726,105.4295581389991,11521.576780817719,22069.657765812633,14.349715505245667,21619.295419507947,19543.0661272383,21769.257228527327,22115.640160452305,9571.166874580356,15518.097094799958,9425.099836234596,9550.709236100114,26078.645794399414,24384.08389710067,8200.67988809268,15328.212299917546,20776.20173540937,7177.543424343951,12922.415162479112,20148.185517515616,3006.3883596187425,3095.8308628072027,2127.474624269241,1798.955546318364,1110.8998305069454,413.3495874734808,7675.7165798067945,84.85170808838566,14974.707024052472,12777.403400350317,9.47394469993465,16154.889800239616,15347.180634724678,17221.070338709014,14420.50691168744,15639.017192324452,18899.14399792837,19613.20835320327,19865.270902898,19635.03032278074,18566.799047218647,20423.73043469886,15846.138613778912,18998.94527354379,16192.852436541703,20262.69670999962,15688.124150019876,25297.567237018342,19579.645850552974,17904.731776083412,16616.136233110803,8255.944573287828,2105.1316944474497,2540.630870246286,1781.0635541410338,945.8629431824916,470.63001381636803,229.53791012123006,14836.069035634453,14046.368455752538,14550.504950714208,10.85111311050422,15849.034133335563,13246.833191805625,14398.62336669,17132.148411488706,19404.779001540013,19212.723976231053,15510.670735628331,19413.503323505727,7584.902948894908,11437.90193179931,20661.035807109674,19598.749816754025,24892.879362903957,21564.053773433774,21417.174832943827,17899.923678231655,19060.59830187993,9813.054282504254,21501.886861482148,18592.02351540554,2384.4233172046243,2017.7875180530511,1519.1361395439956,867.2287276060173,586.3431892931357,10039.531544276144,12648.761302909414,83.93176264329426,12112.01531279985,13967.257115004159,6.7008752593531735,22048.499826956824,20215.594686482433,18791.299190035847,22687.58998075134,21819.707037512075,20596.976587739777,21970.332977062342,20900.79852975899,13481.293374609591,23206.9447701857,19704.522320442888,22180.831596423955,21577.089822459646,16801.89565620561,22051.07685744994,9076.258974764964,25486.984507195244,18379.855053202577,12335.399098582637,1736.570427069734,1907.921555953387,1403.8562055499267,1111.3575245618363,464.11485567350525,8994.976167358487,15717.284919978589,87.3499395892861,12276.97809349427,15336.307589750502,10.171349048291315,17444.595609005628,17484.625757080008,18087.293184234157,19882.589917328565,19814.652923556838,15910.869910780168,15785.198934712094,11884.791433660406,20253.38969042299,18936.07399652749,17781.310063405526,22686.68917362604,21505.009919810294,17128.916788989216,17098.04355049436,18921.47863583918,16446.07248556595,19850.52499684733,16241.96358310775,7882.268863293632,2048.9681573962616,2019.068394424413,1874.7745214428455,1136.1660545604423,648.0747034045467,7739.976189360016,10813.85422611754,101.06465367901447,10677.1993572305,14279.103073532175,12.988642535066052,13883.349941242435,12793.222616811983,16703.417665754063,12546.716727743345,15906.213796100112,12999.730985229076,14618.659093292603,26493.608071162358,7869.018304904173,13744.483378128143,25170.78746776625,18983.10787996777,18767.933614773974,17691.17046335852,20585.52210884649,22594.093781442996,17045.551425224665,19997.721335885184,17358.29182982447,16852.059787713708,2568.508522936058,1369.533930854754,1341.872691283717,898.2126121182516,520.2851683393009,7389.520308388473,218.70468267073812,8835.944510373409,10105.972391934332,34.11174778172983,13880.476713754795,14345.151046072495,13373.351324127376,12006.963038829195,13433.838151956785,16500.97081764894,13951.850809926273,13887.221008997001,15361.43389153226,18371.499600207237,19819.493410301093,16477.31927942942,19713.042275086038,8101.322523438075,10442.456108818944,9158.138434259821,10141.054234761998,7292.527263782412,10551.322564496935,20774.20588996884,2521.0070259520194,2532.482798587099,1988.795336076992,1875.5764316919995,903.4261921705872,452.44787221357916,9180.892980824534,13869.472831521007,107.61727235207658,15508.874590453766,13872.567767922019,10.039551257296685,14370.829176404975,11944.284444985324,18105.752726110633,26161.27209195455,23347.411799510555,18438.333164520864,21292.182199602485,20173.766023436143,20556.495162199986,18375.139844993882,20117.878237191708,21289.700443915804,20348.90605893101,21539.080021076632,15734.053321006508,20186.11815383509,16429.959099269454,17746.90234835799,15876.443114445083,19042.81982999929,2493.8849379713274,1663.344163174778,1641.0188385577812,893.134627991451,497.74049714998523,228.77857336754784,11966.213294139883,10911.154277143043,31.731504584195047,15532.871256607958,17000.14117851585,13091.738433494922,11682.336434019724,12724.088822219006,13960.620012585954,17035.326093904012,15609.325789879702,18945.099572158193,15723.829875568445,15781.07282732249,19350.790771548993,21718.080392715216,19242.07225938362,20169.921542143285,19539.823863909845,20067.72969908245,16449.33923119388,19109.415957534027,14936.834359808923,20087.539299114917,16120.598689290136,7280.707935901443,2346.05100248839,2380.656608046138,1881.6274891971286,918.4013625047043,389.06041211641025,13040.855394142933,198.51756706642755,11325.617407539665,16005.784641817569,15.282102811278179,13964.504227960095,12425.975927312056,12492.618678574177,16993.201206182635,14108.354523726834,16804.545114324254,18564.48428755398,15226.814014346392,15645.907613516554,20084.66223147052,15527.25179004344,16241.479098473706,15821.714746742653,20516.079985463475,17112.139270543117,19733.674761052516,18676.091256140902,17095.539925664998,17727.670844558463,15818.346342227967,19493.365499192078,6226.581945263656,2716.819257202543,2463.8006745210864,1434.6725894735596,1113.7821775102,469.1246673547312,9300.735917879014,195.82974893135895,14708.962277147964,14223.78873095244,15.140738045129007,14545.137034996147,14410.796493711518,13072.598577864317,13845.282871121966,20284.952702114002,15920.362324325046,16098.199199611618,19742.959783841612,20682.79236217873,19157.125304815116,20022.600418603837,16795.00648225282,16029.312755725068,16459.321384091785,17786.980771210747,16006.31218877235,20306.896602521825,21112.924397965355,16165.139403925934,16898.38787656652,21438.63551127931,2017.423547911136,1413.5946956397013,1551.6063415946587,632.5910624828301,372.62870224939627,184.26221964588865,9419.509124428865,14337.419309914232,15585.088278433386,7.373660504417996,13629.881467731284,11750.472429808067,15139.897259555375,16693.437701752526,15178.336995425021,17346.32415370676,15727.409974819871,15371.54768834159,16014.030572516938,15982.778250656873,15281.9259955377,16748.62260469338,19373.531813892452,20238.06774377835,12585.93326688327,20342.600671664528,24174.90515616064,18268.40400566986,9112.878325529979,9528.499832998554,6977.052150789873,2151.8654728364095,2546.805356004858,1498.3299244258724,941.2919351053943,7128.553222707517,441.3733222053982,15818.635158217827,66.91659880759076,15114.56344459431,15056.529473309223,18636.403513033616,13064.114410203032,6.995288416589767,15542.166405963506,16714.72208113515,19910.361658059544,16153.301916388082,16242.276563118774,19012.223600886336,15012.132885309022,20552.39857502427,15884.861054571318,15570.294955464726,20237.567417245766,20563.720041367593,19593.59184513226,16090.054645841277,19582.944607364592,19129.664600144726,16725.045482113797,20472.10169924207,2686.8256184136926,1742.2727994386144,1560.3342819453612,835.3170907159029,387.5448443278122,9423.759031600695,78.43503015597105,12376.118001347213,14650.1593558113,8.698875998800496,15619.487869574687,23423.859224470663,18872.945049488535,18307.92934691287,20153.89498843236,17026.16170142381,16339.18581900255,16365.198763255195,17018.1180590297,21297.48630239429,21201.082531059474,17554.626432962632,19483.24581233482,20472.35879382828,18861.421453706156,16177.636588814174,20408.998528851418,19545.817767960856,19277.7086662048,16834.332397099024,7482.008952944324,2591.480515150114,2517.223458759695,1483.3138128190456,1075.1879785003764,595.1803110377634,9133.92008038113,95.46948465411474,15363.665973158131,14290.088592693255,13.496791211911004,12530.621863854914,17474.48894255612,14100.510027378657,9596.646973806202,10451.566557515225,22554.02461701053,25825.689217887546,17084.106229930265,17970.99150996961,18953.093573421298,18377.976146152574,17137.266645697564,21462.187925900922,20866.40369819049,20957.21111356621,16306.760116458536,15885.091219606955,16626.612868193028,16275.763134066648,19224.623357221437,2041.0010112584969,1398.4006078807972,1758.1788357288738,1058.0196402243148,462.5242712480859,191.6917014215712,12352.295261251333,13827.640820426104,13.724795362793703,15462.043396447796,15890.546419995668,15684.107604221668,15544.20876881437,17500.5450649552,17761.734208280694,18318.30259864348,19135.83124974172,17161.34071735366,19530.053124225884,16680.562768762997,15797.862173948379,18736.5095622105,15551.498876858435,19163.173877171168,20878.117254584933,15708.268652658055,20363.29067012552,19693.46756752448,15471.9797910825,16739.670812068176,17573.223384460896,2008.7853283613053,1611.1644567341414,1326.171010740258,1024.1779583098867,599.4667057192216,9882.090379921598,11298.899003236316,98.39276256765918,15242.999912500542,16570.398786774007,16.17510922200353,13005.901150561642,11869.655975327158,13176.635756725933,17886.94761403668,14436.269823401872,14539.294448298517,19774.23841125909,15213.60898888707,16590.26341616411,17980.989012294776,20435.366459833243,15825.091137641944,19647.252309174408,19953.395542401504,15788.783223341346,20080.89257540766,15927.173350914472,17965.424130821346,16215.218253413112,15558.461274371315,6005.953072805236,2323.4139399075393,2026.9922969549932,1443.424498260736,906.0003494397391,587.4070497927667,12363.726336696915,90.9111595923476,13459.908820910488,15228.217500709483,13.84131748073404,16502.003682683906,15540.617663350764,12189.339211999646,13228.630603064259,17405.322759910607,17653.12995229149,17522.56267776728,15490.097457360782,18310.38311833495,16035.140951276508,17496.60078590297,15312.276012375323,20726.562714457676,17037.39327357687,16793.83797883053,15831.836661676673,20309.25071908625,19781.394539685174,17005.79199252234,15709.68927531658,20126.62954551806,5722.224503075872,2309.670348997815,2497.0494447149626,1491.5627897307688,845.3077223455614,595.394733804096,7686.662461758523,8784.798747680861,103.87556321241166,12004.200064075085,13260.070994245196,14.322773855593567,14875.783407298743,13745.520589126381,13088.485495767904,13891.084167726925,16307.6001852452,12839.68028675483,17045.06576487332,14766.61518721122,14823.471463040438,20181.032710199932,15276.704126835944,19626.227470323218,19733.66074965508,19970.988316521103,19465.525255639786,19760.221666014215,19798.06410798474,15217.876504168862,20559.89954161369,16384.4659107067,16525.02364634343,2623.6096495510455,1774.3651043573188,1266.7272195517128,803.8028882596622,444.8863749610903,7349.762507424977,115.8164442884543,12200.745707173372,14.86823228940096,12805.034232658549,13146.70649324093,7870.615502528822,16988.444018254893,24365.49028535405,19383.380856140644,18201.796540437557,17731.781904092455,20094.0413966605,17074.210732308056,17153.66002969926,16354.781622911023,17221.83719366531,16725.032028372494,16457.559437015956,16621.224103495657,14916.710001579271,20101.04694005082,16466.68463940785,17932.469031965426,16209.043878121674,2852.622995223886,1896.3028576851152,1709.369129714995,1202.7065430099449,465.60894839308963,7904.7374582550665,206.21815401350025,11336.95064234281,12374.937551672545,22.256647233293712,13487.557733217669,15598.968806729938,13798.675895738104,15584.209442979536,12050.616017492892,16455.939657220108,14055.880159887738,16792.16224458349,15106.887506860934,16190.266370266516,18953.08984484899,15862.48658611274,15577.9503512609,20093.224008972007,19796.294855751155,15770.975997210853,19957.06899191993,16342.223165946141,15533.228944013701,16150.413497753078,19096.951548747216,18895.79987122944,2552.0450085154366,1392.7464499248726,1658.7106512563007,862.2822508612204,592.1407297697384,274.01775583971164,7138.247556343212,11425.402979158383,22.9500996208426,10002.654500921966,10844.13995592236,12634.233556231007,13168.862667652758,16156.05115386661,12378.017879049416,15915.074209304732,14088.9177670528,14311.62475210769,17919.303943854306,14770.798012077285,19198.770774098375,21265.511224154,19687.333229278865,19572.549381655648,14987.037749330042,16849.64641061248,11893.849770238116,10437.490610548435,14444.50680125332,10032.010929784878,18471.161000500848,1330.524415051129,1799.013428635651,1389.172133557295,844.9846686874408,579.6816815019797,9755.901842353534,14032.218257767927,89.93338151197806,15254.551166481422,17349.969512626816,9.465453434775945,15272.030044640896,12734.622212607379,13151.508669275736,14400.13634244204,14659.128294192678,18447.098708853646,15265.773299036544,18920.40235846035,20618.111645840527,15873.964251940946,16765.88958255457,19446.321688759464,19717.099636049108,19472.742646050956,18573.49922855263,18189.28887895237,15648.945095839174,15535.354699266038,20496.301673899536,19877.42085025165,5788.88364513488,2723.8206426343963,2563.325749012531,1813.2473662443554,948.5313054575404,616.6934163380392,9380.085040511181,106.35507670648505,16188.822464947296,11854.521945884688,7.114927560750041,18223.321596184473,20898.393857420684,16577.695928314122,20874.53629411182,16413.08299881762,21142.587326096203,17774.79251640333,16938.99766528408,15853.893171255211,16325.820056655512,16171.90923129485,19479.969100321843,15876.285976894611,18190.239948307146,11380.244895747943,27289.411381460162,23304.06111988828,22391.37914842883,10828.989288184624,25801.617667349245,1746.4951194119951,1872.328019798558,1132.7644393707776,832.5394390234138,9740.45730074125,521.0873872499906,239.0020172442108,15907.712267270303,15023.48933222976,18.188526342980552,12731.590193823491,16850.810153487113,16467.609588486248,14500.572169652623,22855.960831583307,25436.935539570262,18615.35125807963,22058.940218434866,20814.989603579357,21176.28806461427,11485.047807121722,26955.74017854168,24817.446619171373,16753.75737869892,17857.392745475896,21328.50195478896,21001.80841661831,20455.05526898768,19414.097143392682,20707.31027570956,2239.395977902211,1919.7525366728023,1645.8739694827166,1093.5128500371466,607.175158011253,272.69564465519016,9924.508792424727,13571.007420875,28.241244431383617,15300.370937612492,16363.517009890855,19959.951758161413,16395.81273408794,15311.780666230388,14993.146112692002,20800.168306318883,16824.562384895708,19210.91590425792,15798.496750607263,15928.702575357584,15899.534163364548,16066.385950328287,20153.047296675177,19407.743592756487,20257.392519326502,19519.388143370652,20246.33650487063,16612.462415667094,19232.151034116778,15266.748969802862,15764.762453324176,2678.005623043869,1816.162479769631,1582.0654911314023,1022.8119320365768,480.1341588895654,7562.313971253425,10977.76231540784,96.43961836873613,10061.4758062615,13925.801420858066,15.676273128585553,15297.749736449756,13403.986986120004,11979.160430766804,12977.87742257442,22980.59507007938,17158.98350432408,17890.322612461194,17240.89202535862,19304.75110368983,16880.14730360151,16461.837232412156,20677.57867916617,22080.033704239628,19509.933746957835,16985.743235954884,15258.402355213197,20496.334099798853,15825.83683123141,15400.818579840978,20083.627695518513,7383.406187398676,2675.6415844461994,2678.011288022136,1374.805082534653,1134.64054664302,580.6589955388412,9892.32067382364,11050.47906693129,109.24407035908219,12343.992446561177,13957.029017559616,9.039617951500132,13129.309012560763,11844.789189183002,13439.227508124823,14359.329364556266,16017.853698399284,17580.967412011876,15881.402584114403,15526.260872199946,17682.139002691,20111.607450111558,19358.66059672914,15517.697894461091,16137.807703602992,18930.857898145186,15064.411691615463,20349.710743253476,21633.4335361469,16092.697604814059,15028.908566975762,16052.927262419702,7283.868131837349,2363.426425859466,2550.2802251096596,1466.3181256706055,1095.0380796879117,531.3773401002479,10113.179446392007,10768.810495141412,84.83674350274131,15326.162149813514,17986.13803930052,8.823906070287624,16336.611262493667,14937.798101162634,16224.480114621601,14414.720534993336,16769.67659691892,17150.83839134255,18652.777365169644,19034.641424497604,19481.357846330215,16082.424544318575,16058.308158627648,19216.077551756418,19669.388478006924,19209.861244081694,16147.037952564966,20795.969074152235,16499.9240140725,20651.69875741134,19204.775609508844,16209.51619309784,7678.383703368776,2257.058431660672,2019.3600973700838,1555.7218722438515,1146.729170754474,7639.138705610932,607.0037053910515,11634.699690882027,101.64822688217339,12035.336631289209,16360.950932883421,13.765918020388089,17052.576986743723,17400.42102563958,19330.108828236418,20101.11837070019,14184.756795340601,17167.794812688186,19024.784411729655,17667.437603590537,15873.058798191183,11795.835656416453,25679.48094589925,19152.75812635074,22613.215188020717,21753.05088362245,16093.446626761906,17187.30764354464,17056.948454358295,16672.449640578776,20186.34685689871
13390.4644739045,2114.3949449636707,8802.692729528417,2118.9496141794043,8035.498237579527,1548.832224830918,10134.13659313044,811.8358599916708,17538.079644935067,372.52552699499495,17794.596297338667,80.16130101480248,9603.257273637873,11238.900910020238,10.51474527210768,16739.26646909401,20166.721673140277,22518.82477150747,22874.5905952133,7286.422291205028,17314.203570704143,10623.259336069317,7126.962744174874,12585.202924451949,20907.16219704575,7497.357065600567,8645.162140571356,14551.987154691818,6909.270964816475,7966.337745603604,11689.372435082767,3707.2562696706414,2493.6731521252523,1761.3037083300214,1494.6059863284922,919.8879644499267,340.6307211585155,7919.523525106049,64.48487076093333,14232.340917179767,12702.314080251745,6.945399607715493,16243.50027644629,15496.966407416174,17536.890772304578,14717.89702036002,15983.663491420246,19325.39034205256,20175.367585228316,20438.39200056909,20202.190906457203,19101.368824131743,21009.604713096705,16309.262828952891,19549.22799804539,16661.24318332106,20856.04176879566,10430.003094423926,14723.826846931413,19476.997051968545,18523.854994433743,17180.453324639362,9565.120189660242,1682.151805450318,2097.4702307545876,1477.625779348631,782.5114608238401,387.5297615619832,188.95999833868342,15026.999559774196,12222.060090986699,14247.422493723978,7.864632164626859,16146.736870477951,13339.578864010684,14563.789645833716,17463.33630056426,19823.62021114026,19640.13022954644,15858.293410099268,19967.626687090647,8665.25484467826,9378.752829923771,9773.537968476085,15806.970343254447,25677.64963827919,22311.08097576664,22153.311751915,18426.4106155439,19621.877886336464,7447.001582881899,10591.868038333512,20478.889256665065,1919.8595827630795,1670.4650684465282,1262.4437414349766,718.3465049139046,483.3360835769099,10112.793935172016,12774.509775278751,63.852665733797345,12241.48627832768,14236.24739043978,4.818786826430774,9973.927880082008,16914.591877171173,19448.77967670713,23469.308263334122,22577.46298431362,21128.17431981781,22614.914694081526,21524.403508283845,9683.992454807365,12033.479000567268,17600.41587718417,22949.386584634944,22309.800313611504,17377.620310917366,22619.60932695238,7033.335818252465,11856.283356403528,13946.807289005752,13843.97697736082,1367.9321920513955,1567.4886935317688,1161.5137781232895,917.84507103536,381.7265165095125,9288.581968312188,14196.387143899512,64.66483270929717,12263.533298408685,15782.807049715786,7.364980265436192,17615.780388523115,17810.823638908867,18463.158105648094,20321.80901859597,20264.161299961594,16355.81067712861,16244.560606106943,7690.308652430716,10963.675837122191,17498.114889323446,18395.02942734998,23460.51770060659,22250.165299285334,17637.541303890688,17606.354386932828,19483.438268683065,16933.930960754904,20433.074809736583,16717.083679629355,9153.580583367404,1641.2423246298229,1669.530173814932,1557.7574382388193,941.361789448627,534.3066166380721,7992.054130516355,11093.969974857846,76.90551092729702,10584.771490856321,14351.358923593292,9.330717497235847,13972.367002274075,12691.407653041852,14507.127993198725,12410.572237476865,16285.274262446212,13097.510597240349,14788.41568986022,13090.799315781984,7986.899677158935,8611.259117267946,16108.074924723467,19576.25193897166,19415.135213727575,18303.25096334739,21196.49939336688,23262.54783136937,17554.766411395944,20587.42270713815,17864.8046625841,17347.051070201644,1402.6090801734963,1077.0210615799094,1091.416661268966,734.6899916904282,424.93060171425196,7621.592999155272,178.5470454642077,9000.173518809333,9953.762994491355,25.87091391181812,13881.491738775412,14502.105036396722,12623.377040480826,11262.982425579337,13570.708928994678,16605.781790161298,14108.976300608138,14152.351409461027,15693.50014524044,18777.84797591247,20262.286013522542,16957.554457642647,20286.870532583398,9256.196996142504,8615.59413634958,10486.847944009458,7728.536716313844,8169.373830439372,7683.94950511121,10572.489485529986,1460.6434633157255,2043.2560386431203,1648.0514759519742,1559.5629278984716,748.6819933320485,373.1167616894743,9467.724129966064,13915.976828506567,81.85694842489521,15393.293719731893,12064.043899259661,7.361869050715141,14202.910461313953,12235.10825480264,18258.446180386225,17865.70043187154,24083.818552930497,19071.407085912448,22024.85834654899,20770.58789416473,21166.291828428195,18920.18025718195,20720.318745251843,21916.100330621026,20950.860959205624,22174.8995206024,16198.927625948114,20773.706750660105,16911.43617923033,18268.135666763646,16340.667723983031,19594.552508782857,1353.2635175767782,1307.7030715232083,1334.3051794244848,730.29536669232,406.37058263845205,186.71878219694509,12046.224983326945,10985.813808949288,24.07527907105042,15671.01908321016,16129.868895850545,12084.172169764272,11687.496583292594,13093.00721496684,14101.029148118268,17351.168804305882,15934.939137016316,19367.939294244512,16075.14738489562,16220.924332787137,19912.093291487676,22348.240226166203,19806.892917470468,20750.901915758965,20105.8036938402,20647.27120096429,16928.265654473013,19669.86125626252,15369.936615060396,20665.838246977695,16591.139045646214,8480.240231605301,1884.293303239479,1969.559625390436,1563.3317502031775,760.8005396192485,308.26094554393643,13323.520324473297,158.64010763611142,11369.784372442966,16209.204250626424,11.487618339664417,12186.40521264022,12081.646679416031,12688.12386480124,17106.17918630257,14270.0218137019,17122.21994210639,18960.92682754268,15561.70908112809,15997.85898468078,20667.128015627375,15976.054869770245,16710.16185862545,16281.147854341734,21111.71961191584,17614.599188021963,20315.647596016355,19215.233130434422,17588.94549811216,18250.275277899753,16278.19724497346,20058.980605505953,7251.317022216281,2184.618045682374,2039.0176976997034,1192.0474378690565,922.4936671327994,386.5947424713835,9597.354462582798,161.19828004025555,14320.350994660566,14197.524956769354,10.97817607654044,14638.852468752835,14574.059761066155,13320.30328452478,14137.766562602328,20731.756235487497,16383.520159234406,16565.03637479127,20317.98011388803,21288.83593296296,19716.106402246132,20598.77623250043,17284.543479958218,16500.274882700996,16937.661675930405,18307.31943306345,16471.752213096963,20899.946487244295,21731.472014602823,16641.68597264252,17388.989694294774,22058.705419884813,1072.1899918628724,1108.3642649681117,1257.993274405138,499.1638499168704,297.2150248778661,148.02016617929502,9507.095307648102,14353.592410588853,15769.004215328396,5.294396378590011,12854.559187359278,10958.596497978075,15277.178823235075,16797.580099114908,15345.851557051614,17673.452547486715,16064.693167271758,15708.252458452143,16375.010616754344,16433.21623995655,15725.073765133546,17232.39996296663,19940.796422420368,20822.540118502042,8124.542583764777,11317.260616050067,23388.78893149678,18901.361777942395,7420.824628404049,10904.229638511979,8015.499851989044,1726.723265871415,2105.5546110781625,1244.3786104530077,779.4994827606538,7357.448605050309,363.885207657147,14429.109445565266,49.565811779490204,15165.660609363773,15133.235375017648,18831.373969405144,13311.595438434802,4.924009871557282,15873.382943656268,17083.882378370345,20353.368334910283,16621.412192480344,16715.048722038046,19561.722189287142,15442.046577017269,21143.342491812393,16349.727516760446,16022.452492677394,20825.644800190094,21166.638236842817,20166.768585080416,16557.86656175696,20153.394400818197,19682.88127057131,17211.160986975126,21075.866269378206,1438.7904842595697,1365.4309722087107,1264.3749159329973,680.6141757938528,315.5376629086638,9735.050911924607,57.73152077162951,11142.292431414511,14545.018170018313,6.291648736663297,16045.822680339503,19577.6770523584,19515.50517693235,18938.902589323618,20849.86669205644,17525.876776777197,16760.11593892054,16780.465892246753,17452.481845042672,21844.12258036538,21743.872757600173,18069.783925634303,20055.61728516703,21068.803272654255,19410.990044696217,16645.701630081072,21007.70654295875,20117.457988321716,19836.496436307963,17326.211292147174,8699.445214057256,2076.661071064162,2080.7915967950944,1231.7403916881672,890.1843286735203,490.2310725475233,9427.07984845448,72.5736984700239,13873.698896230264,14270.473964127284,9.883196709666718,12596.339415731818,17663.199668898324,14370.558590163926,10988.977542659079,7881.831135609628,10952.712024268973,22526.73878785372,17677.938826790243,18580.249687055257,19604.271962249728,18922.63134819139,17642.783501866306,22097.731759716597,21485.733315268037,21577.185833346346,16787.810353436198,16350.014293533519,17113.088392558846,16755.114842308587,19784.81356471176,1109.1308990099153,1098.9746692904553,1428.3898890894927,864.1871352506323,377.2274713253066,156.5055432978149,12175.998104787273,12188.062401521262,9.909236532885592,15269.861315170328,16236.120855129748,15796.072361325145,15724.318032537845,17851.09157121557,18143.12060989644,18716.44086822098,19661.376436311162,17656.079158924134,20091.662223935728,17164.306036233178,16261.136241702588,19277.842459858908,15998.007192660507,19716.320515036638,21485.286993006215,16169.341833103132,20956.484411230926,20268.96494694681,15920.258862592633,17227.543459121338,18091.481718104427,1081.2851787079137,1263.9607501257742,1075.2137729451629,835.4558374191638,488.50452048508225,9971.024933059034,11314.83394171225,74.26999185504275,15424.219229034423,15617.58929205465,11.788402292190385,12221.364112483336,11979.12029515683,13254.166332561435,18089.04695308917,14714.799917455026,14853.915004606895,20208.521576891675,15556.955098669137,17055.13153994298,18508.82489879985,21029.56400073552,16285.07045140597,20214.306082642648,20529.72065264479,16247.826643410534,20665.12818623447,16391.686473402082,18490.267495891087,16690.861712325477,16011.85705563076,6994.9820980241075,1867.2225272994963,1677.3269590393163,1199.2809421824265,750.3862405482649,484.1918253535175,12467.244702518843,69.13824447952769,13487.148212395661,15406.431143853419,10.147565150882622,14550.22610976208,14732.914479444707,12334.922406934464,13315.5157021769,17602.71457063787,17994.163254668394,17898.956660193046,15828.446861304106,18818.48760724894,16495.20744254,18004.99420515602,15757.480164718863,21325.519760326104,17535.525286021817,17280.962233809692,16296.914108304554,20901.27905986417,20359.08809419627,17501.273321189634,16167.638630995356,20712.02520844609,6664.078097654634,1854.522065717277,2065.4388562029394,1238.8833137254321,699.9135424835047,490.463117702124,7937.562652352601,9001.788061778101,78.97881627895232,11895.727652121966,13354.365124066106,10.495078863500908,15000.571502609904,13105.512741042736,12026.733890339692,13733.295041219651,16746.2153013131,12950.92365070212,17239.825943031723,15067.312820057223,15149.24143697993,20633.107074965465,15717.418306671967,20189.55313328223,20302.320471322582,20548.577117759294,20030.74301559351,20332.57190814419,20373.43596605263,15658.403100889693,21156.133967169524,16866.04534337945,17009.25028953359,1414.164479763624,1392.0939703391223,1027.5382006651446,655.6296561562737,362.41583739743254,7588.468245143215,87.39981713982026,11747.23071418303,10.8435411840539,12765.214150521884,13225.395394779753,8002.928370422398,10529.57135046922,15241.302201612903,19986.781777001477,18829.68862289683,18341.73373617632,20614.176368820306,17508.24816720056,17659.31013820602,16839.689372426477,17728.51207291775,17217.891592651613,16944.289234608223,17111.410356777087,15352.55660327424,20682.563612290556,16950.776035449802,18463.75267666373,16692.792732165803,1596.35513024664,1492.0070071322054,1390.4853171592654,983.5942836676466,380.2742388154856,8167.518937185921,168.36556199912005,11552.396125542959,12193.261493321868,16.925640035995972,13574.8281781422,15731.825227347104,13067.91912744776,14398.150605636503,12096.995501478317,16547.21199657406,14201.283076935575,17104.8779327855,15420.366164083396,16548.79585801068,19377.91791825951,16305.393314488456,16029.649864637177,20673.0853846831,20370.012662927133,16228.734253337563,20537.076230545863,16819.73866016759,15986.689628009797,16619.350290714057,19652.132738273252,19438.98248534143,1397.8038916770895,1094.2565942816616,1347.7187076383282,704.5307759438039,483.0682422042425,223.56503323946336,7354.908832440709,11584.82007273158,17.442362141881343,9865.214751913241,10957.162473886485,12784.44949891557,11591.808794592893,15300.821476332338,12515.630210723308,16013.120522295052,14245.489392977519,14588.55635803523,18306.238401274997,15093.04065937664,19727.22226542361,21885.055205524102,20264.331927143376,20137.010455524203,15418.659364058552,17335.48348073462,7783.092977750624,11154.358451405937,9554.905285529852,10721.029610905956,10820.6177634374,993.7652378563512,1462.9212062657616,1143.1537287984836,695.2994619958997,475.38652342270456,9909.614666152833,14326.159596346168,68.17033942497515,15442.688942499608,15150.77356461448,6.934475793524271,14503.516844135182,12924.099249154393,13245.56643414988,14565.19533957418,14947.524139955147,18849.078254744032,15600.751266924119,19344.35428606162,21212.480002670294,16336.566385307537,17253.562926306127,20013.59451907581,20284.843874008493,20034.186114047585,19107.575930950436,18711.361789273426,16102.680467142165,15985.162131069375,21092.76529829561,20459.75193759855,6737.522826128721,2185.6358185410463,2120.39245370581,1506.56519752879,785.7494360614519,508.67342889798726,9690.05143566726,80.92547526515176,14873.774486329741,11873.199204211785,5.0536654123464855,18781.21189860859,21602.03737712708,17142.97767448392,21488.01383822107,16834.721086104415,21682.02829580339,18300.108207771398,17443.020321325137,16320.77586462032,16802.748279744028,16646.370149618433,20052.757399084217,16343.350888057072,18723.144623467855,7737.074756661553,15585.988624026531,23066.50310851569,23159.732253525694,8905.199762002201,13244.00860821851,1360.1349919191603,1533.709489457069,892.3725112242233,669.2628309970432,10067.074232970495,420.66733168235135,193.51234867021614,14371.894645580805,14940.984450843162,13.754217167834856,13073.293596868314,17004.782292415708,16763.627280454595,14793.928439433166,11351.538974968158,19591.50569941128,19266.678117855405,22814.507027669468,21524.122670593195,21718.353803990227,8891.78340476039,12551.384262598809,20573.885559034694,17332.615814208693,18459.782869472245,22057.14324972835,21541.5153260935,21053.2878460762,19913.4144229546,21322.707601523456,1246.4803593309928,1509.482826657209,1337.8769308528863,893.7068338671138,495.4992931409368,222.6096442998587,10022.613441289557,13601.403884261794,21.4788238736415,15481.370619988711,14429.518530569938,20534.66620087488,16876.120363048958,15758.325476720782,15423.49696942901,21398.944258190713,17319.013310668986,19773.901374832705,16254.925261995884,16391.161205820415,16361.487072730035,16534.48733363553,20741.767746195397,19972.723366622562,20845.769342310123,20088.629121653128,20835.235101225677,17100.256544940483,19794.835149385242,15706.522109576897,16219.804941336359,1458.660653703314,1425.7822255597814,1284.1466230414937,834.8188599576099,391.40232456077695,7798.437003049941,11134.994066072979,72.82990647524716,9919.422369029877,14029.93703312265,11.43745157243465,15481.517304917676,11826.24764021235,11323.710717082326,13127.472032013879,23680.14618659519,17734.824645454482,18500.48651014064,17830.720614932885,19873.621132343156,17373.74468102517,16949.348788024905,21287.25655945561,22733.55313521382,20093.9340853242,17491.337638581117,15706.53852150341,21090.67640989906,16288.826696322052,15847.300425950461,20665.53388100025,8596.577550317334,2146.6018295011836,2213.1285766999194,1141.2711418027443,939.0040268855324,478.44428559994014,9996.131324051039,11063.509488526133,83.07123388990306,12485.24539704282,13178.468855620438,6.634747571865987,12194.391275191127,11773.138376971972,13512.924624889865,14514.137541024635,16319.87040864793,17942.57966873718,16229.465236441,15877.915723245284,18177.000244817944,20702.18249250874,19918.7988994267,15962.973831352621,16603.142313772532,19485.48346278961,15507.225769161008,20934.82288689204,22268.531167942907,16569.370649861354,15464.675052274142,16513.49216287477,8483.644063286367,1898.4372857264582,2109.3234516958387,1217.5722469070226,906.4070641654287,437.7332341831644,10174.108778519987,10771.640676408828,64.47938415602475,15456.73759506366,16994.367777430863,6.472938580459476,15112.47511194593,14795.567932489863,16711.09262071062,14562.710858591454,17080.270896601403,17498.032454281347,19057.356128264524,19558.96538383927,20042.560231780437,16546.646702729624,16524.59396583746,19773.975271316653,20237.49137534814,19765.668455399496,16614.742827586702,21406.170529519495,16986.51746208229,21259.766152651562,19765.87595005443,16679.180013758607,8945.92166220419,1818.4918091567176,1673.298089502607,1294.2760880986234,950.9584757229163,7880.389694297088,500.6826720926314,10659.881961401163,77.3489863967279,12108.995350694304,16454.62052653199,10.088464933915331,17238.69962364204,17728.973262714357,19748.539730297667,20550.2508626367,14503.087769892465,17640.54412664774,19575.81803811695,18174.505754027527,16332.257453196587,7802.834254677052,13756.72751219207,17686.837533984053,23397.06488596633,22495.192069279023,16643.819557991865,17625.689017309367,17493.482073380783,17161.77594973909,20780.92905035927
14855.584747831832,1686.089957334132,10003.340127847248,1740.3139531684258,8063.702486936028,1277.951678443366,7223.931792178088,668.1028589772145,9026.714101886742,305.32237958764756,10316.710939700153,60.70134713538578,10824.064918298634,9122.375237579157,7.691739456412445,9340.801327458614,11870.07066415112,19339.604484665873,23835.23870354922,7663.301725836672,19208.64052080247,12072.2237695014,7390.800591563864,9450.011738969459,11110.763504107654,8581.695239686962,7448.795885743157,8687.242934564123,7901.482100149748,7258.763779366109,7749.528601861577,4481.491410515513,1989.2227871061664,1446.391965145965,1232.6813540565245,756.6480796160282,279.04338913280003,8172.13184095008,48.8139452930895,14311.153147093615,13088.64847104177,5.083810271122951,16584.888815796185,15870.628816522903,18080.346775379923,15196.210656563173,16516.97823328082,19976.258373764667,20945.15358821069,21221.246580323514,20976.312155260584,19831.170841709,21809.033426564387,16938.738732116784,20298.440628025568,17298.719815126733,21661.340744099547,9951.867767978152,9873.611253487947,9614.624499960271,11899.494820476646,14680.2832795597,10970.600908197373,1332.0780807299104,1717.3221199554084,1216.8161690067584,642.9965193658204,317.1812176418248,154.73697758720274,14418.691953843387,11653.338660526837,14558.417475198714,5.69200813315363,16329.282620366272,13635.56923901098,14933.55012498463,18017.309961238258,20479.06462821481,20300.05298156448,16390.61839703764,20727.983223283616,9817.510827979782,10409.02830308164,7646.451140321707,8682.880403133136,15036.167047434355,19747.271243858355,23085.281641760772,19135.33546942233,20377.41171876103,7807.089607272765,7820.613424032946,16521.99773484761,1530.7137553525613,1371.7333324206636,1041.4528432805464,591.0481988234204,396.05327665502836,10108.005497878463,12857.876306304457,48.38773181034899,12019.578253257736,14683.777458127333,3.460974058143163,7521.629879783769,9193.103912212277,11438.964943295476,19337.362879509878,23534.553776497272,21874.778349246168,23483.994900837406,22363.373204517284,9782.204372319786,8683.692658089787,9254.473531676296,13630.74348219113,17215.48511578982,16529.175734988065,23416.232691833036,7468.540387917474,9216.874719188136,7951.46469545344,15439.558443075779,1069.5647410908011,1276.836066645983,953.7583553989556,752.8404623175493,312.0581517065457,9590.82130023616,13853.770719974253,47.670247234386125,12660.117768588849,16000.42259276806,5.322838257557565,18040.020021697397,18367.773216428504,19065.745163962616,21001.20854796434,20950.16491846626,16976.624518469598,16870.423119469113,7191.355236054344,7616.24521819131,9102.657820570506,10896.277887436212,18741.505831277464,22587.847208848605,18319.3978153978,18289.056749480067,20238.575614628102,17590.620677214505,21219.624876643767,17358.757391946343,10519.89725048859,1302.5952745782433,1369.1752047421012,1284.797109432242,774.6813576587404,437.8395758458265,8254.041929792766,11250.30881720933,58.27032769311205,10512.472335225119,14417.03671951397,6.690723094057854,14196.07726500432,11275.065669099902,13807.517560678974,12745.286424477605,16490.58617361366,13392.961607069912,15164.824319778107,9346.483521537803,9120.493584969081,7899.157627844567,10173.23388796467,10075.702579781673,14525.712821478292,18859.148664032586,22016.271199436276,24160.43437662164,18239.342310473497,21384.93543979055,18551.593748552048,18017.317960822063,586.7242179915814,839.0875047383319,880.1323687946607,596.4424605300917,344.7793904689877,7871.458718070733,144.94907982512214,9071.617788169742,10020.033991647471,19.57520607665277,13980.492684958781,14468.964402774644,11182.197725897402,11239.686152252107,13696.626334152867,16965.093582459816,14464.580868919875,14598.276836030971,16212.999830914623,19406.31914107805,20939.528432885218,17612.183332747838,21069.54630154451,10487.995731079685,9624.5941742139,11905.529146976929,8119.590791531597,9286.88420147887,7838.8545221299455,7675.884891651049,1954.8776338506855,1632.518913196945,1354.7270583615177,1287.339489280404,616.3066067452885,305.8658477584719,9779.361833248406,14096.572417951314,62.01415950255269,13614.72530692724,11491.503280792287,5.3897640069624115,14579.516739376611,12385.506200314214,18681.775810619903,10579.213256887415,13025.114354759071,15090.801651834787,22564.891151758464,21571.74849484999,21985.35255975206,19652.01693882984,21531.05333232095,22763.14216805462,21765.066217086423,23036.13804089732,16829.373024827866,21573.33845338081,17565.71087435276,18976.31990738661,16972.188693072185,20346.42336641115,558.5966062497226,1018.528641718529,1075.6608483217371,592.6797826554399,329.6008128365345,151.54090386009767,12036.591432872843,11046.532869099296,18.224269553711256,15833.450323297144,14213.119155856559,11947.005721924144,11771.192800792618,13271.282971405257,14444.084406201893,17891.935640196112,16456.16611094374,20020.885648343912,16614.46493987739,16835.522139469995,20677.474256349888,23207.64738655103,20575.71902248781,21544.509324602597,20877.742104645255,21437.867406234447,17580.363698040423,20432.051120248685,15960.291626832379,21452.41448748829,17231.258059663287,9771.198970168782,1499.2638428759838,1616.1979806212514,1289.327633509864,626.0117371921459,242.71556679898848,13372.96820422583,126.09836321426411,11517.868481392916,15368.13573265686,8.619241246150633,11539.09049385957,12299.16463213233,12823.576828493005,17481.212770335464,14632.826853101804,17659.548265174843,19583.056146494455,16080.067196223303,16534.785501390616,21461.670018049408,16588.99669023853,17349.986985390755,16907.365787082017,21923.372600234372,18297.8032294635,21106.729672089325,19951.236164479196,18261.80981494449,18960.17356289183,16904.634054858983,20829.5632937803,8354.076420999312,1740.1293044597842,1673.7998612277615,983.1868291816547,758.9203287725661,316.66681463689434,9907.826820590144,131.99372732727068,14589.86213617361,14657.178642512066,7.948357750941423,14955.906449742213,14942.105007565206,13736.902035048102,14596.622363699593,21419.01785679713,17015.795091638214,17202.220564840187,21101.850371766282,22113.90162153353,20477.877446035185,21385.650421922892,17951.127882061715,17140.704325983177,17589.44596859024,19015.533416958715,17105.858242618804,21706.933119313828,22572.54549928045,17289.33148601926,18057.860071839135,22904.023645104804,423.2436551650961,861.0613347645472,1011.2530041751324,390.6647998090567,235.44275562186203,118.24276767059082,9509.16532039895,14487.515290991074,15532.599583097843,3.7964031271802585,11373.094451979856,10899.004245533471,15413.665609765525,17160.071252369155,15730.988051641001,18228.295675455753,16594.176632455794,16230.706134622465,16926.454073760207,17059.27051526667,16329.033701096992,17892.863817212856,20712.91581268408,21619.95403283728,7622.9459579533095,7732.033314229465,11838.854987020486,11962.68659296876,8188.552835726873,12380.320064340449,9125.961318658567,1372.076914134979,1726.4835453541311,1025.8626978655388,641.1875716158931,7593.027571584197,298.21334040450483,14164.718210693698,36.56824457269703,15284.306020030856,15444.356141075135,19293.74044995146,13731.135822446531,3.4607095318612418,16394.400263331692,17655.78403746484,21032.433987360997,17261.39766993766,17359.855115776365,20312.144727856255,16029.874006387448,21949.461096256182,16981.602442856798,16638.002884906065,21625.77275161768,21985.49886965032,20945.957459813493,17194.557955322285,20929.42181038733,20436.341670336806,17872.120102334407,21894.572178858325,577.3536719062615,1060.1642942331216,1015.8136298664315,550.4643072270794,255.278918054854,10054.766826487514,42.319378266082246,10853.976519983587,14965.921098051886,4.543031255562688,16257.399316456058,10379.684707112634,11742.0455435251,16013.577737609612,21051.685654815865,17766.029055231913,17351.36727816972,17280.78817515278,18064.296176508215,22613.916707325243,22510.3224507833,18766.290051175896,20830.322940390593,21877.415883647183,20156.275948701175,17280.85441051087,21817.4127907069,20891.422242358072,20594.372708213323,17991.60590241814,10008.607128093918,1648.7771791002867,1705.9384431661142,1015.2982445551859,732.0446918985776,401.3511489331124,9726.354362311547,54.93244543177786,13537.024112811498,14726.160038371323,7.223628809973706,12855.899832484583,18100.83282341756,14824.231892315536,12475.587815148796,8227.00498303267,8198.603188001223,11844.783062054039,10238.291878543529,14646.334005342724,20074.58123202343,19653.534590086732,18322.22204872947,22952.581160073365,22320.694499292145,22414.490618783286,17438.841841163783,16980.763305189237,17773.322378405424,17405.17274924411,20546.723010997674,459.2360977668538,855.615163999124,1150.5769682038667,700.6303118389791,305.6777831898237,127.07719028055821,11018.376088372197,11715.882956272651,7.143025515980195,15674.430000276729,16432.635844580705,16147.396867297548,16124.37621398095,18429.290126107222,18741.314504403435,19334.689641097953,20397.706211056782,18330.948985828778,20859.01072328343,17823.48320841848,16891.222701109324,20016.153076655468,16605.409820519966,20470.085244610644,22310.274650523177,16794.961763935207,21762.783851659802,21050.77623958849,16530.384414468488,17890.28962260184,18794.248118114632,438.74862056963195,981.685203629705,864.2514066655176,676.4178582142245,395.5030090776865,9971.686058888896,11423.77943227381,55.80970314523623,15176.106791043558,13854.540702915134,8.573720239910092,12210.44638009589,12090.234019889394,13534.752768304568,18545.680786835994,15182.135658881509,15346.476657726656,20882.020785162513,16081.935036449731,17702.143232546794,19227.085122136872,21839.886967147806,16912.316262344175,20988.404360457385,21316.010675226018,16873.092262744805,21460.430217243946,17023.632454012542,19203.927219702728,17337.26012560097,16629.004101870833,8059.359376246423,1486.530863432213,1376.713689277585,989.1216117623569,617.3254355687683,396.72033684631407,12463.699413120577,52.36374161296944,13627.624711131664,15002.327958406619,7.427140436885661,13446.229570176105,14794.994495399642,12456.144685466239,13605.416795216566,18047.328919513206,18564.019425944807,18488.64203813495,16352.079409248661,19528.46025695977,17123.073829627214,18698.03295457106,16364.159575232341,22142.126055150435,18213.201776030055,17944.392136343366,16929.026348012932,21707.13914610618,21145.18933405924,18175.694842786674,16790.879846757554,21508.83042718576,7677.654000709195,1475.171561400678,1694.5258090651039,1021.4527276166634,575.6342761580084,401.59841213158734,8199.171478193224,9119.57472242179,59.800620211254675,11825.858713890239,13420.200819316928,7.677131115583647,15261.106425614502,11547.827277921044,11858.423732488904,14110.068360939773,16970.58809307365,13253.214637767609,17674.647299255663,15554.062354429994,15654.191766861672,21324.83333309165,16320.947612807395,20959.945643504554,21078.94849288672,21336.29224671246,20800.83652465971,21112.380220788407,21156.421831325766,16258.281255798396,21967.027371503635,17519.29926007386,17666.90335165734,575.4996160606469,1082.0234943684193,826.4062983297924,530.7931091671994,293.32729938252726,7838.2811624297,65.66050800200355,11896.669077984718,7.892818803138227,13174.792861990672,13508.147138118045,9137.740454247192,9594.329737427663,9733.144191319061,10082.715560825725,13516.571458628248,18042.667932335833,21326.186751875426,18120.410215685682,18339.42834398867,17491.810432928694,18411.184550260183,17881.726545227448,17599.600963638008,17772.268917698042,15941.70068098949,21468.958494507737,17602.13068684926,19176.64296778231,17343.202975525517,702.1903280772887,1162.9998020287894,1121.4622739826389,798.4189644141115,308.57033957583343,8444.569948582193,136.70417155964134,11646.848407301182,12271.910697633466,12.844174989691197,13636.229363540577,15848.352200668854,11517.364373245035,14242.231164859151,12192.379892271187,16894.130476971528,14550.428557402101,17639.557345094247,15923.617621972175,17103.429951707756,20028.886604225765,16921.839106725747,16644.848731524376,21464.780003536653,21152.22470350899,16852.544335389397,21326.89002157435,17469.09380302629,16603.553562591136,17257.77227214886,20407.708077450152,20177.16215636863,588.3856514274058,851.7322885280919,1085.6910547345008,571.3444982674197,391.51818315333594,181.38996828007032,7588.644611022816,11554.082691954363,13.227537318791942,9841.434105103506,11030.758600121897,12394.883442108903,10701.927920130098,15357.437416849873,12638.37353520902,16356.611178009998,14602.044962299493,15051.401519388559,18911.788291606583,15592.755298499736,20467.289972660285,22728.480554545076,21050.141908537924,20907.99337870485,16008.07656324422,17997.90221921356,7368.587972745008,12710.828613175618,9106.391682870591,12217.033416550292,9511.85639661691,744.8991309821976,1178.9384524238378,933.3678907479342,568.1251391166446,387.45222213740533,9929.81590685969,14465.843830166305,51.460714212369844,14750.229247805617,14244.26884488686,5.072189646445155,14579.58799299323,13060.820239563429,13540.815879418033,14934.648790908765,15426.249053496633,19476.767972315167,16120.202526786803,19993.107672406997,22025.3338407243,16967.32737170464,17918.504843291947,20786.613834917065,21060.30013011241,20800.47688655473,19834.60733569848,19423.85760142912,16717.659099118875,16597.547087267565,21902.95495406716,21249.928523703387,7758.106847232028,1737.5158228166722,1739.6850755066293,1242.5465749804182,646.5219928518566,417.0601784638641,10012.654226484061,61.329366227809736,14668.394057653835,11961.970384087048,3.5841564758559143,11438.01122369856,18246.076678072473,17222.624300622967,21966.304454300225,17309.357509494894,22441.92796846352,19006.101162604456,18120.539860569585,16951.494140815605,17448.14699668205,17288.058182847228,20827.409712004956,16975.66982669301,19445.53991862852,7512.637814013853,10565.436343428728,11456.105957738535,14465.850760678488,9917.661608715152,9748.559236073996,1052.8941950935061,1245.404867169068,696.4307429168019,533.6810638562383,10405.21309898067,337.290684843735,155.7958660858611,14031.99954299083,15389.630688559175,10.379076197321389,13245.954905432003,17407.238724156425,17278.22103716699,15269.881782521228,9119.481299835972,11022.418525109777,10590.486983971537,17615.241304687446,20799.965244588282,22026.777866877965,9472.205574853806,9595.458108753306,11170.820952175887,9366.307990050831,13242.6394686531,20885.995398220235,21826.063745962867,21288.850311713333,20614.73696367311,22151.550815871997,542.3682420303506,1175.860376312932,1078.2589397905049,724.960739045187,401.7295081903842,180.7148210946929,10023.507458578255,13745.38738463653,16.300416314282472,15073.366317047838,13323.195007911494,21316.146063570057,17529.367307318345,16366.868378788542,16010.187757422667,22215.894767614864,17990.637599764483,20539.702854647152,16877.426700021144,17020.8784523682,16990.138884451368,17171.067737251506,21541.94130488952,20741.306109546542,21646.26812157207,20862.383947153146,21635.9507700034,17762.267132023655,20559.62811009708,16304.199097421393,16839.772911656575,606.9020413437858,1108.887702214335,1033.440442110926,676.2967852532718,316.9990534555924,8053.4546856499355,11107.882558013334,54.751011794071694,9891.655084509857,14108.127952682926,8.328264242321245,15066.343299797685,10897.959689460751,11352.303262274214,13254.060221111971,12393.307648050148,12525.625552314064,17484.06133442764,18580.165822143175,20641.326032405654,18039.60873800961,17605.56026186458,22109.233292344128,23614.330521751854,20881.52385946895,18175.344650447892,16315.35575135826,21900.101173246956,16918.235260514957,16455.344011495272,21457.62241173879,9901.983773882735,1705.2582547455588,1813.9375273238986,940.4328346323449,771.865037071285,391.8613403613932,10001.672178935021,11167.245531120047,62.91789497071526,12391.106649932653,11653.970173070298,4.862330043603218,12103.225612120828,12129.587376449905,13794.78273860631,14876.20975085869,16833.938011847622,18526.361153094185,16769.635793862017,16415.431550308265,18867.475805603113,21505.866165940562,20683.702920978547,16571.704147397024,17238.177940405734,20239.60776596101,16109.421370820895,21733.721227772257,23131.827494999263,17216.674392195142,16059.06961477794,17142.518137430496,9774.845447349051,1510.659438876994,1730.4337113872036,1003.6118736710634,745.2557297829713,358.44905855289005,10164.986889093465,10849.07168662156,48.81442778394966,15538.411770433167,14993.931600916389,4.741191394734504,14964.764987963392,15215.193700077667,16943.954143472598,14920.038717125752,17613.077025155555,18060.453187989282,19685.64560681818,20293.160437374027,20808.27463206208,17180.430979870373,17160.05290283853,20534.285866748072,21011.9813611819,20520.37859465607,17251.704742149588,22234.50337882755,17646.815532677458,22085.699075494027,20529.518901256648,17319.268440716434,10310.24527960593,1450.856932148295,1375.333926303029,1068.8933722579977,783.3196817674653,8127.901124361926,410.497489554492,10494.121321319684,58.60408600007598,12208.730198754653,16801.39305767404,7.379664867023612,17668.519858165248,18284.447649331265,20403.052280227068,21243.39494114771,14991.611683387522,18301.367952370707,20326.50701177875,18867.523466449096,16958.343107592213,7436.564030332884,9630.778608223809,9200.832833605022,14153.336480975526,18120.983769289778,15754.523972279578,17600.38092953743,18107.840895192447,17820.983446739614,21581.526103883512
16396.75187635586,1331.1822725328204,11280.71961204962,1417.4394864036258,9211.269113711374,1046.597925567705,7273.206797460897,546.1283189741538,7374.66697306158,248.76907148887042,7287.114287258396,45.79863631565254,12300.418323182917,10061.499523131328,5.618774138754529,7995.311985712888,8157.264250779815,10880.695849042522,12178.838024649676,8738.844890012582,21201.407945094947,13613.78996387011,8432.58013142691,9843.468511934134,9260.843586455645,9739.242278194515,8529.77665322779,7710.586180001223,8960.238806191095,8308.97277642968,7369.445380549658,5329.093782153356,1571.1401127841218,1177.9275692968483,1009.1095341675233,618.2213502906889,227.2553930614212,8446.503070782714,36.8218142812198,14457.999087341905,13305.263330053505,3.716383859985298,17151.70776401648,16444.4568620574,18829.126040899402,15837.605778556968,17220.702499390794,19716.720681548763,17894.341858686003,16997.58734334835,16242.175535436374,14226.368277549642,15231.441210373252,11943.04015889972,13847.48419245259,11585.3865786046,14826.240359910644,11382.799123900466,9504.56883621639,7728.521610553318,7871.4038159781285,8279.728042519015,12472.386728899228,1044.8781461788624,1394.165122341658,994.5037782869477,524.7745723863495,258.05875170127206,126.06163610263,13202.730489687658,11772.44936257327,14762.856828432841,4.114974758824852,16760.906826623264,14112.986001866235,15486.251439580672,18772.19273413939,21348.281857318692,21169.973014246734,16514.981832404876,17972.051996629074,11041.670898799472,11839.00707964408,8197.719156864254,7334.45019673649,10383.500821628195,10901.24005507793,11861.005063624336,10151.718168429648,10825.812114446553,8904.024659101859,8057.264421473576,10240.464271738485,1208.31374014952,1117.0456863832142,852.7529128991678,483.04818079347785,322.62374409233024,10329.085112637013,13064.255561773996,36.540761723638866,10737.423948817326,15292.796479957147,2.4832576821140195,7851.0292134953625,7713.400839966755,7970.0530119392915,11172.470838393201,11880.80403986758,11501.278379412173,13024.611269506799,13108.625817254584,11171.875915205506,8771.759858784078,7662.91440651466,9423.465001567432,10358.632406837594,8784.155438141566,11815.015659295712,8513.167929305782,9818.51762730557,6896.858068205778,13585.644053001388,829.221112998414,1031.0243371193963,777.1637675716954,613.2630880492534,253.57603198556305,9917.256403111065,14165.886286621771,35.013196829308455,12866.727225945142,16451.281732516065,3.8407829709028802,18690.509153800966,19132.861358002625,19872.697402433318,21897.54948572167,21849.63186275199,15639.291487631284,14386.875314940067,8228.761929770248,7493.215040267429,7485.554200868639,7569.4252173414425,11036.306113446777,11598.965407666594,9525.224989539567,9754.324308820584,11086.087029846782,9913.01499731074,11936.634411240568,9698.902768732254,11981.218864657192,1023.9235832309181,1113.3846842429953,1051.7046810590941,633.1797352975674,356.6365996606188,8538.822264236764,11238.703886766598,43.980773857933585,10548.704212446497,14611.5733199461,4.790457901039767,13928.71181804217,10452.68806403659,13927.360986479747,12935.777179395593,16943.021902478253,13864.868849354727,15726.03237147825,9379.289272227294,10329.285907201316,9041.17384685955,9363.329367393755,7565.671227462399,8811.54621740632,9581.865709402686,11474.252202798642,13255.833169374931,10966.146827067383,13340.2817361183,11636.979666973713,11705.654370715083,120.85393639031288,647.4655667832611,703.6293172579851,480.5822862616166,277.93783618151195,8151.086858549997,117.03299234405699,9055.66240059452,10054.827567360784,14.781131828383403,14197.995872462916,12973.105176340283,10800.725057680605,11624.713480669963,14036.482382132872,17551.535155326572,14997.633131059565,15207.240273781903,16901.847528622056,20235.395769758565,20305.305753782726,15656.952730783001,17800.71515287665,11796.718728249622,10943.067750689408,13414.18204316224,9259.174052659686,10476.008521310281,8949.346165220883,7804.924144465388,2521.007025952018,1291.422017619353,1104.4081247825766,1054.7474533033285,503.94158220810016,249.26292713001965,10031.005637734457,14042.719829269181,46.81386644563025,12547.664270903948,11595.98056189436,3.9407139147033927,14795.91750819831,12719.435979975648,19346.686869319536,9358.660987664753,9499.23853619444,8863.353230907815,11448.504819271073,11185.62551745943,11516.66383089152,10988.59406196114,12864.723085362275,14231.597089019846,14327.096037821448,16176.948406165846,12275.657107191722,15626.661268394095,13007.938780137116,14304.846758169842,12732.58892244022,14595.175792656386,129.8181122788239,785.7206726003731,859.6781196610427,477.39543637317377,265.6063177530555,122.3216687365905,12280.14523798717,11212.151752448362,13.767168289603001,15017.12407872599,13688.824591153245,12298.715472038946,12045.565235030135,13642.606236008469,14968.319946700654,18635.577672680094,17153.723968649905,20881.689983893062,17323.507091480144,15732.011076303446,17426.38600815813,19657.041174384358,17216.084155374963,17048.474132028026,16080.086502410619,16125.502042472379,13453.033395729117,15856.536476634014,11710.455743737244,15421.051118591222,12425.7365526554,11153.584151591886,1181.3500191609655,1315.1422634008884,1055.3897908460647,511.62961662884027,189.96843261546337,13513.320931179509,99.72241453421117,11713.427457280428,13641.18567315547,6.4566234586697675,11606.473302865954,12461.595847924771,13156.991257185175,18090.140854625228,15175.457842364,18394.962215539286,20409.122291765383,16764.100435862012,15734.292836390026,18505.852784616978,13375.815788191063,13574.750867512723,13025.3287079875,16959.41762379685,14919.921358409856,17274.1899393178,14968.152805070786,13781.105705359794,14645.248079789015,12673.060993226121,15103.805370494627,9534.86014161275,1372.5929215946285,1362.5497929149378,804.8665908886593,620.1365294608557,257.8446204834578,10247.133154841295,107.52568877756737,14783.422231574714,14905.629325434318,5.748078943640351,15472.30037080571,15493.248074365183,14305.79919145447,15205.852718328679,21081.593044990164,15276.04744204881,14516.017137878845,17709.037599527284,18793.630708112658,16458.37869674811,16442.656728750357,14130.701603659902,13540.452769394726,13844.772898314763,14762.398819487455,12968.440881896593,16451.89417198413,17869.343382199815,13901.4828887336,13708.639100017965,17488.534031717274,126.43637561421916,662.6171735213284,805.9355537035703,303.32799495961166,185.2728485490885,93.94823294719575,9573.10682575036,14754.282461142535,13859.482313604456,2.7193327681233472,10981.316498638711,11252.958633435903,15791.399069719464,17753.09372691743,16310.693196314054,18988.51116693959,17297.301354098192,16920.922463311013,17429.35441960848,15176.527993816419,13369.58984451525,14321.68066954984,16273.556449423808,16536.327375579807,8722.06563881912,7517.806096219803,9609.345116531666,7975.849916003205,9316.60054954538,13950.079315000936,10308.436550798438,1079.448395047662,1403.7348448849132,839.3842661957118,523.8677924359769,7847.614949871014,242.95443289777975,14528.383897224216,26.885875453598526,15648.17959037789,15964.53280157344,19995.17725883374,14305.858857038265,2.429144946350718,17086.88474929118,18410.7973150573,20955.47782022665,15695.950559736377,14997.614883418346,16287.169006934757,11682.08765658037,15667.48111899977,12243.60093786367,11731.436501993576,15141.148302516722,15915.281357185835,15108.388129630064,12314.411208472096,14836.78704440845,13935.546622744178,12287.176202290235,15759.4736869944,141.56298516650742,815.3236531316456,809.1119706397997,441.92441520910637,205.24040065947997,10399.358892354907,30.911289130603866,11090.402070620841,15196.27652870441,3.275773659554074,16707.482380393907,8625.26329944334,8006.566817202186,9158.769605344154,10835.139970623435,9198.833075621384,8729.777061473811,8747.128629287246,9235.785117082758,12014.368935243823,12709.845777495912,11339.925205889213,12872.159645483409,13557.949183341512,12281.665484827854,10281.22434174993,13164.600697781096,12569.873689614578,12032.63066247204,10621.426763791622,11409.494695054316,1296.4828606326648,1386.8438900972901,830.6154544598432,597.9245326089887,326.62563680923375,10047.939741065009,41.41992477336424,13841.160198149371,14962.07071229907,5.271504916265456,13288.355520150177,18761.00067802909,15443.499072996237,14056.477791275353,9384.197281019975,8529.848893103957,9807.749566475235,7231.7237016068375,8650.429970872014,10222.914721693503,10197.0005892137,9801.751276300598,12971.930413973701,13314.36384267152,14086.59172635569,11414.233019644387,11252.186982889532,12090.285070111353,12321.248365259977,14337.658334066986,100.90735702176131,659.7820043589559,918.8304665349183,563.8188310991846,246.12696402631167,102.63173161651352,10535.833550586955,11885.840305577165,5.142395881897958,15911.807380849146,16877.52323205276,16712.38765872493,16721.12419088476,19212.785886369278,19535.38451750708,20151.70975166065,17918.824489110666,14729.330227776782,15794.722075782414,13622.427984684025,12970.638830584812,14436.894968015837,11549.106321814645,13674.963794275562,14998.005524516286,11515.111600545923,15059.960130250496,14583.15797590799,11150.25528426647,12226.524727352571,13458.609047167023,109.78743363214373,754.8845000617075,688.6661468237656,543.5695511773142,318.1654038200916,10037.114018056485,11637.575823015824,41.769270910816424,13532.300976274668,13398.25587154582,6.224817545155702,12638.223837192456,12391.365180933553,13996.530083239992,19229.878353300155,15819.743003708703,15999.798531221382,21771.58088143519,16770.861721442827,15813.74374006469,16542.953382609394,18222.62735649963,13719.260899481722,16247.369598317788,16128.551361203927,12506.994405850413,15715.0737537166,12403.374885998926,14061.20293115878,12995.273791463997,12198.362490678102,9199.084907472186,1171.969959766424,1120.54444725126,809.6993732190119,504.4350495889448,323.12475804445893,12743.684771844217,39.51337136797458,13894.383211947945,13348.178068999025,5.428450036161854,13329.201692243587,14949.787562560074,12771.2514509181,14076.532248309459,18712.99281971324,19340.223299103385,19271.03418138898,17043.006227622354,16680.04892452512,13500.560832253355,14651.04461253597,12348.281717933933,16540.466004242244,13516.124070973246,13472.930634605615,12848.88696974219,16354.905534772963,15775.016712105135,13540.699311655151,12311.20373867087,15577.125656271359,8762.95221223956,1162.0643653825773,1378.5895609712666,835.8904400934682,470.231173292348,326.88364463522163,8484.083317748895,9104.068762373092,45.1117581569538,11875.752571126843,13606.110659644757,5.607753754037814,14553.882580188798,11120.491174162325,12190.828356206823,14333.079957818762,17446.062713498406,13726.293739536226,18324.127135032035,16208.518453281093,16321.002242719187,21663.104806315743,14524.20160134235,16960.16082476762,16225.977894194935,16141.90553643662,15253.491606682592,15124.155371126664,14900.574252281647,11035.654312399853,14855.008469295792,12259.543492666822,12518.15380708805,134.88101138004538,833.0068653452375,658.9341558722427,426.5369267455154,235.90160068118618,8111.063165895275,49.131090759793366,12037.85558211561,5.735512653783619,13401.299043027155,13972.948299999533,10347.766215735846,10982.451973845311,9071.185365711859,7675.858584536641,8400.490186407706,9385.938622362293,10729.537563713564,9235.522579821112,9740.580580516516,9478.459180885546,9981.240773567051,9777.745066319658,9768.991423214986,10068.102417111932,8785.52985981327,11340.145238434336,9135.816924436609,10316.993631173074,9781.676743737235,170.12858871583157,897.8854222527015,896.7076890520979,643.2822949113853,248.7892306491229,8748.111339238887,110.40169509766797,11628.035103262711,12316.630026164854,9.728535222474866,13818.84058688729,15022.536482112813,11093.715127185826,14665.199938127225,12482.650256875191,17469.061758749867,15081.73712819726,18374.438235030895,16597.927942173716,17835.20760354284,20724.819847863026,14402.62133711201,13456.50825567825,16707.771610052925,16191.368181733595,12492.744792600952,15541.568866174666,12866.502606326092,12108.635431885725,12355.409503400753,14241.463735666497,13654.398863909746,123.79028776638533,656.6298826700105,867.0745848916373,459.87907364426684,315.2794381592332,146.37630446480028,7814.025585763013,11560.438736092718,10.011818934476155,9949.84198495279,11212.63143040306,11025.47574228353,10604.321625435403,15516.918280194002,12958.980155386047,16919.13631483714,15137.39685231712,15681.898559074354,19714.85782374349,16252.732482304162,18196.550896835055,19695.797053479542,17811.73554542261,16561.713178520047,11741.121904741543,13201.280777654616,8429.913575858327,14368.918804804423,10416.535703179488,13810.709477746313,10891.29255917024,557.798060808567,941.4196170871949,756.0574803285123,460.9589270935069,313.8635377121434,10016.834920401008,14743.529604741678,38.70382106009817,13076.759578862855,14265.23082220291,3.7050801280187224,14736.677169143615,13398.774735827299,14015.675268210276,15486.868153315423,16076.612497488544,20308.384718448084,16806.268951689537,19616.76685432946,19493.856206920278,14336.389602046573,15030.354332778184,16974.120248032934,16297.172092544793,15484.15428637827,14066.266796076976,13108.875806741195,11356.11328080326,11026.985535248463,14570.327788178718,14320.306110807605,8850.635708444803,1367.9529348711733,1415.3588715234157,1017.1230576696053,528.3686493768553,339.92015164531364,10363.415520393843,46.311969247329955,15084.607537680577,12244.084040090984,2.5388126536128737,7647.845334137174,10376.262496878333,8864.351673236242,11305.887200782156,8761.58975454442,11429.275712192806,10206.51756358906,10451.626019028416,9980.890704548156,10314.778452700592,10385.641471090494,12958.494739070075,10827.980841007577,12786.908305723693,8590.065942245299,10238.52519120203,9203.487234719121,9749.193986440338,11278.21994057441,10010.640406167508,808.9594082931237,1002.3208925916266,538.523887632189,422.17706833745046,10771.336779433177,268.63796524422384,124.74400718570996,14356.499337967425,15632.806172579341,7.8175421429798515,13613.873703093452,18031.86072064327,17989.96574329898,15910.44533394615,9995.54365613314,9465.589526772468,7712.4708037257005,10485.47138934529,10936.828377184083,11217.064461975948,10795.52884444945,10091.769011763088,9436.019630171366,6915.708705538547,8230.242649850614,11099.514761037082,11073.653947668206,11048.298901169868,10944.314663026842,12904.78583441615,127.05962600028477,907.2313955726412,861.5501884090997,583.6887537093044,323.6127361113599,145.9119141562597,10089.318663237278,14016.138690531068,12.346772833550101,13407.423170251657,13200.347673192595,18415.257480162574,14636.633051549396,12936.26401877375,11744.995728616259,16135.431105310314,13919.044480911081,15685.861543755474,12298.33553789255,12132.165276851401,11964.628756597356,12093.567054991283,15338.803236421058,14542.230590732988,15065.975458359917,14383.1659386706,14890.693560425041,12637.143689217372,14668.691854771687,11283.487000398367,11240.160374303327,122.72978596528425,854.1983280389319,824.5295595700248,543.7947589590625,255.09942120255292,8285.923317655848,11115.491897947724,40.99283501034062,9996.96161291933,14322.332942220915,6.054096434907205,13402.791882950263,10784.97713072004,11465.886985596406,13586.979132908742,9094.223211179107,7890.576019349615,9291.613502935761,10055.329194182414,11324.63511870194,9812.166776034768,9776.836295698931,12523.816180070748,14281.763528540929,14008.104692390201,13289.601761871114,11913.155941301851,15844.14918068422,12267.135494101596,11538.707684684587,14774.904667001796,11299.624858094887,1341.1478095462069,1474.2204478765966,769.135543727525,630.1890451829498,319.04757970203127,10072.139087439842,11373.49686949785,47.4847065272704,11086.14497815848,11249.035795023412,3.5589245876749094,12487.367776692281,12330.019061509227,14262.317686293758,15423.591965480691,17539.26277238736,19310.426370961228,17483.352860942246,17120.7257849851,18023.10210182535,19151.019359654314,17060.653043732036,12748.965042104144,12961.711554995249,16101.59981768037,12598.40424618334,16331.5779262605,18524.81472813893,14259.207128061404,12325.933310370527,12594.35887035959,11157.472284025407,1190.4369202288892,1407.7454622387042,821.0834123368471,608.6499094873673,291.80309604050706,10367.036604947783,11017.357729663787,36.825740680167726,14724.53818387983,14451.678886107664,3.468395325954025,15422.161678757411,15458.559403896159,17422.416282646613,15464.526010982385,18346.307238226796,18816.884563673266,20515.978985875834,17945.19437165792,16718.316307861292,13302.619401215068,13212.147245266167,15231.098900692157,14963.182614887466,14437.411840804232,11892.456865083346,15908.170051407904,13221.822584273521,17129.036236748765,15497.181132403519,12755.091248455363,11771.354555573991,1146.0484908757314,1121.0210937165407,876.1810754579229,640.8826569706857,8394.973382315971,334.55128603465965,10780.974717674744,44.22980707343138,12501.696503911131,17373.972011215516,5.389761183668717,18316.21289056372,19044.56973895511,21270.868282443953,22156.937349570835,15633.789272637357,15696.019693560967,16250.84734288713,14271.83210307066,12616.070673475342,8506.46858037675,9520.911097108674,7568.889798579065,9697.906984742453,10643.084691212203,8421.7825120764,9004.655630868448,9322.06703861386,9486.163749039446,11486.075378897882
18013.96585947658,1040.440582484074,12634.831182135527,1144.6591289718572,10435.152231481043,850.6784593634947,8307.37080646567,443.436274357592,8184.789453399351,201.51856389702414,7264.644035588094,34.44357159964943,13871.123888757053,11447.562697216812,4.099738198543562,9155.655108162895,7972.938662589627,9343.884052131638,9720.543322586978,9884.990964763132,23292.505843581566,15247.957919175447,9543.022827789993,11229.509685967512,10408.58529241485,10969.998181123225,9683.971689327513,8828.36630797431,10085.54108294052,9430.110302352105,8429.693515547144,6250.063384584171,1228.5251852273007,951.1690686429838,819.8917114591288,501.76083651905515,184.01748661412302,8648.658975544116,27.689727013064264,14847.328265425625,13723.485643471337,2.713879526540848,17921.956941386066,17199.289503900112,19765.083010134338,11006.15511641039,10152.785441163065,10794.114016313843,10509.97000605796,10394.69049560043,10122.059839983269,9309.445568831508,10126.384610267623,7917.698902876952,9359.596861003336,7915.21888759528,9992.076909245008,12909.812245813746,10869.479705084881,8444.44357938848,7501.91489086688,7133.932617498821,14070.477651765801,811.6458905106579,1122.061906066222,806.6347960615511,425.39680241118424,208.7305070318289,102.1884279852469,13052.662723155148,11938.890252004885,15199.283018363445,2.972336891279661,17415.32910288921,14754.254171099878,16204.368079275398,16679.48884723586,14602.358008560628,12725.28774473435,8945.159087340155,10469.227925380499,12337.735057137332,13360.991983852711,9340.236747924793,8342.726663397974,10163.103680264681,9269.310744458444,9430.386017871644,8045.257487172793,8579.478323121124,10073.041406468334,9195.323936710854,9330.90128906603,944.2524979636747,901.9169470089475,692.9922267892057,392.14467320843795,261.2906361750115,10435.787697064914,12895.397404568768,27.509292353652054,10162.998198181243,16049.408990395063,1.7803365309637555,8955.337592530906,8721.84030324222,7867.2319697699095,9785.582300036625,9612.16165004139,9027.064517569546,9978.641992511946,9721.677404103108,12653.811835693188,10017.8864569231,8584.29597217693,9271.24162343445,9282.325922196993,7321.611113553824,9491.824377277326,9626.149538243135,11190.222743550263,7897.593071045025,9308.922495478313,637.1144083394806,825.1904213239397,628.3751084893491,496.15140631235045,204.84221169113894,10194.882091454907,14397.177018199684,25.635282161827043,13267.185625162057,17110.830322892565,2.767654480729231,19545.578984466592,19944.98480103373,13796.333129892531,13093.346195120697,11797.157666153966,8893.823949335723,8449.912784443635,9336.040541956534,8564.78352305365,8336.611811302,7447.151353437124,9763.01781274692,9445.302031530526,7632.009705774847,7705.375106619169,8582.90590785316,7546.667443578725,9125.485528625402,7430.692282997161,13537.545425873212,796.9926284244988,897.595748556682,854.3586846315927,514.012770547036,288.77974309013405,8750.011085230542,11290.580794451245,33.081853431598084,10606.179348270342,14948.774247884086,3.4256946090829232,12430.761748153574,10402.312557297782,14113.565276234736,13325.06054423804,17616.58165458466,14496.133085485411,16454.347863891195,10714.080501084973,11613.276643855641,10260.26566551424,10716.486389768676,7880.672379703679,7926.653734226748,7748.330563307567,9188.036199621334,10188.228638342407,7961.689710329751,9524.607352966157,8269.855652062712,8131.682790628769,9.206028864312763,494.81400177815345,557.6657618588496,384.34669311570957,222.6346365135722,8337.114465954734,93.99494877126124,9136.855000348907,10164.935218815535,11.141001830192693,14147.452666826752,12122.717034868425,11002.858643991261,11843.281935799008,14567.44136340068,18343.066434875982,15691.112305338118,13602.836947457086,11625.719705973817,11850.716632379308,11209.29619491524,8977.35090121933,10540.732082994082,13182.365987652309,12346.148034136955,15012.806632565387,10473.564069813632,11736.746789933604,10133.374193320906,8911.659307210288,3159.0316396197236,1011.3593356595246,892.7434608545101,857.6966403018284,409.3136261987014,201.96239898816611,10175.006149977115,12782.981713764764,35.22769501939993,12446.983005640182,11751.582792207071,2.8780955368077534,15240.027171673883,13217.587648538041,20229.73582206582,10715.632302313354,9658.930175701571,7817.51811133731,9327.077314281642,8991.339031451416,9227.634017257884,8339.103709939733,9440.148393855145,10130.312305598587,9893.838836118084,10724.589798180536,7946.463110212868,10167.73341040207,8350.4117929634,9084.14861987352,8128.411962171985,9572.622017499836,16.733009894815943,600.3207829611698,681.1358891227143,381.67677745588867,212.68128021187658,98.21604337970001,12401.505877655647,11440.032436711313,10.381521430537537,13512.782090875706,13930.021815500904,12517.165237790363,12490.06735741076,14186.65759007365,15656.383889786943,19320.150722480736,12322.002653247231,13007.290561884833,9457.811111823365,8872.905978255492,10288.823962467737,11575.437194757465,10247.873118814932,10509.872003125687,10074.57229863512,10240.337390558278,8451.643445780192,9881.731096994625,7559.399398344873,10033.949926280813,8107.990675339267,12627.395775874613,921.6621360980631,1061.0376079555203,857.3629432097881,415.3348682606081,147.8467110120516,13767.46534341589,78.48300810940064,11142.98961812986,13225.730941948232,4.829843121736081,11753.422009437267,12822.107258170105,13667.409880204292,18910.28692845024,15880.669027455713,16810.651002031496,13734.521387905203,9616.238250153076,8808.781968247054,10780.181962083787,8135.578925400806,8413.737460047974,8160.69091185768,10569.042285302854,9026.792486205495,10421.681647912876,9531.945179730126,8705.371765234278,9175.610503660084,8070.396141725942,9827.528980896028,10793.668184056596,1071.9692865483128,1099.749885641264,653.9168553748092,503.3213159395204,208.7219889897121,10483.574658835683,87.1569071527947,15214.743093483321,15376.066827175151,4.15320179327135,16168.704075605368,16209.938711646071,11641.523432843347,9056.981874356057,11541.326909707877,8709.301663419068,8595.691029739593,10513.770170302763,11067.00087736051,10064.943286143993,10275.168202466948,8734.648391439043,8347.342089936234,8534.947649677246,9199.868817236975,8212.623636284821,10392.479244514567,10985.978744662025,8501.30133997039,8681.374616995652,10986.87929165409,32.11869974588228,505.0749242007765,636.8102079006469,233.7248901707025,144.86458431841294,74.26148156477316,9716.910232249535,14520.31782095039,13070.364289150359,1.946180211302015,11189.24353987325,11459.767262285992,16384.595257059504,18554.253038699328,17066.318177661593,18452.396126437583,12026.577586022917,10030.700518182117,9317.084572413214,8795.43871570018,8067.575109788007,8758.268743066707,10086.478407084775,10388.67137024007,9895.179323534814,8595.229403856645,10598.601656869054,7626.79060617641,10517.416288469696,15613.507390493436,8920.157943166418,840.7351484556509,1131.5237763987834,681.6048612406277,425.1429678640315,8057.936253420445,196.79029941410516,14774.782361127098,19.708423191007903,16230.949193020399,16673.35808804485,20912.77174307013,14115.033908416848,1.7032462366740297,12101.105223494624,11005.43863266503,11416.76664809576,8875.096723926625,8736.534291189217,9960.241854140231,7562.224800080445,10275.921088525865,8007.698886099137,7777.415187856355,10066.354787750768,10331.533880527866,9881.359528980363,8058.299814886082,9786.42313642523,9400.019104071149,8239.624282854564,10283.307163396992,22.01582880765166,621.0720188008816,638.9578682834461,352.20489744975714,164.00686524743057,10685.967511965482,22.5091134423439,11271.452500686924,15658.334315537082,2.3591880536768497,17370.98205111946,9662.356783918922,7810.63391944819,7918.900041555435,8852.119164065965,7515.285153355211,7085.77313144332,7099.857027530823,7395.578072354273,9369.590953847766,9513.897734140124,8245.318580427194,9246.434553431493,9709.435475787293,8916.788299324231,7567.733265645838,9587.056636584282,9182.441285828789,8979.03059614783,7842.438409415913,12902.107914938448,1009.4660275701824,1117.765696038027,674.3791004189272,485.0821808081734,264.25585389142606,10331.28312816248,31.12492713390192,14067.029343386044,15422.813586904369,3.8419339937797776,13876.841972185508,19622.349395212594,13974.057814522153,15731.647471038752,10617.508319231549,9730.921640966297,10987.024078989652,7209.424250112118,7627.021810542349,8297.72100134054,8196.6528611584,7693.148382072056,9813.274451279642,9770.095291643747,9980.203358390672,7905.692471247557,7732.646688938549,8171.895531213271,8127.160530814871,9559.308448878417,10.595022434002905,503.9014293362236,727.4564298327821,450.3892957129347,196.94755506707392,82.4606951621489,10685.067466882168,12062.499953373444,3.698337422416755,16395.5774019219,17544.631513087694,17470.341023495857,17495.732286768372,17642.011320118538,13059.951001599778,11092.548583803422,10497.052706190505,8958.827669573924,10002.44432075091,8558.062765897683,8148.587120499964,9420.303519674273,7678.242058927424,9370.124639859076,10217.023394451398,7760.556819401767,10069.604196207903,9750.79797543417,7580.711968901812,8240.01044383642,8827.175439343246,17.99401246608095,574.8254223933304,544.0140435634664,433.5857495465788,254.3553689084737,10186.144141439814,11426.9709609158,31.14950451249839,12760.32210695728,13661.784435581876,4.512811512477695,12879.75626431829,12862.197654628177,14621.890861534228,20119.812443592167,15125.483963453995,11251.414223649856,13200.683831811642,8929.959815621174,9113.333154985192,9691.051646765796,10878.541127691016,8322.338667310629,10151.826914634803,10213.85094278855,8028.831880775476,10144.482988403162,8029.13930497357,9098.602290891859,8275.586105311182,7874.355711744172,10414.158691701396,914.8432904641218,904.2752361979944,657.8223481277755,409.41797541679335,261.64977217242284,12875.947862947573,29.719404282081438,13581.718870244382,12704.796954810803,3.963047442367107,13766.72878112551,15350.092890751548,13259.582422080543,14711.300889822285,19578.52238591081,16841.647611363915,12439.673994411689,9252.947662201359,9957.652905228506,8300.074108592862,9080.832796743216,7822.253560250587,10533.217909574998,8676.63999232181,8555.848678358216,8136.91281694184,10386.017764015365,10098.603269568926,8647.133762473875,7947.197630184549,10135.502283756756,9919.972732245722,906.3892649402059,1111.9892579266561,678.8751239853866,381.54733482197895,264.51900079645253,8690.659541554658,9138.073823956838,33.91920333531293,11942.884556731433,13924.03708498027,4.091316997910634,13033.630183868492,11314.623703311441,12403.57782607285,14776.233063251097,18146.231180236387,14353.80922794615,19167.695279534924,11541.67776617623,9694.048680987344,11636.58171804175,8348.936375640646,10259.656380891029,10165.976867513482,10222.307843364177,9870.098195448254,9896.939152365687,9856.589611505633,7480.853859087668,10069.9192171547,8132.854977747244,8257.040400750764,18.066567858834368,635.1879866821852,520.8960277157883,340.24029453327245,188.54134383439637,8303.260550671183,36.632231682814215,12376.553564045847,4.162037446526092,13828.788098055536,14602.080386089061,11633.005654888366,12464.324566983054,10380.397459532564,8072.881036439336,7680.0308404941725,7721.1635483059035,8708.935915132988,7423.788192996568,7700.106782091339,7415.592515826261,7808.950058928097,7594.374679608715,7515.474085922894,7640.554355286385,6829.722740714618,9045.611625826416,7363.483317094456,8045.86663840305,7446.681100109199,0.9611272464986373,686.5596369273559,710.8214080864166,514.4598134658806,199.336195197092,8945.25854293583,88.69706620303464,11730.482485985849,12453.856131362867,7.356356166079224,14097.985780973517,13539.111976304728,11289.576586729445,14926.28788933016,12946.871946198979,18249.765101017096,15777.763499505938,19291.822119236942,11834.116197786961,10886.36431019582,11078.717812596145,8550.766789965845,8162.9484127272835,10383.80715676214,10146.082529831818,8019.684379350794,10084.330777761374,8282.55073173685,7838.344125637494,8103.613599980784,9495.172882539711,9229.08933993894,7.081971895305195,501.37692285615145,686.5152208746905,367.4200113342646,252.28936865577148,117.50365618575559,7950.902210533367,11574.17861703575,7.564914110620368,10037.730532711264,10953.000940183001,10544.536315941674,10951.545424329383,15931.96453014826,13456.347022995062,17679.429723059024,15834.39575545803,13989.145138787726,13177.662730870292,8976.799988350573,10572.431309376028,11408.820861486418,10516.340646137925,10209.79850224402,7579.195191447918,8498.05740614138,9562.618466623137,16128.629026292363,11814.700040011678,15502.057794494027,12364.09781772488,416.08771632450697,744.8602092447252,607.5635678417491,371.4034448408183,252.73709054193543,10188.384792576255,14125.036720340508,29.014315179009106,12668.405195997286,14426.929341897989,2.7034430912704046,15134.736018208314,13916.560485414275,14652.756837301828,16204.346940813635,14572.475223285417,14144.586226185158,9965.224519417356,10802.31086940736,11205.63936350367,8489.32419483013,8923.448840453219,10269.615866877628,10156.333477823837,9912.403514789197,9251.85779334819,8930.100110544683,7653.400628705893,7577.885376218283,9983.630631328439,9755.357291385271,10015.109409767045,1066.4005640940538,1141.645402533537,826.2939464021622,428.89686584416387,275.43410177045433,10624.4957184514,34.86071208576121,15352.254491849828,12698.741023023256,1.7965538777593775,7337.522495293116,8970.122074562954,7242.019718842617,9236.71138796127,7111.594813281381,9181.932631148291,7985.198207091826,7799.247931463628,7392.468752561103,7616.021512085226,7586.833836106838,9252.02156270454,7625.479802431316,8830.233960537273,9739.665400479083,11706.887610062406,10061.801207111004,9384.801868618775,12726.202318044618,11426.029043726458,616.3946256088107,799.4445032329209,412.70548795028935,331.361535623465,11054.7974370928,212.5733884524838,99.35442659678434,14596.81327415481,16113.911458422828,5.87846608142804,14156.509261520601,18857.394048456372,18881.44144776607,11334.117138726875,11376.239501862252,10839.310993420893,7867.950797485803,9337.711949544293,9055.942452722305,9104.651060232036,12205.346972311558,11508.14716877204,10701.803616307196,7111.126975418148,7524.3844076952555,9251.467736624778,9017.528930575378,9055.821740822543,8480.921549253795,9600.081991521549,1.8991016520509305,693.2692698269339,682.4759620150091,466.4668987176988,259.04614537484065,117.19501491964117,10238.906631043239,13688.168142306939,9.336184643451393,12759.225156187325,13629.844786291915,10639.709688471925,8712.454995295902,7996.327491166261,7560.6033700617045,10469.665315569839,8674.293714150872,9881.381366787651,7979.9204731466825,7979.734032780511,7914.489301628156,7999.7807723431315,10066.197497827703,9647.166105176382,10044.897369851216,9665.46990112589,9985.509951924936,8311.875355538848,9626.432190896323,7523.008995090339,7701.790312842777,8.576362548840835,651.7234825213648,652.2017130517188,434.0257571394545,204.00450908688316,8425.30562672124,11130.896621351123,30.581179900964642,10083.251829804183,14013.856751154792,4.394699610651686,12768.93656058688,11129.39645650792,11768.835098619955,14104.237533210448,9308.094636883347,7280.9170634630145,7746.332905491129,7735.7592724174465,8831.69139683682,7652.169627710471,7521.509298086181,9504.164170679382,10337.405966821474,9523.674946982881,8578.778636916693,7729.9921361614015,10285.357851651675,7981.8050235451165,7671.328688252441,9928.717846949183,12789.500802953786,1044.2051386530106,1187.8398202078745,624.2827316335062,511.053918349541,258.25403731068684,10226.509346116414,11253.442161554829,35.72446335900584,10398.185260027567,11460.208073549362,2.60221317734801,12718.08908979093,12716.718820116414,14897.429472280559,16138.53154157863,18418.934948701117,14081.75727513078,10709.910376264439,9351.430485375793,9999.404266684709,10980.771537340108,10238.294514187504,7966.946119232581,8231.204159265888,9846.040213015722,7829.853269994913,10371.203801569218,11328.64986645877,8532.68214911622,7743.561649730881,8107.363707847489,12631.524573315435,928.8332657876459,1135.4789950695204,666.6950015639028,493.7668427184295,236.18108280261185,10469.113560468346,11231.977965586855,27.695356572548278,13281.34004433193,14711.273836140992,2.5346683963369396,15703.551375222858,15937.79185468664,18120.620880094706,16178.245535118644,19262.244679797357,12780.568069629107,11280.36540580539,10485.369766341297,10168.58963791212,8311.86173584557,8277.737350647485,9777.56353484245,9819.693823301383,9522.9931417122,7991.7164531111075,10433.783125028222,8419.85578920049,10674.747937019794,9841.328535410643,8210.831924234155,13329.249490108381,896.2007557614668,905.9661564685714,712.7976892989634,520.816607128039,8621.597422747664,271.0581350761962,10968.930799747832,33.26627656065942,12967.198084309959,18150.381663505264,3.9313190167839283,19160.884141998293,17365.250381933034,14861.460655609535,13965.45887014318,8446.957887360626,9267.18732517877,9910.680868894888,9015.35819291445,8056.662965439571,9648.253271599573,10880.351510360546,8426.524778412415,9447.681534065423,9383.931127661846,7019.572555446174,7356.645589437521,7416.554970914731,7498.985631935943,9109.000491225033
19707.226697193993,805.0537084459773,14065.674838104973,916.428161848627,11735.35184024503,686.215195262714,9410.253433409478,357.6698341023656,9309.205188298267,162.3211585483395,8300.246793744263,25.83062022025189,15536.181615021047,12923.03794014881,2.9885537740947545,10394.590904515013,9114.784290697142,10699.942654502052,10587.692410759466,11101.739950088322,25481.934216262332,16974.727635417406,10722.128680653115,12706.814295654192,11830.346489745794,12273.96294847309,10911.380994042322,10021.777733558023,11277.388930398018,10622.176357133383,9561.173038078425,7244.400217807959,951.0167415358146,761.4830418223888,661.1456881774611,404.56115358306806,148.17285275378916,8704.32214380849,20.765854572967122,15453.497998547726,14322.048860899935,1.980095773822852,18877.784956212083,12923.448969800911,10918.645487509208,7645.754719617422,7835.459535309098,9147.936325472048,9269.841642490277,9376.940203124692,9285.023839797099,8813.651442622411,9651.045388397715,7529.367604420883,9039.826436039904,7695.916247097533,9630.777682764998,14532.907133717988,12325.932353217928,9612.428199193111,8581.221522671814,8169.219941025495,13055.441995094528,624.3211735817417,895.2125616791645,649.2769017006867,342.5350802174982,167.86959406127966,82.43737238921958,13497.939937561396,12305.865800758322,15843.332989646624,2.1456413275636046,18271.383616273313,14561.971920945492,10280.543383160339,10118.06364798933,10174.134460981732,9687.619231829125,7531.170462944196,9200.066574571174,13705.70330299336,14974.98301570754,10557.263269681998,9475.544521396378,11617.560455629273,10607.618693371345,10246.045931651297,8713.956046943866,9292.579775424589,11314.139849372188,10408.536898110578,10680.910296432432,730.5078010456892,721.9599848425546,558.9141116230204,316.2428405588341,210.42496325990777,10647.779913665228,11592.428230985095,20.65393371107439,10255.893377399221,8963.249173028418,1.2756173333402776,10132.286070171924,9909.702086267633,8991.429831933496,11205.149458561164,10568.584314051252,9708.734057764224,10562.248958428896,10015.854411677365,14228.012133782824,11346.747061942477,9758.564646385017,10597.077098137914,10627.331599777182,8229.014240643719,10403.655846208141,10807.485214729531,12651.585045109336,8966.09799159919,9081.118968554923,485.02380157961625,654.5985126070018,504.1461640090187,398.69441235007935,164.52569609946966,10356.224886924887,14861.912141420798,18.718291123720178,13841.25440929677,17959.236014789534,1.992123253854579,14105.535999841582,11037.929802166753,9584.035298940338,10009.784760798299,9669.629490360387,7688.576359668446,7450.227251262926,10513.191072613206,9707.938771464549,9480.273201137688,8512.132490905877,11178.619375167304,10450.259856171704,8312.845132114466,8340.08611127601,9143.165716934505,7937.007674465703,9618.37793443457,7865.280855389746,13945.865179108008,614.2566844453166,717.3410097713266,688.7496662081169,414.46760181426725,232.48584253504913,8810.916125025527,11330.903287907267,24.808712448754388,10759.793459951576,14613.002195672596,2.4473354427815948,11814.984886669525,10786.06150239277,14535.63245560438,13892.349743532372,18490.301316881574,12760.972872622886,9849.9015290956,12137.639197050563,12972.465794932057,11556.433083808639,12160.934960136634,8990.335745223063,9074.599033672626,8546.000601535381,10039.15848370468,10818.64978909875,8095.533626159972,9558.038310557498,8298.88248575203,8012.133783504544,0.0,374.58519098914394,438.19856265145097,305.1286575530133,177.2354089309577,8392.98099643373,75.10820499760354,9180.506801327587,10366.040860376706,8.384033281438317,12776.197818431923,12145.550039159492,11190.512266277998,12244.621682245684,15271.140117879742,19321.78757629699,10086.596408191828,8229.935225440822,8076.15378583623,9204.451713326866,9531.250493740477,7786.68048788439,9324.619490236693,14644.937509287753,13833.835024556543,16701.402915186372,11762.76084299343,13069.099007348845,11390.938606430016,10091.747250540146,3868.9514748538018,784.0901243440154,715.4778603541926,692.2095864384878,330.25846158158316,162.7158063524397,10263.721969996624,12221.588630849821,26.435437883858334,12887.809505108582,12103.36845334129,2.100145246504983,15888.024681162455,13864.380706228785,15802.739713972222,12164.436462084344,11028.562661819593,8951.029394929352,10287.275134579708,9824.240518466897,10050.811709955537,8742.32792665069,9644.065281013618,10132.423319045292,9683.835116365912,10198.591786280527,7473.445915163114,9572.069506410144,7789.697088758964,8410.17179820498,7531.737902406828,9042.138490346331,0.04477306574303413,454.34599164403096,535.0610003383038,302.9159314772639,169.25280321872026,78.46044675322463,12646.89514668327,10914.150653451494,7.816174762383282,13240.557175425747,14169.778991704641,12933.794550271508,13088.217536586257,14887.023171021272,11410.145656099663,10754.148117757397,8352.844198522873,9664.149260872235,7701.711262048537,7645.023247770729,9132.11066514852,10239.947892081038,9126.121633044379,9518.459722231888,9241.463244376668,9480.57989031187,7772.783604650107,9064.568898479372,7092.693834028163,9446.123559842703,7650.721660505167,14192.633843016967,711.9373729664662,848.6478165083897,691.207234738305,334.91869467343275,114.45666766397262,14150.53247896858,61.48601441426833,10066.202101120223,13532.483551854764,3.6085650810405667,12099.948649380329,13359.798518825244,14337.967209695693,19923.23304499614,10455.997081954962,10061.692965741333,9672.377239798143,7577.636329735796,7514.944760793083,9473.324341017016,7339.019582504486,7666.4252350833,7485.848815722802,9687.917115191323,8092.968246982465,9369.987100665425,8854.146198993336,8059.497392269941,8416.840407783775,7496.5252081586505,9251.795526538785,12130.500548330849,828.8734428114642,880.0066835754168,527.2566234196098,405.78837006171193,167.9940148082732,10547.712373665634,70.30644344573676,15859.034870005993,16044.959987314487,2.9988824108674215,16334.671389746896,10152.547370091364,7434.31398968607,6945.79168332988,9781.194039816133,7552.959635641914,7603.983051355155,9331.767464715558,9790.171239243737,9084.772701073853,9449.837709260404,7937.481011715087,7605.927133813275,7776.869477126211,8432.88958129768,7584.2329130965545,9621.433940923782,9976.765306325204,7668.933899223472,8017.117308315428,10104.382156239357,6.632675953307392,381.40323175449254,498.9263231560905,178.79128705021088,112.58127027134606,58.41271625088387,9952.566778870678,13065.177355523152,13169.930765023591,1.3919296114102013,11384.559065355706,11845.050923959474,17172.52296609385,19545.365025241786,11629.441932513677,10667.014588183925,8305.173642451136,7716.811955521362,7765.808612072296,7680.011211335578,7208.678091160025,7905.3481498715855,9190.592523284726,9554.223982439418,11142.287012100393,9744.777014988147,12058.65554044919,8723.410263699128,11791.000052499827,17370.60429081795,7337.997948528392,648.2846579565281,904.189675420868,549.2816574601552,342.7323226049896,8178.540118753295,158.4981864890391,15258.187788868972,14.410508712586623,17011.478479963105,17554.270139328848,14407.662482247368,8067.906813961862,1.1932107338946887,8227.165285993795,8440.061511285407,9611.033341460703,7672.386956394577,7677.423558150639,8990.267577280401,7119.201348789699,9706.463018017403,7538.577894432907,7395.964241618078,9593.833405635352,9748.86296877618,9302.472479506907,7629.138090279333,9306.438427430094,9097.314790914192,7931.654809002755,9713.43978068104,0.7148456168932156,468.6945316931522,500.32788249729856,278.6988046117313,130.28539761783946,10852.359365432305,16.347700220179938,11636.537511536299,16327.888415306086,1.6973567526376687,18227.64144134263,10984.096263446752,8929.235048981203,9067.933467674831,9824.542835485188,8340.854832789048,7794.713665950103,7830.768438742607,8080.658231411363,10013.113299153129,9878.166168256132,8356.396824345782,9340.208900312029,9775.664296618706,9066.68837154913,7771.184908210285,9780.327450045745,9380.791435148525,9292.83138913096,8064.04342646616,14253.709411173908,778.2494759248433,893.0889132128149,543.3713044776005,390.9079146828754,212.57359075644518,10496.911973512166,23.318651046020587,14521.13922249827,16084.90694211999,2.797060606681331,14607.667642445784,12636.238679756367,8385.993144378745,17501.09685443899,11926.938097667391,11011.078637906525,12489.968320491118,8237.155216909541,8733.1139611542,9151.94932501155,8955.939585052116,8274.088610210409,10254.78099654764,9999.861392691448,9982.283091261175,7763.634640294447,7557.915969743171,7892.702896575295,7719.95020270804,9140.949823186138,0.0,381.22729791233536,571.0429033506825,357.1815008981156,156.64505141641285,65.92461829497023,10862.548246829114,12438.941159766444,2.6576997400575544,17099.972850864688,18412.885917695326,15785.269290827606,10827.551611297651,10473.97699164393,9268.359645802178,9032.915263649109,9224.518218732472,8081.663555374686,9237.105070015381,7870.655024798608,7499.867390093843,8898.26098745711,7326.253786235765,9140.82340314683,9900.892684688084,7470.493277858791,9672.876374863867,9355.14466701472,7370.6773286420885,7932.026536584447,8338.002133084507,0.803435669407931,433.5786200641981,426.07996235305,343.34658837035,202.11286240068222,10431.325392242843,10272.24358722596,23.156727020944455,12855.294708291272,13901.053967673775,3.2676558805905587,13319.81263616151,13486.400958762579,15396.535927125624,13049.345153977223,8788.101719458267,7709.501482878881,9986.326572226404,7418.60680296238,7955.692033685126,8518.912100167488,9655.52932150825,7486.574461179554,9281.165986945187,9432.335867372343,7489.710672773529,9518.178382928741,7558.7622532697205,8508.277649519308,7687.124493183209,7381.0935983425225,11704.580728934052,707.047493547404,723.4630696749925,530.3885925021357,330.0872136688344,210.66647049937717,13137.752936093935,22.28893175013846,12211.664773742054,12865.506412780056,2.8905032406653524,14042.123757988966,15969.320234481114,13904.519899774334,14693.895833475613,12258.597733009923,10326.63684548503,9031.506326060206,7584.248521479062,8838.17126499598,7537.5979993382925,8274.268841771931,7266.027586408732,9784.220278097793,8094.019668030406,7927.798206825739,7514.315123926031,9615.451854616853,9380.510280791077,8059.035364077514,7456.55000604344,9541.726599877677,11148.715560727685,699.9706757578491,889.2106420487311,547.180845807121,307.5304890009194,212.8359327343468,8748.114249241022,9166.911447519684,25.429934988289297,12118.658840371292,13374.10750446629,2.9820539409426225,12729.893566224455,11507.965946182569,12813.985820247073,15416.322892525168,19049.7829618667,12087.70854262866,10726.753458322619,7908.390899538082,7457.819184537537,9765.029943818343,7264.359325102242,9255.127358427886,9325.309182310124,9440.145686320466,9229.718278702963,9379.948051148507,9393.914746137238,7249.384521218346,9758.34014108963,7776.924415443425,7843.322458545436,0.11712831088365545,479.815934926246,408.2872768410196,269.44617999658294,149.78249644908846,8355.071213985413,27.227631394902666,12892.05188010877,3.0167097561881286,14435.953501503007,15381.158966663026,12993.458771704743,14039.947516840897,11777.82766551676,9205.908590955949,8790.789011092464,8596.052748738506,9580.275932394037,8111.481561426551,8307.95297456276,7950.2168667399,8371.933373836722,8115.971601931399,7955.021173793596,8010.00131893017,7275.54134805718,9858.57348910222,8096.159544038405,8598.472936230066,7831.849685009763,0.0,520.0132337098586,558.6579589710572,408.4417347212209,158.74231258771022,9000.940206301924,70.90316814212187,11790.49755187681,12703.091230739368,5.554382958453941,13443.204805692383,13277.741316412623,11483.828557235225,15423.368016770106,13568.236568469567,19218.18709093251,11531.029522476541,10685.32194050441,8085.152740583184,8209.72480072788,9234.133438534831,7589.453263336433,7343.1908454644545,9493.25068371752,9362.15369291195,7474.2593091838235,9461.739876237907,7745.172172476486,7379.144570116806,7654.537733687499,9079.621119659208,8913.777701618932,0.0,379.23217880704436,538.9208402256097,291.4125380147006,200.65000402018987,93.85114613135352,8001.425595387275,11664.41203691924,5.707401070327177,10226.751256619036,9857.727877483845,10707.321618407967,11171.78224551391,16574.894298135318,14113.506749047627,18445.801184834025,9985.299121849528,8439.783149023964,9336.236642417078,7286.276352291706,9260.028348775008,10025.754736753115,9330.392346340597,9246.692613079487,7111.26746564663,7946.696600354141,10766.702645039435,17989.959277639427,13300.884693367158,17291.07836679343,13930.272172280827,308.6856410193132,583.961716795134,484.3668290682218,297.19223026481757,202.3355714182456,10456.216450563827,12621.007801406198,21.688147742187507,12956.621296195639,14836.253197311988,1.9707846850954043,15747.654637245825,14596.95128179128,14106.14986034861,10141.490071177923,8722.075750061786,9767.80333963137,7666.440003018965,9154.883101284811,9751.912318465766,7509.888044091689,7920.236814535309,9207.221196937548,9309.615220692696,9207.550845969494,8759.130625382197,8653.788823273177,7367.342225569205,7417.0394049809065,9739.315967582792,9453.511254094683,11251.527951198756,823.1109501935111,912.9008932429848,666.1696583858972,345.8272900330692,221.91169909044925,10696.208373145999,26.167553602591724,15864.841642653952,13309.254682288914,1.2702933406954169,8391.901377255892,10271.79690552695,8015.9349586492635,10251.383313773375,7843.714598339874,10063.994370377952,8560.888065895719,8087.973558263378,7626.058565500724,7831.228631214695,7750.717228051663,9284.495756026603,7576.937468464867,8642.80600575543,10961.436188715208,13273.608022294047,11453.4890012153,10732.513510607821,14261.608741125774,12934.972939325628,465.6279157700601,631.9008514454179,313.5720900641242,258.10845540768685,11139.3171295317,167.15866330244592,78.73263312393807,15074.28967341743,16808.094491769778,4.413907706629443,14857.282202561677,15169.676104598468,10700.464573471092,7766.169758861867,12846.22664529298,12306.077733636906,8982.56436560246,10691.070623592968,10144.82039040916,10041.95068883307,13701.659958440128,13017.501994398284,12157.146949516122,8116.557988107884,8612.631529764378,10398.047447590843,9950.445643612058,10054.471235101057,9005.69896762009,9923.073186793015,0.0,524.7752239678422,536.0177782793527,370.0708590389509,206.0937451278495,93.65537508034599,10484.835230130231,12299.814178148563,7.049058570044968,12919.997323119143,13901.519879050215,9318.95516319045,7755.437063634225,7266.542942563801,7070.065336823383,9823.284458860524,7956.9796269280005,9117.904450524486,7487.252591563688,7562.892884066238,7542.977915193248,7624.265747602733,9561.831973074419,9224.9624305936,9616.718794211396,9284.66438569321,9612.285137240666,7869.208931573113,9144.101050015062,7202.32963347621,7503.068675784072,0.0,492.57972710248663,511.5108289173263,343.90264292003343,162.15423592861933,8483.84921972993,11219.973321941996,22.74137880783511,10271.039726269857,12620.422654991507,3.1863618102259723,12938.643632269112,11349.91452615771,12240.621603690815,14788.147408024757,10625.450421056188,8333.13082922705,8704.401962448908,8188.189873838691,9438.269719060334,8177.736023271893,7961.4093590229495,9985.062724559239,10476.668129983229,9259.80769419107,8049.138183500915,7252.754441476182,9705.29114457642,7514.200991326562,7319.657340370347,9537.540743717735,14371.611608459434,804.8948065688825,948.7936722720757,502.86951514357423,411.68090701743216,207.85905249562504,10477.443090024328,10133.330984165565,26.802487301873526,10442.335564796304,11659.809231593621,1.9010777460692658,13148.766651444192,13269.989424824455,15685.423799023802,11616.390896919133,10354.232945622714,9517.943429865822,8051.416620719165,7615.083092053605,8558.644325060974,9524.386471304048,9148.296526638314,7327.018534557376,7626.984537361702,8941.54582718704,7158.33400858003,9601.736978914389,10219.45505976168,7646.0997540880135,7127.0865293804,7581.351423729642,14197.002315219133,717.5381767027083,907.9878971726072,537.2523144997526,397.9246661182412,190.08847727733718,10675.81333707852,10711.020437328301,20.772046277337818,13031.661868871382,14964.94995903353,1.8507558974855205,16233.410974502978,16627.99642215743,19017.6753698078,12020.45915920372,10734.952408298972,9027.437205891085,9185.858784735756,9186.31789758004,9172.977014098926,7599.003517259653,7593.216188738498,9121.018231304357,9327.679333304068,9055.928614850036,7667.440525890612,9855.576854729325,7821.135426854425,9792.007817177411,9111.174549072151,7678.1065389410805,14983.930083209094,693.7995823476705,725.8640259922757,575.4886858198535,420.4201125179916,8752.04166656361,218.35760011639707,11332.3298097894,24.944409158773947,13588.607008740519,19112.779312510644,2.8644635879272324,12604.147811865361,10363.60532724892,10212.985680573789,10279.599408449705,6971.323373993633,8225.330758589083,8970.218575609142,8346.485113518647,7508.722952419725,10861.918104001354,12330.47916767367,9582.520914216526,10801.687231691845,10744.815207977714,7889.542564622822,8142.810272296453,8052.802148149848,8090.955327001933,9859.331626725307
21476.534389508102,616.7554456432424,15573.250579957956,727.3806042585736,13111.867940003342,549.3892470847974,10581.854678292317,286.6144505015569,10505.966848415172,130.03212032820795,9404.829324178902,19.323655166833564,17295.59150197489,14487.925251927325,2.1768925688489267,11712.11937476924,10333.01634920758,12147.850184544155,12054.03156144082,12389.091845988154,27769.69306313724,18794.099112595995,11969.897690016274,14275.382340994176,13343.095627657227,13651.13658024411,12212.004567372218,11290.820456752364,12535.78234856359,11885.170940773514,10763.8839481435,8312.104281824719,728.9107439539149,604.3903198162055,529.149523115714,324.08473261812566,118.66378232469732,8765.981323215768,15.53641972845641,16255.993041094827,15083.810163450515,1.443719138342747,11914.013256742775,8855.184514242288,9284.399278407964,7533.349648123611,8320.29743915869,10406.245331821165,10613.934479785494,10734.917325662911,10627.40087777532,10083.115004375495,11039.549182839512,8612.623880580746,10337.149567612747,8798.865622502852,11012.90938089967,16252.083787613195,13873.926780615526,10856.041533342848,9733.039962250949,9274.626739827252,9938.961969959573,475.5939887145973,708.0188634327994,518.6639450244438,274.00504899881105,134.26209297953656,66.19586183677235,13800.916688200601,12851.875070122882,16675.419410921088,1.5482084668522635,15163.835743973383,8575.104966579767,7801.773091562217,9101.965196533478,10042.878733211477,10188.69703285438,8515.785376269534,10534.503546541282,15145.575636367555,16680.980175208562,11848.798722135876,10680.455549510558,13169.25063406453,12043.557307395367,11666.898332435572,9923.885619536579,10582.851038602052,12627.319987813422,11696.903305672746,12122.0955869067,559.5558136711669,572.9304311132337,447.39359660779803,253.37537941258725,168.53539796866724,10708.430516493212,11074.051400128235,15.470236759979423,10421.511578415548,7446.26209575503,0.9135794398140019,11381.874646418411,11173.373609852073,10190.676885037643,12720.829528426522,12026.480113575184,11060.179215186776,12041.307272307062,11430.557693111443,15894.476809474418,12758.341673842207,11008.084538731211,12011.48579509377,12063.303633267862,9353.056827695109,11840.72469422835,12057.174958764974,14202.604531982786,10102.372829868278,10381.672808411096,365.8765197655761,514.6993038114989,401.37688802547837,318.2594709869245,131.41034659894655,10429.859664952419,15535.556511044819,13.636326476310085,14572.615462253296,11184.498974217719,1.4325723763037699,9904.21221271413,9416.599436483468,9429.218124036219,10527.526098133032,10735.967905225418,8804.283175042283,8530.680157731073,11760.213521740257,10922.680785500128,10697.42170517292,9648.260322503265,12690.0215765794,11887.901494359476,9464.130020064473,9498.103981648635,10420.520167846042,9050.965424491695,10966.800879444429,8966.675935730796,9987.238945913019,468.8129371851102,568.296917871049,551.025672971101,331.9901779235952,186.11819260960053,8876.710598103653,11448.837602939357,18.555368895534272,11021.46048402624,13205.042520648047,1.747039339872106,11981.933216907124,11028.223577785358,15168.17226876261,14620.907644821356,13878.837870041589,8038.8341573636535,7806.067180953804,13649.965360124062,14406.853360430565,12929.676101742743,13696.675078497628,10173.064538417446,10300.14354524489,9723.289999827188,11427.714472564445,12331.858387208596,9243.477098693065,10918.267783359352,9479.918194300117,9157.037569918242,0.0,280.9800403783543,341.43279907462977,240.5038726693324,140.2528927726152,8458.999426789476,59.72394155694188,9288.81030042021,10605.782896480572,6.300570832620857,12134.845667944935,12321.864528209191,11565.50559639411,12809.590325990925,14050.071035803665,10984.110505702134,7582.826290253974,7378.546095525995,7957.421145700292,9836.63196356261,10907.377441095088,8916.528839567012,10676.65491335354,16184.433293155946,15406.128721948173,18479.970891025194,13126.764372199086,14473.065173555995,12722.039404548215,11345.187974454957,4650.7665316542525,601.8563387196164,568.4933896290758,554.4663672032059,264.742156859815,130.3794414335674,10412.257415607439,12424.210897994131,19.78951040085883,13175.773315981023,12630.240391970981,1.531384213614932,16720.731677786946,9244.433528800322,10650.184184639953,13705.073466977725,12488.972376870206,10161.25089709926,11704.440954937329,11183.070347686002,11442.795735809686,9970.668629746257,11010.29217931292,11575.630017320174,11069.703059823234,11665.871528870613,8551.009830026207,10951.511170300128,8913.419062801186,9625.07209440761,8619.265592878462,10344.511906012556,0.0,340.73106034751294,416.7890563763311,238.68953902174403,133.89057224412625,62.37354050540582,13025.264552139752,9933.633063282286,5.876633075399247,13649.642726582726,14649.244896170178,13527.89979756118,13826.666055578182,9216.795143174591,7964.502477499431,9174.574798837513,8094.394113495615,10001.893705452945,8498.498853268324,8754.480833208187,10455.964855953049,11724.702556382394,10448.813523653258,10896.0742596255,10577.54253406022,10850.107123913795,8896.529371175127,10375.073788766886,8115.358749447425,10807.41501222651,8753.27573308674,10501.521788686077,544.5429145731063,672.9095814983252,553.0442007973805,268.30476996998664,88.17179606514789,13624.282666142544,47.96411763821334,9906.11434042856,13802.997806479452,2.6932867787363723,12624.631777254885,14057.879730750323,12782.595758310063,11362.535354920023,7730.614660178437,8960.321110056942,9626.04327638525,8149.853783438479,8605.59969901382,10847.396381219256,8401.863162500871,8775.615312336757,8568.111148419444,11089.074651569834,9265.329424806461,10727.339406802004,10132.619944582962,9223.740644851645,9633.7003201201,8578.968443947022,10585.082148261707,9125.951708677776,634.6016298255248,698.105600713447,421.9287513938849,325.0128371312608,134.465169613274,10621.064553576054,56.451101396515874,16696.401937345967,14125.76568753061,2.164406190026545,9490.655246064589,7785.979928640077,6928.700422161102,7328.511409221407,11126.608362265944,8648.986799517617,8706.532539082438,10684.565291939012,11209.70994832422,10400.041507881782,10816.042618628637,9085.887851488624,8706.364253649981,8902.038795500179,9652.53325184014,8679.821330750203,11011.308395951823,11420.710789443256,8779.555974634908,9175.238500874479,11565.21745655981,0.9529094052274056,285.4219803943447,387.67159455569276,135.8387914265571,86.98948662825113,45.733321966662274,9977.554464195293,12529.316732183615,13384.145888984853,0.9950290567568193,11771.247541646471,12390.139199773408,16421.2680958615,11441.818461115034,8417.606283966572,9283.164270176883,8128.890463900115,8168.1344115522525,8728.263310865448,8794.12903881238,8253.212946079591,9049.863061868651,10520.301444759189,10935.5204778513,12463.388704515859,10966.44892961431,13612.894480525343,9893.663888972365,13137.351841635771,19221.37001597448,8169.470448469503,494.9801435914747,716.2576642318552,439.3040674915643,274.49394843091676,8240.651218211611,126.95821822586655,15953.766852962113,10.51429607075461,17972.636816559872,10465.24266863661,10365.619028949493,7019.837193760211,0.8352962893230004,7999.219717254378,8924.810140557924,10900.294340339906,8785.74449061095,8791.00657001575,10291.854188011555,8145.1574335805335,11104.521608726849,8624.970803207425,8460.027666849515,10974.106065318567,11153.782536658375,10643.062213715211,8727.991712554014,10645.363336514058,10402.888188474128,9070.686157344335,11112.503260911944,0.0,350.52592497227636,388.546391391232,219.00582632967436,102.91093337023705,10939.794105615827,11.846398472529916,12166.328513085567,17185.438115802233,1.2201578139410927,11720.57151890188,12390.53740289306,10122.667613890748,10294.77960197259,11174.225758339106,9486.710626623853,8869.964614837536,8909.528094078161,9198.32625103352,11410.335034894157,11270.55543352774,9542.434074621102,10667.09004277721,11165.648173222537,10352.341203621727,8869.940469610117,11165.85793403508,10709.7216334195,10604.067518575286,9204.205791260543,9795.331258804075,594.1472278298907,707.3861042303629,434.50570301571497,312.94998511830136,170.05139888044155,10565.007070518925,17.42445950603932,15179.50653846137,16929.41544897946,2.0345954406596753,8474.90307759415,9499.577359213245,7489.688036771278,19364.82594147607,13312.4866163275,12370.319883924647,14089.226452885487,9333.341629093607,9914.073530063693,10412.713677415668,10194.67125433255,9425.83269114046,11697.19577704497,11415.121524919718,11404.104640535099,8873.874523668988,8640.324059516708,9025.400090576368,8831.26544214575,10455.283175463683,0.0,285.7928069874755,444.5250495928001,281.2693763063447,123.86585609363553,52.45353443092472,11230.232866775379,12993.873471357407,1.9087544397371365,18004.255865028284,14561.643910631336,9810.475990400138,8356.21347544943,9296.448004245049,9239.780105863276,9967.42378386349,10562.501814819894,9252.057519985081,10571.460889953767,9008.550496197682,8583.723124265345,10179.91118205396,8379.660695228404,10449.927822720523,11320.833394885114,8543.299172209867,11061.957176400647,10699.449503004593,8427.014702246683,9071.111267149383,9538.956125272434,0.0,324.08100479513115,330.92992040363947,269.96797815796356,159.66438390538613,10431.66064254112,9877.429373089575,17.167464446290346,13062.7180160486,14373.04822206623,2.363662946463346,13937.598187797263,13016.290697569926,8714.721176623963,9737.726743553407,7699.327530666853,7520.838226795909,10457.604451993258,8336.14258542487,9109.944476763772,9754.348688630258,11055.261916240972,8570.787074700636,10623.495356030764,10794.89395941978,8570.157366183405,10890.563448279163,8648.06395261662,9735.660235398569,8797.088867244602,8445.87146767573,8705.987208515871,541.0834435523801,573.8115003267437,424.42121219733133,264.38763982407534,168.68243048779522,13072.659084615228,16.67436813115559,11804.485800178521,13087.863582846285,2.1066280587555424,14544.94183177421,16786.15497711505,12174.19559346227,8607.852547302999,9401.10815770852,9352.50941692078,9183.334922313708,8420.617231820926,10119.413958743255,8628.520783479953,9471.402657650218,8315.188656847085,11196.989896475661,9261.642446638958,9072.514099241382,8599.803493113224,11004.462161016234,10734.987137700044,9222.167428720428,8531.677772684838,10916.795513502278,8167.250643762057,535.2650917685322,704.9233327278255,437.71356855086276,246.25331916410832,170.30727597834135,8810.424907291235,9258.62066139616,19.01725112197621,12416.085859889265,12079.76852850781,2.1718389027053355,13098.02872394746,11895.936392586884,13401.405729966124,16234.66143334659,13341.788029716055,7781.21781015659,9001.532516896601,7704.338552977075,7893.994290319593,11040.058764653348,8318.41880812169,10595.463432527462,10673.510450757714,10803.831954055753,10561.174062646678,10730.226089304604,10745.42494474794,8289.058067167342,11157.83661797923,8895.131093641347,8972.397588194332,0.0,359.1766025608713,317.37206600464,211.88508527409064,118.30174243671385,8412.488419919517,20.182125739391836,13567.753318482854,2.1844490714305573,14482.297691735766,9147.3486791076,14429.125566184985,15709.320823418837,13263.47598366444,10413.312558967256,9976.539786635736,9775.30564622802,10901.83836924264,9233.412878570973,9462.969331001994,9058.240019178682,9538.73123160257,9248.467718781945,9068.982816857007,9135.44647889691,8291.977603447247,11223.93354265358,9212.993799297767,9798.296899242421,8931.048528135809,0.0,390.26392484575183,435.38892543433974,321.9684347875752,125.67301596949964,9066.942288050479,56.40736192487978,11934.22220945825,13077.052669100265,4.188328116888859,12210.546815302981,13692.539258586903,11872.17647681942,16131.786971450707,14333.118362659456,11678.554394938084,8010.3744187713155,9055.735800193504,7861.141835765843,8569.258295799698,10408.01646305058,8689.673122358437,8406.638511607176,10866.253732986337,10715.140810745585,8552.992714513983,10825.987316868866,8862.471094858427,8442.561363848821,8757.04976269611,10385.1363116737,10193.011333351616,0.0,284.2363866988767,419.52313750305393,229.48733592927692,158.63900103355107,74.5980862891422,8079.525503257331,11854.048834422469,4.300239081923985,10172.498272522844,9554.885587871087,10900.115630220367,11573.29088046179,17423.522519727365,13302.946345884871,10516.466877418005,7601.696539115496,7588.090090489882,9338.18218175478,8036.3791375283145,10603.354859950332,11479.954843261732,10683.264812293693,10584.974072298768,8136.61043285448,9093.066926326246,12042.166111107224,19952.909558845622,14875.08966324593,19177.77119464452,15589.815622838083,227.5778766524915,453.7041285546474,383.128584223019,236.21195848319425,161.0774358136545,10236.665562026988,12334.768710668097,16.17120110927499,13213.965041050456,15466.54643096094,1.4356116251250266,16554.49643142455,11908.068070079498,8442.965641628683,7769.774974230844,7767.340916970237,9560.474812342038,8114.816424670698,10414.147644517805,11166.769576717872,8598.794102927119,9068.409354658195,10540.994956763243,10656.05918508246,10537.053629545839,10020.741347560896,9894.875605944506,8425.335034252596,8478.502866843344,11134.133591167778,10809.290567282716,7957.111600726946,629.1130406600323,723.6656076805737,533.0157789532153,277.0165710103247,177.8022932039899,10770.642329312883,19.59416887284288,16596.76828612381,14062.106868259743,0.8976303974818526,9517.037235008302,11661.628237903598,9118.68666283328,11659.7050266428,8924.25770504094,11454.145391337779,9754.020573026817,9228.023985489046,8703.211810105,8938.47367978508,8848.722897810365,10605.796671246986,8657.94333851776,9879.69073592335,12255.378306953671,14938.686427896959,12935.290617756304,12170.61341490553,15884.439209817883,14537.47209296502,348.71536932844873,495.01887269317393,236.3124606264809,199.5822225905713,11222.889843977373,130.66037294164133,62.09055577799944,15764.006350252635,17695.3309321464,3.3099491902660874,9923.7191784792,10005.998519609975,8918.858607753646,7576.119743662588,14405.50508642532,13865.889747420506,10170.987271224116,12135.981299676521,11532.557349681774,11425.320832992467,15284.46780283516,14619.83348864182,13705.240598040633,9188.446619106648,9774.351428057946,11818.369227512665,11321.210134594978,11435.741422587766,10265.329455291781,11323.237628909297,0.0,393.60835063423576,417.47385626636515,291.508678022849,162.99770392988503,74.4822994789791,10446.985888182136,11897.998609335415,5.315123127505495,13143.58117308606,14398.548479412091,10670.830023144195,8879.719087218962,8317.877440804732,8089.975056851843,11239.661452614751,9107.355428556753,10435.593485317564,8566.80723151429,8651.599144548276,8628.192317896965,8721.175097247453,10938.292871085503,10551.375552923852,10998.611008769572,10617.995707945347,10992.664687809072,9002.640865373487,10460.428044491715,8237.281726821535,8578.379872511337,0.0,368.9253052661391,397.83632456436357,270.56872741242233,128.13576696961687,8576.5462059494,11404.819462469219,16.864287860959532,10281.92564674587,12224.61446269115,2.3079948458508492,13165.317464538131,11754.842855342531,12864.799958251322,13219.670710756378,12029.962067024067,9456.33282614817,9893.380157708525,9334.802717010642,10755.278246305581,9318.850697549498,9076.265555747354,11386.464671328453,11963.639000577947,10586.888029366652,9209.708682136545,8298.497805142071,11103.931528042685,8597.080917275478,8372.115778036141,10907.186568552292,10387.224908843966,614.3379135341344,751.2814608856877,402.01654155445027,329.4621911039735,166.37810702277923,10535.625243718023,9672.637131271817,20.060149503415385,10601.630246158451,12055.646749583133,1.387911787630433,13758.507523656663,13973.950071372905,9338.119303328034,8132.376603059416,8660.49962959106,9192.76309779115,8376.71559109855,8425.309944842973,9800.772909465568,10906.376187221476,10473.881393152391,8386.3180697372,8728.26514306749,10235.663140047376,8193.639484956251,10988.766088383067,11699.445960347703,8754.016850168473,8157.069221208871,8675.01797978549,10532.281331569773,548.8723953921076,719.8171980065944,429.69458669070264,318.60850923813916,152.1590973901058,10994.727389215328,9742.137168758962,15.54247285435295,13442.507688404488,15471.040997920756,1.3504711307069752,16985.79059986421,17509.11545054799,11676.252691168967,8276.490579107158,9067.840410953313,8999.60056466962,10136.19021697747,10518.760672796903,10501.41599961835,8698.042755578415,8691.001098291279,10436.793221701235,10670.433097188808,10358.81247228477,8769.227590174314,11275.112875479123,8950.449996459243,11207.681775185194,10427.338941907046,8785.730742877868,11540.749104217353,531.789116756151,576.5415083341223,461.1231419560546,337.1483387759005,8812.449995550358,174.92550143062843,11852.824172588595,18.654674009621523,13876.72729666318,11139.360302936038,2.0853162745073566,9335.416207835757,9255.930633492751,9982.207991525682,10555.957111759313,7785.385049774103,9417.731835929122,10268.902546134148,9552.185482068657,8592.430373460344,12147.463077582093,13871.294069048045,10812.796745742698,12246.332065465513,12197.812660257434,8967.21500212938,9263.016205970236,9169.510324315077,9215.803502060146,11228.296174734165
23321.8889364189,467.9334589701483,17157.55840769448,572.3915950737825,14564.700530755972,436.5840469736975,11822.17454111419,228.21733044995045,11775.074433750067,103.61618859021459,10578.39162689201,14.42495571100087,19149.353549618594,16142.224632552356,1.5847231694367006,13108.240518925579,11627.634838120943,13687.606642257942,13615.434577049926,13747.04665246262,30155.782384206297,20706.072350711212,13286.329855879474,15935.213821987463,14946.832706149144,15101.519076436289,13585.842409317202,12635.494477557331,13860.721337437244,13219.094053272502,12037.826245742375,9187.917994548143,553.2744957952533,475.61717415876933,420.38326854717013,257.98345012803105,94.53542692308658,8853.28790309198,11.600069968344636,17238.21612628154,9204.635728684418,1.0520707486419612,9411.409572001055,8638.484647541107,10592.802118107085,8609.83698215592,9484.060558328398,11819.258249806202,12048.988613038106,12184.691465746731,12060.376029354753,11437.956139675896,12521.337792985572,9768.657316217286,11721.428353610483,9975.648053984765,12487.6811957391,18067.34220749937,15513.462987277675,12175.283581837692,10957.370209604283,10450.153013904088,10453.040103007825,358.8892064995478,555.1535095220364,411.238587967191,217.78522699725625,106.81169158783368,52.91854230899245,14335.827424157535,13559.703350263302,13264.098497951727,1.1168308976859722,10139.058982726672,7585.7720576351785,8179.01553310327,10420.120185184542,11477.968335911306,11618.679022027523,9675.58372721583,11959.27753702501,16657.35205725992,18478.98346235578,13214.843105286422,11957.459747740515,14818.174215570452,13570.61681764162,13179.976950712897,11212.444210848564,11956.972441162357,14012.581821792035,13060.42315939736,13654.45716048884,424.4700127394891,450.7760538612389,355.4726327682759,201.71963703042837,134.27399255593696,10281.583903849047,11276.951590182696,11.563724669867744,10773.054382431408,8343.809460187198,0.654092676770575,12704.10332127037,12512.854873995539,11464.973129082353,14332.622509632696,13578.541475555148,12499.65697326526,13617.251234652082,12938.683001665888,17653.205862767965,14252.670292622293,12332.855649215508,13514.46771430202,13590.24202266903,10549.034364379784,13370.730551310486,13375.21877034946,15843.281204170615,11306.417585852287,11769.23023520404,273.55526609321777,401.1909534801713,317.14879776789076,252.41513713564822,104.39935060470478,10552.483339451173,16398.417614445272,9.915033144768065,9166.062404012948,8956.015575871292,1.0294027694595382,9808.752591371685,10776.173004033646,10777.645054897823,12005.062692099555,12210.861219309572,9995.55172604004,9684.265053839239,13077.107889337694,12209.009565160388,11988.057323407691,10855.534848229296,14297.22441698321,13418.163024510684,10690.053569220918,10731.377313883944,11781.364869950236,10238.047770562398,12403.646621401618,10140.217851376297,10055.362686000572,354.41185253565476,446.33673027067,437.53630173185513,264.20856262305966,148.19384888711366,8967.811178741058,11666.653887459574,13.846369565184588,10897.491598596356,12910.188284065,1.2463912813467029,12215.307156997615,11452.07678490273,15990.850272431902,10323.326050231199,9833.011917424486,7417.720156699368,8475.729608949936,15251.058990305475,15916.43934035116,14379.994719316557,15323.706744851657,11428.858759286826,11603.287268943539,10976.523902453577,12906.181494885612,13944.08214491641,10467.504578041127,12368.956439871517,10739.496184326581,10378.372833180478,0.0,208.93156115333682,263.8661347316395,188.25221584091258,110.35252811017068,8549.31218550116,47.27000471326602,9478.70544862621,10157.19718458979,4.729122196363319,12314.559825271082,12722.866087957536,12108.020673270858,12530.309419011191,8873.47864085022,9464.067395503456,7889.19294608417,8447.414862483638,9094.506701929698,11209.22763639266,12383.893980588566,10122.890683439502,12120.189145819375,17800.853339256893,17063.02912631184,20348.510560081853,14565.574657430592,15948.64528855506,14126.676587675503,12671.981478954725,5504.476810021077,457.4869625422966,447.8555956054531,440.84778262408975,210.87893137175465,103.91884873757161,10593.354626819742,12662.492711758176,14.783248541460658,13682.397830920783,13315.301366115677,1.1160302908607223,11530.650729959109,7111.921550021264,10252.11608017631,15337.543316993493,14040.159320853414,11448.182617847033,13213.025211529177,12629.886398003471,12925.023128182354,11279.72594448539,12466.990165646232,13114.891030068507,12548.219102991268,13231.728546454135,9701.11658972497,12423.773539061096,10112.826503911694,10921.904242799901,9780.105145065392,11734.476242310297,0.0,253.30666913020352,322.018555743841,186.77999381656295,105.31203478594067,49.35481638333548,12599.73522795988,9834.807449093587,4.413041017912802,13966.48894449526,15343.059834967002,14282.834721190033,8703.833664193298,7404.493006450296,7847.411293799936,10506.094274886416,9255.255067367647,11413.179872206276,9669.244453210165,9939.081407420806,11869.39373840948,13309.937786234128,11860.982869856578,12366.75912312733,12003.794897211481,12311.994120060774,10096.117649702479,11774.025715591937,9206.870645778781,12260.305867073475,9930.019130852825,9320.89609819198,412.51744277585345,528.9922379074789,439.2010271209135,213.56763613402148,67.6146411433806,12633.76649974394,37.266489960340444,10253.384040118879,14309.415273528077,2.0083545648426875,13310.3378825175,12066.725232124814,8205.75343788258,9758.498795017947,7938.445221250923,10258.982748162927,10998.272516843585,9284.304512421179,9770.128850794265,12314.488604421627,9536.553218510633,9959.717355326937,9723.416242568293,12584.83104517279,10516.961145862426,12176.470643100982,11497.277509917589,10466.499481289478,10932.687093580815,9734.380790786126,12008.083766466889,7940.435692957257,481.1915349285725,549.0714532262145,335.13358472659667,258.6537627090202,107.05416104098522,10725.474537564698,45.12523908218669,16849.035186811103,9165.670139791506,1.5616910393395442,8312.537963625236,8214.994825709016,7928.695243283588,8355.912599351666,12637.43583633729,9819.242885949161,9883.696910155615,12128.89619665891,12725.31574224944,11804.195286861295,12274.453803938462,10311.855260543449,9881.122186039167,10103.19927819718,10954.520909021356,9849.295308047287,12494.914812991463,12962.207854189171,9965.254273681481,10411.462410720742,13124.645714556616,0.04075325058123238,211.7674242017614,298.8217401450577,102.55130857348931,66.8524258216219,35.64963635061093,9587.80202738238,12784.521980406851,13839.675712962808,0.7110474995822014,12329.062317567055,12944.259974504108,10095.709640972951,9600.166926370963,8531.00553166097,10630.013166914376,9292.227981982804,9311.938837847249,9920.500848133757,9983.67909035303,9368.392506041942,10271.723513861994,11939.81563154216,12410.041792570848,13858.48440078121,12260.245147735135,15261.318477097513,11137.55148199612,14556.471655877533,21165.804565963026,9290.202484313095,374.3195820623897,562.5056299121416,348.72893010793587,218.44350168088866,8346.23881847255,101.15778822454897,16841.572063721847,7.657900290516015,10956.424431370535,8665.45876852722,10436.323729257452,8038.416483714518,0.584393313201501,9145.637389640438,10174.573774243365,12382.630520949306,9974.50465434982,9979.975509633443,11681.401137401173,9240.148671832236,12596.606411568699,9784.465575003049,9595.57880491091,12447.110542657309,12653.23718202266,12073.858360655113,9900.748563546766,12074.24216858025,11795.970230890274,10286.110007675241,12605.660536963049,0.0,259.9155425112604,299.33563419650727,170.9496535053173,80.84790169106556,11084.487795134495,8.568457433311686,12845.319258722073,11243.27540505828,0.8764998328867262,9199.182194677293,13881.680202257845,11390.931614176827,11599.438444448715,12610.748500998252,10706.291818457315,10014.666076180269,10057.876303799303,10388.364911463263,12898.779665871667,12754.716362929828,10807.148636102631,12082.066723636382,12647.994354186269,11723.205216538667,10041.32227467344,12643.137783043385,12126.653144728949,12001.810145271313,10419.731332934776,9587.418431980559,449.28521198429814,555.483073047694,344.86246720221425,248.93633692914557,135.30868128218535,10678.941135857318,12.99053243467906,16022.88263923105,10224.128374393531,1.4789522942650484,7158.77124397034,9883.385933475724,8575.20388104378,21322.834732149993,14774.153875211881,13808.645379020661,15784.79847617276,10497.983486664318,11169.900517270824,11754.80733080981,11513.61261300249,10652.600923940441,13234.490895203797,12924.014841114276,12920.557190609074,10058.284638433359,9795.142366732756,10234.018559217931,10017.283150735037,11857.869167579607,0.0,212.3916402268584,343.2423858749705,219.98471898721826,97.40086470036071,41.54559305710894,11768.25818194558,13710.233823023631,1.3702907284159715,13322.167738914672,10006.947781997324,8969.09067141239,8873.274281813072,10644.12567716077,10556.946055841428,11340.527168260147,11991.06252427388,10501.568189524784,11995.804541938393,10223.243454642114,9740.701833921235,11547.758560286402,9503.799995194375,11846.607840233548,12835.888578979906,9688.055962853392,12544.200785132538,12133.967588103696,9554.064855857603,10286.59207994014,10820.68009060821,0.0,240.16668525001168,254.9557411970252,210.8246681694027,125.42742180705925,10022.312013257208,10095.373849565902,12.696806159182302,13505.45027469449,15053.156580022478,1.7083390014027462,14209.634899266688,7959.390562660187,7533.744720087187,10078.042587369682,8816.087635928163,8597.936221951122,11926.95006714659,9474.818373767805,10342.355498480256,11073.4075573863,12549.703291169575,9728.2906757168,12056.451810963172,12249.341820978676,9723.374828984714,12355.339058150697,9810.663243443692,11045.710088119286,9981.877593286223,9582.364772166415,7676.006226885815,410.1016579459791,451.22091793578016,337.10212829048317,210.41418316353884,134.3477399079587,12009.290438460652,12.446997946857737,12099.649647286258,13541.898366185926,1.5344086932263858,15251.64140432517,15138.215883588771,7921.332212580614,7564.341617522043,9919.11815588196,10706.10582955966,10485.528189239298,9577.430680343781,11487.348162794937,9793.145271924936,10749.387942754962,9435.075237989162,12704.996419445055,10507.907520583847,10294.396995259189,9758.496283186498,12487.14615197191,12180.771297310623,10463.674353650627,9679.184379855518,12384.390895733672,7318.6381547462515,405.39844309904413,554.0438145252966,347.54616206374857,195.93037593184576,135.55315919337167,8898.04785164644,9431.070434992092,14.190526991661823,12138.175132572633,11904.232446405593,1.5807744448270216,13393.597635516042,12457.949303798388,14149.245065697254,10755.955586465589,9864.216805637445,7276.366134441447,10176.870785878784,8808.494981150518,8999.41018524475,12543.647850549762,9443.859350290855,12026.404018344547,12112.702914838446,12259.484074520182,11982.306701912588,12171.26964557098,12187.734592596384,9398.373959193337,12651.07811546385,10088.421228456162,10177.369004557593,0.0,266.562023180303,244.7243474388416,165.49283889501808,92.91947124926097,8494.413854252993,14.924188335148473,14390.209229969309,1.5805432983345757,8668.101716887732,7574.212594009099,15940.006038329087,17472.444486716875,14837.342413975615,11695.092940473258,11237.283167123987,11030.332626079799,12308.760589847563,10427.990891280046,10693.135115242658,10238.522558187376,10781.621450135131,10454.903119556091,10255.91446735198,10334.846788012608,9374.850013831947,12677.810910666767,10401.964434846446,11076.455898763528,10102.40313423808,0.0,290.3318749220581,336.55879099866894,252.0583994083242,98.93248382097521,9159.614487371013,44.67003644637123,12183.455319521385,12622.129156494299,3.154585802882826,12073.076359205103,14010.059577318547,12434.07775264814,17031.72089003612,8609.74722604575,9479.232558062706,7892.608842676654,10331.914267021553,8987.770712606929,9774.591186665148,11827.622743990334,9864.336115152828,9541.973488992127,12331.954795186815,12159.40801386074,9704.41397920251,12282.07746774474,10055.022875819956,9577.533989878591,9933.711065996213,11778.312036569545,11557.988134925718,0.0,211.19253289088402,323.93213204079836,179.48057221677968,124.71509912677988,59.02199783839923,8183.098838568066,12158.428788083307,3.2361883791883566,9244.61054443631,9808.630134570732,11284.384822049296,12137.300873080632,16430.984159057225,8267.723110920864,9121.6627640957,7994.883068718824,8687.313757806043,10668.261536916334,9143.463538805532,12037.632349453841,13032.599540787813,12127.692734353383,12013.668552325571,9230.980670507772,10316.648142143566,13389.008864826501,22017.47986991095,16537.314949647996,21162.136278047303,17342.728169396647,166.69597901716006,349.41534042428833,300.72869397185207,186.52018144252747,127.54189793311266,9442.096080442341,12720.040916171138,12.031387331567975,13697.791278064251,16296.50899903739,1.0451388342369332,13511.499039203007,8072.246053977805,7518.782726500833,8224.195004729085,8893.098303905683,10928.688480526445,9251.154599025718,11828.233578712458,12677.431901654925,9761.391727954395,10294.269605375697,11964.953356348311,12093.408031358123,11956.180176336324,11367.201501788002,11219.096364244206,9554.285255881394,9610.927326915018,12622.260797682406,12255.886514693071,7391.296121211744,476.24711541690857,568.7291764665473,423.2955529980733,220.47650893868865,141.70152063484056,10875.72595884231,14.640870784766154,17527.46076175445,8811.21377097221,0.6339942378098603,10712.930068550342,13139.616071692903,10292.483014717376,13158.639432095435,10074.504412886829,12934.19918780511,11024.962846923305,10443.214553125634,9851.496465055765,10118.906115539394,10019.438135602191,12014.967908803736,9811.008365365025,11199.26373401193,13621.491755194475,16702.122826871135,14507.20605673402,13699.1015815119,17594.69372412094,16233.526504644627,258.978179440156,384.39694024211155,176.7293124732707,153.25432181165,11337.219622891,101.55091251091174,48.74246971984948,16645.961172809046,11684.209186541075,2.4792628410182704,7586.623886886939,9504.649256880655,10052.662530708369,8661.134889697885,16054.07482525928,15518.747034771692,11433.21951435077,13672.443977794946,13009.225316767363,12897.929324207294,16953.770505496654,16315.141651502645,15346.084561880729,10326.79286841444,11009.544102575957,13329.586830136148,12780.399808016633,12905.883783051255,11607.382494571404,12815.775457286065,0.0,292.65904666276606,322.5127067619869,228.0463097065769,128.18409154201737,58.96140341035607,9635.794402290116,12200.677131150993,4.002965157964549,13599.94512737933,15097.600417740641,12114.23463410575,10080.072340016017,9440.216481481775,9178.578230698033,12751.390578218881,10335.371024826969,11842.181199103996,9719.038734208121,9813.488101489997,9786.315434254237,9891.778870296343,12407.279295718583,11966.852427124255,12473.238876177087,12040.750833884611,12465.623470473554,10212.301586832236,11865.238372237545,9341.687108225839,9725.673984917374,0.0,273.93219140879125,306.9345751042573,211.421066611537,100.68733230532251,8696.379027528414,11700.236047756362,12.475719246757853,9826.859522953318,12544.654597380484,1.6704149273466942,13624.876838756352,12325.083008654912,11853.60860231274,8465.75608287788,13521.629574786986,10650.52305422637,11158.448963391937,10556.524383011796,12158.272646682646,10534.467350805573,10264.15035760073,12879.860188995104,13549.25000234324,12002.80507726004,10448.410124507493,9414.641817458098,12596.684471432845,9752.826322532717,9495.242920321833,12368.691736459969,9433.015255914697,464.4202217553849,589.7751649209137,319.0024006485793,261.9836874370982,132.46958799716413,10124.913849606608,9845.059860877493,14.982405575186018,10953.42137603397,12626.967851854792,1.012723539341053,14530.503334045088,8204.97247536966,7706.804063252291,8039.602798035372,9761.459840603022,10512.034468122696,9556.225912928046,9584.379341972877,11127.035594489207,12381.954444625782,11889.11913382669,9517.110588565252,9903.78471499236,11617.209786049094,9298.843393450634,12469.335272156568,13279.481808977098,9936.865362942051,9256.540311492405,9842.345695829423,9317.143724718922,415.83042347185847,565.7672654546061,341.1290089101675,253.49196861504942,121.15996145374923,10661.822603227249,9638.838511718934,11.605593941354572,13755.244122085836,16202.8264837602,0.9849003313973705,17939.822984829745,10877.8046616206,9411.078681713414,8073.952235342379,10284.235419747038,10282.528003566658,11532.542714234814,11941.405465929529,11919.655273256072,9871.283397586943,9862.876400581372,11841.188927012792,12103.446598423607,11749.228881673183,9944.953085857294,12790.119569563778,10155.893343552048,12718.900715296544,11832.264352274085,9967.956189068145,9845.639536657132,403.66530562001975,454.0059030532168,366.7293689765877,268.6361394976467,8915.905388049905,139.38063001667965,12515.67230317709,13.91872343409643,8238.546035781077,9378.527589106345,1.5170494868532147,9630.399953955262,10597.4363553352,11411.811433411609,12048.447217121482,8851.905287927731,10690.81321746733,11655.35069686498,10839.197267440139,9749.160815960206,13504.888192341792,15502.796214483673,12117.352272990931,13781.616035386422,13742.923484501007,10113.854855467194,10455.39127400803,10358.702997163024,10413.83825689954
25243.290337926395,351.7137429184953,18818.59832131454,446.6400734281714,16093.849612502927,344.424143321842,13131.213021875097,180.6020082574837,13116.527944302954,82.14897037939483,11820.933701883583,10.748288620712104,21097.46775795215,17885.93608202391,1.1531080025179068,14582.954336984027,12998.639757437224,15319.212027643418,15271.90145758678,15175.60436951173,32640.202179469503,22710.647349763054,14671.425178242709,17686.30873863405,16641.557725221544,16625.110437049625,15032.894519877274,14055.799795972927,15252.205897018968,14623.945694630342,13382.999930875045,7481.9311420724225,416.03963712054053,371.1467143592712,331.56621428918896,204.11455477605153,74.93665337647487,8994.446666715332,8.64576239152571,11533.188957985056,7774.632588546455,0.7663523039602129,10186.650899259783,9875.64654551875,12028.950859972663,9758.188448113728,10723.97325206618,13322.196110228215,13575.004042248109,13726.26262337615,13583.949294535398,12878.174848523613,14096.411218835894,10997.4679113305,13192.662794033115,11226.26354154327,14055.093127283288,19978.682393376504,17244.54097320438,13570.15434467764,12254.212264731823,11695.798763256007,11920.122599543514,268.37630508187954,431.6275432527241,323.6901813720433,172.03115263983565,84.54096091808894,42.12550780744893,15078.83001810353,11824.020456493141,9368.974495551382,0.8055499428882467,9727.65139937991,8685.681018462104,9328.208033642497,11827.38028069842,13008.861637617068,13142.530689208703,10909.400800998792,13474.388546022352,18241.032565670455,20368.992877149187,14655.396419133636,13306.55711608625,16564.33120014704,15188.797224110102,14785.281786483267,12579.631820879824,13414.943983105506,15469.925351308031,14499.096459284416,15277.995017178848,318.99773205951686,351.6862710515034,280.3916990740728,159.61039434113454,106.43781948553513,9709.41192747568,11519.232970023182,8.628339485556639,11290.940223494577,9485.18134489567,0.46821998262549136,14098.9720947278,13928.14587869803,12814.318564067622,16040.528402179692,15224.768399991142,14027.167331999679,15290.080845463955,14540.230337340698,19504.199293663478,15829.732918282734,13732.877977837908,15106.022855762661,15208.146767980688,11816.94685069775,14993.673417454545,14761.61664948299,17573.615061672826,12578.232259551214,13243.791248933761,202.80266979111644,310.07547026506563,248.75590826267668,198.94777385731507,82.51626971677148,10710.732861463985,11559.410438488272,7.1978123311727975,7564.804505559821,9785.644918595874,0.7392387699379758,11209.292365380194,12234.928581057238,12216.154443588537,13579.590636566178,13780.6505030013,11262.382012661717,10910.981939587424,14463.874175405514,13566.925110445327,13352.180055842002,12133.956068083962,16000.227896378736,15041.04444662533,11990.615779583799,12039.906107981935,13225.699823247085,11498.254712677808,13928.915160306133,11385.906602326248,11485.116366451626,265.481617021642,347.5830250665825,344.87255189460353,208.95080534035463,117.38647445784521,9112.947034161121,11999.261183966444,10.311908392245874,9938.462911208459,13340.447673697114,0.8888235115928682,12670.608184254936,12038.948442018396,12361.905939515114,7859.0326589703445,9835.06097768572,8489.704247636415,9651.086506977625,16940.920087594797,17501.223734693845,15907.388936530078,17042.029959198724,12757.718407831204,12984.030204768576,12305.70230941455,14474.559550668186,15655.32106222219,11767.616064204165,13910.104280093994,12077.616455831423,11676.139573291253,0.0,154.08751346829277,202.3235812364249,146.37238526912552,86.35340264670812,8690.920053664458,37.2478506591538,9761.46999518778,9344.770049216628,3.5458540761903876,12566.343432718631,13324.73751513155,12802.180576317547,7830.306198886449,8167.049343779185,10837.507478121177,9000.056077297439,9588.55641482785,10307.501805666141,12671.438398983833,13954.10638496902,11405.766019501863,13655.222187634192,19494.197647590594,18804.53623764755,22307.02192235635,16079.191698687953,17495.839352346044,15604.850155811877,14072.12776403945,6430.082309954272,344.48114582241374,349.8604356859372,347.97425796559963,166.94454073184195,82.41022041286564,10838.641665715002,13128.54045710718,11.023438558552991,14385.178095014131,10384.598249340817,0.812983295864311,8963.733407345466,7527.866621581292,11724.379042112474,17061.84601213165,15682.12349376921,12811.824557172673,14813.027904355253,14164.688669419307,14497.493887073537,12669.49987086809,14014.159240013547,14750.206357290292,14119.383245870014,14896.162839031089,10923.766194259399,13988.85661269305,11387.919412090489,12300.668243381859,11014.256558967616,13212.031499239549,0.0,186.77688599457866,246.8530413694828,145.18977103910078,82.38310525623432,38.881299466298124,11644.296466682104,10225.278419976172,3.3104500018205103,14523.05628807765,16230.920816230186,9669.418882737682,7183.324443624386,8115.805127955873,8968.776855907072,11927.802637159055,10493.876084109253,12917.573161440552,10915.512430588244,11198.82497040859,13372.397312517814,14995.653581636241,13362.629671654333,13930.514312737374,13520.220333830452,13866.240878752804,11371.54844023216,13261.424678954527,10367.229523022232,13804.796124383603,11180.951853803417,10672.117936615065,309.61669929954587,412.35735659847353,346.2503472681813,168.94659353405945,51.63419034881041,12648.739561730725,28.84720835747576,10515.450651371366,15026.9910436846,1.4964512794952078,12746.981946346252,8132.314304585114,7647.673664050846,11174.667217235889,9060.849454162963,11645.496243440528,12461.903658055062,10492.652911198214,11008.532216134416,13874.601010624123,10743.089750533773,11218.731364053841,10951.76409816935,14175.186296000193,11847.863410150361,13717.380809562355,12948.118894997215,11787.773901583445,12313.80072816592,10962.762248675968,13520.800381154335,9092.593944896413,361.4824623788114,428.22906562371105,264.2591468319829,204.57099498868834,84.7955174721465,10894.886520268203,35.91916903397377,10358.698608632483,8599.795917578986,1.1266560087731061,9518.414684636173,9366.67420362842,8996.072313400768,9450.685593821598,14244.41322659752,11063.72789493655,11135.476164574686,13664.760178875254,14336.988621019402,13297.234038012388,13825.071265189878,11615.383238879564,11130.200930980838,11380.350925217213,12338.85255284133,11092.654844987805,14072.2531920427,14601.256500562946,11226.028796363185,11725.789037854216,14782.666930229774,0.0,155.86071147352453,228.57673120726625,76.96848865867231,51.11829110208392,27.67518659761944,9120.585508489517,13063.649984825639,14511.072721466993,0.50799173275918,13041.785830260875,7809.394078448476,9168.279679926745,10855.279604091746,9741.825285143279,12068.062039913708,10533.336986794346,10530.668121749975,11189.037582765477,11248.661365957527,10554.21677104708,11570.929505851613,13449.13508363364,13977.787926598066,15327.574100896441,13626.16566935062,17003.9275301657,12455.073042770395,16048.359495225102,23203.90794078359,10482.948285627037,280.476128527897,438.0302682768295,274.81206666878387,172.76818111288173,8480.001884101592,80.1928926737159,11370.799625837173,5.569355279615631,9254.918367549688,9707.385318109915,11920.24556561832,9125.974109062789,0.40865789664151514,10368.797949941347,11506.203118660938,13959.437294866795,11238.667447611186,11244.330377003711,13158.908425449255,10404.175063544808,14182.717426542953,11017.062209819775,10802.617655802263,14012.846837651574,14247.226904869036,13594.860920326611,11147.408643257586,13593.074923628663,13276.560918162633,11577.926359995474,14192.911608834354,0.0,191.19081481695682,228.85175506816242,132.58777432328384,63.18821358235584,11266.34924864922,6.187886630838953,9624.915387523051,9066.941410956659,0.6292637661217616,9893.849025141144,15457.524661541105,12734.027049839438,12981.909995103204,14134.111063462631,11999.598408289434,11228.8180499783,11275.81306790603,11650.77421270059,14478.44719208566,14330.648956462397,12150.540508790365,13585.138942889544,14222.702839509902,13179.280410299949,11285.330323400247,14212.16699707066,13631.585969076876,13486.059269219037,11710.62005148886,10959.488041358622,336.6363984294807,432.52378510606724,271.71966804993866,196.7909105160945,107.11356940419452,10829.210964133377,9.665912987442102,11305.637380299484,8750.989154597917,1.0744725176267798,8142.896895095486,11275.047808154492,9734.1526967003,23375.123226460757,16311.939874320527,15326.055123194565,17576.68439035294,11731.080789621668,12500.594922775594,13178.230285193982,12912.76366106193,11954.393308610352,14866.666351024127,14526.541341275131,14531.6407414831,11316.864984587564,11022.370891391316,11518.558302499985,11278.003328475905,13348.707799533904,0.0,156.5580758700563,262.98251018873646,170.932301330108,76.18480276405971,32.76410788289799,12460.768886893411,10834.002630145493,0.9834595383958867,9849.710593889547,9794.543244952154,10266.284778183346,10114.382479081472,12082.98998742378,11961.846232642434,12802.206612272601,13510.200347094427,11830.19556399379,13510.13602596926,11514.733900131901,10970.80351906151,13001.803122154439,10698.671686133674,13330.863455685901,14446.058236972463,10904.76364978937,14119.607201059542,13658.69892231203,10751.827789474848,11578.468974956722,12183.174029091833,0.0,176.56281328766661,194.9079113355062,163.5645336803304,98.00928124553796,9551.286430601027,10321.330788925605,9.370944193472086,14158.668563216843,15921.66040404228,1.2338715546215915,8642.733127812317,7228.210928737179,8626.983563832038,11500.073505749822,10008.448747773784,9747.089203366095,13492.849186624597,10686.365587470134,11652.92509883458,12476.088706435612,14138.853446294057,10959.085264228046,13580.03535174241,13795.679452049026,10949.363061177457,13912.505212543345,11046.560125750939,12438.427207681458,11241.490671308069,10790.57351181458,8789.202235302939,307.9501754747106,351.83884115975104,265.8023889060851,166.4254932999421,106.45694423934071,11727.968142504727,9.273955161981233,12378.474371342012,14203.250621001445,1.1170996004958302,16143.31433262613,9906.14006526786,7457.270904114797,8661.522495640207,11309.702577374794,12151.149926673148,11874.028912730279,10808.674552277174,12941.973877151026,11031.471464673243,12108.224697086163,10625.687329834964,14308.239847005974,11832.81488986507,11593.446894879158,10990.393494145856,14063.50382748388,13717.862759622813,11783.556138868107,10899.06982755548,13944.512746571854,8379.106183211996,304.2089281062012,431.79811209654576,273.9497323068493,154.93071257321134,107.34270727520895,9039.383216912443,9696.206978994078,10.568876999269518,11065.504875055418,12347.965166681426,1.150013401710115,13920.287596692804,13177.524050579957,9995.27587912989,8557.344153534545,10129.407324551355,8326.036285062308,11562.898901165348,9986.56526729111,10177.236298753221,14143.196500208613,10640.680951609736,13547.949115879137,13642.886574552318,13807.102047713748,13493.11619650069,13703.07871994763,13720.843689682571,10577.33219729633,14238.06463354349,11356.794819887871,11458.236707635224,0.0,196.23808731113954,187.25814995259873,128.421408073972,72.5985695480957,8627.819233750794,11.013420686444647,8928.460672062152,1.1428563623789143,7719.274983087045,8461.253078182337,17526.10018813705,19329.31850673501,16499.426956450276,13051.249735473955,12573.019152557219,12361.13368829384,13801.042594208808,11695.215599553772,11998.450327284752,11491.064483765978,12100.604029434411,11735.277804253838,11515.816125278512,11608.202246277266,10524.158579211275,14220.205593141787,11663.071450684445,12432.94993479339,11345.913503316577,0.0,214.21609957695654,258.1287151846474,196.02692245572496,77.46390290110897,9307.708769415405,35.221484460742424,12552.708089752285,11505.4300068983,2.373544566445251,12542.859009813885,14567.392897778223,13153.084824000754,11221.560910549808,7345.144316360111,10455.094356314707,9020.432964543752,11732.692409594612,10189.817786235833,11059.209448996628,13337.954537867861,11113.442241719606,10749.195777619305,13890.353870318957,13694.955302257413,10928.523103249412,13830.010328865532,11322.827515361068,10784.062448206118,11184.52164358781,13259.14829434674,13008.708106341235,0.0,155.6451617946245,248.1779807689963,139.4470069072881,97.51815080855604,46.49437631658798,8337.099678823273,12567.13339062642,2.432879399796256,8926.50773503138,10038.425464454682,11840.0341147719,12848.737447267147,10463.498221376349,7558.6503958159565,10445.21721771094,9116.96362101594,9860.862691848728,12086.865883548653,10321.963665250698,13562.86081728553,14683.688829331351,13663.676112519663,13532.7760531599,10394.378178606503,11617.440247806102,14807.23090619727,24183.6702108354,18287.56055257335,23244.173617001776,19189.00981195652,121.32679639775272,266.82918950071763,234.29745083789228,146.35763700264542,100.46930632226506,9425.272530460186,13033.83199281656,8.93454309785232,14384.369837098364,16277.79082096007,0.7605094766488532,9459.0996148224,7822.478115126455,8608.51540150521,9375.84973702856,10095.010921938265,12388.370024098227,10461.92855449024,13332.312742703432,14283.899293276927,10997.68091917352,11597.81756668781,13479.09639569275,13621.661759519686,13464.930486340947,12798.511088063513,12626.451098172276,10754.192890455603,10814.312785195923,14203.697587126671,13793.29909632575,8458.545048942577,357.20985520979445,443.1956497333259,333.7081604724552,174.38855867154874,112.35370701304193,11046.30991497431,10.919656889736755,11914.522935299225,7295.885250885066,0.44763308360057674,11979.579877882014,14705.76040689486,11537.324014301557,14748.186530131285,11294.454721877542,14504.155759779946,12373.714887585182,11733.545261173138,11070.91253035302,11372.525938477635,11262.862941427142,13512.009468696851,11036.132549006661,12601.52500002117,15059.776533437616,18563.91721921658,16169.235318148447,15317.978010426932,19392.37228403495,18023.136174364456,190.80839867706035,295.96177637723974,131.23420623319657,116.90870691644989,11519.073829293397,78.50342532982481,38.09881268515555,12235.56521894538,9325.755163018379,1.855166905061573,7979.030805808463,10872.878492475538,11423.800145586674,9818.73465829386,17791.935861794853,17264.649595690466,12769.261094982423,15300.45865794825,14574.824291665927,14459.776162477554,18709.56806642461,18103.426482980758,17079.678841036406,11531.59673603126,12318.209553318413,14931.700255461292,14328.014663877027,14464.89831649153,13031.85808545896,14400.686671923311,0.0,215.82273094702256,247.21453562118234,177.22448179472823,100.26310788736014,46.470626308525404,9431.980858386145,12483.56556080557,3.011576887951384,14264.61053410432,15979.938806383567,13649.168996075112,11356.49682202539,10633.560064594934,10335.874858361954,14358.471835672912,11641.02641573865,13337.667591883781,10943.947099645182,11048.559754891401,11017.347264265058,11136.077066749403,13968.791246973664,13471.393053194804,14040.602396433938,13552.929763511002,14031.161485234117,11498.19109594936,13358.532033252553,10515.545777689118,10944.951013002179,0.0,201.75613943350686,234.97750609736465,164.1251281269936,78.69757712144231,8869.754394840273,12115.781339553256,9.209839465718309,9176.045414024748,12837.312205856608,1.2081726560789745,14292.84801440904,13045.299338409732,7691.354140958187,7916.491012947838,15100.452944344943,11915.701513461654,12499.60837949914,11853.354871842155,13647.252920191531,11824.585983040119,11525.063764583081,14465.249277559195,15233.501135279108,13507.558837871231,11765.242510613758,10601.186478424263,14183.5499747469,10981.437207098283,10689.038767227417,13922.056247440765,10798.263345125159,347.87171307820773,459.0890147119251,251.29251833669883,207.0419662193553,104.93647232467406,9601.855447214688,10054.867927094441,11.1697136632456,11477.351209842138,13357.151246324642,0.7386525522502712,9503.953036528375,7164.427226018414,8606.74995502475,9187.535053537806,11092.87872815536,11919.732617087351,10813.400712823111,10818.121647488784,12537.432380131891,13951.121243516965,13394.009748661207,10719.396091041532,11153.543253136311,13086.185765192196,10473.945734063174,14043.444530234896,14959.562605649866,11194.645292408748,10425.499800231004,11083.334571861442,10668.095189417358,312.126981016757,440.95733148583275,268.8613287473792,200.45288838658593,95.99236816312218,9825.951197994433,10015.796701540292,8.650575479177196,14303.139410048125,17138.909192050694,0.7179988747897801,12224.197225586688,9096.720946816371,10347.493327209093,9230.264537697429,11682.793456494543,11650.909099175155,13018.971023297168,13454.252276977915,13427.694835012087,11118.725443285239,11108.84209560878,13334.205347239034,13626.719837008466,13227.177843015277,11194.61701293955,14400.596936983287,11437.465468132836,14325.664637511461,13325.950780173263,11224.782877511914,11274.551620831013,303.548943878683,354.4942663400771,289.5273725869068,212.71585719495627,9049.523455010873,110.48734011916146,8228.500294966781,10.364445230170146,7312.333692667103,10635.437318441924,1.1030413973784385,10990.659184610497,12029.692250750259,12937.051536794754,13639.588882362248,9986.86433811309,12044.574903203706,13129.563027801638,12207.520469633093,10978.914279919307,14934.193448280448,17224.985603980553,13496.187495961225,15407.539141454576,15380.147680708433,11329.46212463627,11719.935476409832,11620.380166693689,11685.059591520116
27240.738594030587,262.0142576694966,20556.37032081814,345.66562829127315,17699.315185244202,269.80706168066695,14508.970120575035,142.07740433081324,14530.32738007383,64.81539556118587,13132.455549153628,7.996108547665065,23139.934126975564,19719.05960034197,0.8387600391042734,16136.260828944583,14446.031107156432,17042.66634070058,17023.432203051387,16674.76499713548,35222.95244892685,24807.824109751524,16125.183657105981,19528.66709093394,18427.270684874435,18221.910662084112,16553.160899052433,15551.736411999149,16710.23602730877,16099.725864847032,14799.405003541511,8277.99094191281,310.0629946115861,287.2654050726868,259.6871389474416,160.5501868600967,59.11819833312151,9209.22886213522,6.434128813908606,9453.265542596484,8844.042109903015,0.5580597447245199,11601.063607138336,11195.57127841099,13556.365985967741,10978.404045997035,12040.035520372037,14915.058913087203,15191.980767415505,15359.63079855117,15198.120673317253,14403.771130918647,15764.76946039048,12299.05566592039,14750.852888880638,12550.712085178373,15715.145175532234,21986.104345244607,19067.160738395633,15040.653821862692,13623.566127633561,13011.563987883006,13483.510198243925,198.97494310355367,332.84927745200997,252.98527317678153,135.08392155019192,66.58947410001008,33.399111582520455,16010.809189786618,8101.852925414161,9340.08470372037,0.5810270035837752,11125.484280053362,9860.026165343932,10552.916166396762,13323.745483075108,14635.558638328763,14760.252034397918,12217.23659761842,15079.836573533314,19896.61716159916,22351.008419588794,16170.45866367752,14727.74765454776,18407.72158779429,16898.09852680081,16482.812839746686,14025.44844963036,14956.765664431497,16999.350576361405,16012.923205333918,16992.70915697673,237.60854703761976,272.13695244697186,219.61566624721405,125.54772613006185,83.96678462644581,9842.898452549436,11972.354506436279,6.4282697056421485,11959.558877339929,10699.69630712924,0.33513612762203465,15566.480966790701,15419.246623959545,14238.713189993452,17844.54720606751,16965.160886883168,15642.71029139003,17059.796104742683,16235.19970013588,21447.45710216094,17489.529550823532,15208.151524598412,16786.151219475694,16917.01786920284,13156.794286649008,16709.553292660534,16216.368596165568,19393.606104489412,13917.816850965062,14805.355849600253,149.15863015137882,237.70499320013477,193.72901050645723,155.87120186705138,64.90288965704119,10936.751360763881,9196.565803839309,5.218465137588498,8448.168696600042,11139.136436697414,0.5306011458220217,12703.261090790244,13786.252958898203,13744.746290108367,15251.109931532907,15445.335756300603,12604.774034907312,12210.830814975625,15920.512379943717,14996.427421354947,14789.789902475857,13483.523982067267,17799.032014765977,16756.545760703415,13365.816651153116,13423.69036394261,14753.525027736592,12831.58625083793,15542.60649615798,12703.742188580647,13009.874993950101,197.14399798010035,268.4546013176845,269.8997524038727,164.25649875778132,92.52492134103996,9332.275180738441,12150.791509286504,7.666562106842635,9724.789624907804,13694.525074933423,0.6336407450897155,13324.649162010917,12773.848419490847,9196.224727288673,8265.529519417145,11235.913018111065,9634.010386545244,10902.734736075046,18719.54865199203,19161.206543458622,17511.858753383305,18851.64472153882,14159.643484050579,14442.37235272,13710.825220710103,16132.848639912165,17465.57513912594,13143.811557182173,15541.711304026783,13494.279008814645,13050.337790250565,0.0,112.77922008856214,153.9795993350943,113.08896075523867,67.22487965052265,8902.75948740142,29.228056889049764,9525.444434492114,9335.771827795023,2.6561832260488694,13050.019137306266,14108.529608157223,9051.2292794633,7201.353918033897,9347.323980929259,12303.969947593652,10184.063634372233,10801.97075255863,11596.406456909619,14223.264251336133,15618.014654236455,12765.154847754095,15281.754038797993,21264.46621815705,20630.650055955295,24355.504977848683,17667.615495971175,19114.647364928936,17156.56010895734,15545.626829709126,7427.58303145384,257.063766182935,271.07729679707217,272.7378604620948,131.3846237764437,65.03886360661765,11170.355857128827,13798.750684765771,8.207086941376437,15266.056134489576,7677.826116168693,0.5920380366725055,9548.85220293432,8582.012737265344,13295.38366854477,18877.981552392193,17414.864895617597,14252.176715076179,16504.449033415556,15787.477161933508,16160.208012483234,14139.990408894359,15651.799402414872,16481.575998985532,15783.195488459472,16659.17440660148,12218.958643629498,15646.760391195987,12738.69778733757,13761.364096153475,12321.719834585138,14777.177676800316,0.0,136.68004905180604,187.82756439393296,112.14813525527984,64.11471355014916,30.502754720747102,11654.075255989299,10507.87690841082,2.4810287314157686,15294.46320109159,13008.011456048771,7823.041020704621,8022.1420999773045,9236.85054683513,10165.002530292651,13439.699885655431,11810.25716372044,14515.073573155767,12237.302785402564,12533.711522171536,14964.97557827805,16781.84994258873,14953.753929046527,15587.339828455632,15126.818843917134,15512.84739998989,12722.82174276417,14837.270678854655,11596.435381177778,15440.88578415689,12506.073901938522,12114.766217897773,230.34401998827477,318.81226948522806,271.04288483623327,132.85442646756798,39.28070696043312,12870.721227974745,22.253115088064998,10960.353784051986,15935.915657528301,1.114284817946562,8271.030001667232,7828.355717202411,8751.435349752408,12686.751994663122,10257.44307566344,13119.861595889748,14016.936700019682,11774.898979769587,12320.809795034276,15527.733599826744,12021.47275857029,12552.65733851747,12253.154715222614,15860.140404052043,13258.036217670266,15350.069906186125,14485.14409982184,13187.563905733541,13777.041223875414,12264.112817616544,15123.231992324041,10322.776518665974,269.156149535372,331.257922355541,206.90584706132546,160.83575974818424,66.83807506615233,11153.084789137154,28.476398356428533,9407.109489220396,9839.763378528733,0.8127938655815697,10805.936237790835,10593.874924579735,10130.831632512642,10612.830392631204,15947.54053304663,12382.441826479779,12461.87030233965,15292.157238588043,16044.728584634102,14879.15776133506,15467.895002382887,12996.471786496966,12453.600488474987,12733.493736560276,13805.52818330006,12409.899941571757,15743.323533105538,16337.85672856458,12561.879542680026,13118.218382274903,16539.281103579284,0.0,113.8643146016621,173.58053142584575,57.458983830496514,38.90499358844377,21.40198246423243,9282.899608782307,13580.26881329444,15378.065269968622,0.3628713263764514,9618.163730284263,7021.316160979598,10495.21237056548,12333.702888334,11032.966329156083,13597.31088917488,11852.217478334744,11824.32226326043,12533.873514760608,12589.075865625875,11810.685741095002,12947.48103783751,15048.259801033628,15638.75887993295,16870.657804861563,15064.210494460765,18840.72163972991,13846.228571295185,17613.015359678488,25335.680140436165,11747.70785241133,208.3326542078604,338.305806375669,215.0340506686146,135.8353352385941,8667.252054032211,63.2665839003182,9320.161898524464,4.045627089483801,10527.204106844172,11035.284370573883,13502.771740204425,10282.510069805025,0.28565748708605554,11668.701398157096,12919.698173810644,15630.714662092376,12578.232870395044,12584.071172126562,14724.376052155803,11637.236608718245,15862.854653649614,12322.760707657606,12081.144219523574,15671.314950301368,15935.751705197503,15206.069892729707,12467.971951686475,15201.861601659306,14844.660250291205,12946.135214305034,15874.25647652586,0.0,139.6029627502188,173.70389061176135,102.21342965089657,49.14604373641315,11519.15759987755,4.462979227644257,7335.185301435456,9937.956526370514,0.4515473502707138,11271.061983467449,17118.070780742837,14151.953920878583,14442.194253936057,15744.313445732241,13366.630396120208,12512.420536231633,12563.338386398345,12985.5541547455,16149.337613536136,15998.353214125445,13572.609692684307,15176.306700536694,15889.773629193438,14720.566784905574,12601.964615790543,15872.945576116908,15224.520106463278,15056.81489041846,13076.871946922794,12423.283303660417,250.04351172652218,334.0280593711334,212.57884490061224,154.64375671585663,84.38082439455557,11048.353541577017,7.180080023280932,8994.666179174717,10021.03302578814,0.780292275033137,9248.580850806775,12758.343211714155,10966.534483740832,25521.691424408356,17925.844613653444,16922.549116446364,19464.88419542602,13032.633537965665,13906.156746578004,14682.982540568179,14392.124398510872,13331.209845150192,16593.72214450595,16222.701025402277,16237.355293157174,12649.6155621316,12322.009633492387,12879.019320422532,12613.425975368351,14927.799071326577,0.0,114.53291405333196,200.00750903648296,131.9956944622746,59.291719050629986,25.733377738767746,12849.585296840043,7914.366961699838,0.705722999103299,10114.511126462261,11196.25479217226,11651.058673031514,11436.701242020974,13613.040935034076,13454.480636266295,14352.462115900853,15119.915283281534,13237.939643392107,15114.455342046362,12883.021832667047,12274.028179686167,14542.044867658069,11964.275768046306,14902.694669077584,16151.342368862784,12193.4222330178,15788.176424181655,15273.643505629596,12020.303503098417,12946.741952199127,13626.437940723305,0.0,128.8520643904747,147.9140412854497,126.11350439467134,76.20084685160036,9730.873232024212,10734.370893737905,6.90396862950821,15002.59802340442,11210.512624637187,0.8907002843816922,7796.518017093654,8274.355866611733,9794.262489923407,13015.920412700088,11276.410866203718,10968.297171040826,15155.301810427278,11970.784226531856,13041.653277826743,13962.392135778196,15822.712381614421,12263.170840234376,15194.245978368477,15433.906852630833,12248.122062761631,15562.061911457105,12355.754599538359,13913.811594085082,12575.928101310146,12070.497686620225,9977.74649672351,229.20698199806841,272.10521041915365,208.10697703392478,130.85245576233945,83.94714080484307,12109.153555379618,6.898689445098355,12879.717575698563,15052.483380432936,0.8130003410916373,10586.948135305825,9378.567717220838,8531.946571394654,9832.978930702076,12791.474533457436,13687.641708261252,13348.837092786656,12114.348847621111,14483.291101811523,12343.499361724877,13547.91292064382,11887.024932384493,16006.72017915842,13236.364554482634,12969.663798101292,12295.495125991292,15733.535187552141,15346.261524636617,13181.812784372874,12191.334115784726,15597.161066016826,9511.29652015354,226.27569707842775,333.7779287770819,214.41914665605577,121.78565802361935,84.5917896135995,9254.343738635002,9736.350361625753,7.858793930884239,10994.388846487995,12683.168237950254,0.8363312807611917,14654.120153557838,10851.825044701945,7845.04098199418,9291.456700892128,11561.588229135983,9446.40432844716,13037.383799327587,11238.549411398844,11427.472630845012,15838.704713629902,11908.883612078334,15160.098725131236,15264.061429899333,15446.685873636457,15093.602546410984,15325.653312434559,15344.752236006505,11825.932781476324,15918.796172218152,12700.251867936475,12815.000697427224,0.0,143.39411132733363,142.24461210224538,99.0423306129257,56.43945450653603,8831.602791183604,8.11310711578161,7744.274593582695,0.8259487523886395,8838.065947316527,9620.360507079895,19187.40801560888,21279.942883473243,18249.729611088427,14481.782943969343,13983.747742935431,13767.708832870147,15378.684382326373,13035.087003392151,13378.914967128278,12815.865795914493,13495.678969500404,13089.591772875183,12848.687790636604,12955.51285369088,11739.903299585234,15851.117590078633,12996.314846811765,13867.779007332007,12661.579635371298,0.0,156.85283746954062,196.50433946749726,151.49463874839867,60.345923081860235,9531.359046567006,27.657463580481267,12327.934423818822,11430.905039746356,1.7842466744766097,12886.699812937131,15339.647608278423,10388.53424272527,9291.707461338243,8411.15586741996,11895.378802540748,10223.548359164632,13222.489156100166,11467.283056652552,12423.113082794142,14939.011844683164,12436.991502058767,12028.305377488714,15541.450958382758,15321.782675935603,12225.320086654685,15469.78590023124,12665.885013481766,12062.146738831398,12509.481495470898,14827.645085005288,14545.171247598171,0.0,113.84558740966943,188.73646866270863,107.66557227442,75.8641764360806,36.47468523216344,8559.01553612478,12089.893458388384,1.8272745078455594,9169.483149745914,10447.93868292372,12551.017734704348,8521.92730013819,9719.458227895091,8651.85338682222,11858.402968481005,10312.701982250996,11108.736892617937,13593.995221651734,11571.87951686381,15179.040263445406,16433.22270889235,15291.214946792536,15142.296574801752,11626.802957150676,12995.443243313855,16296.832235219525,26451.480581618984,20125.826472022003,25423.883211507935,21128.6605505177,87.77614057599911,202.12642113512,181.23904405031303,114.15458262994184,78.7572699757631,9843.666694946465,13576.800301965293,6.624112152700666,15254.708645937311,10337.04684297734,0.5531913445081782,9351.190610333057,8944.342121133841,9771.966308041672,10602.943560878246,11373.07877106798,13939.51944305738,11747.138291064266,14926.38513649072,15986.171751583877,12307.661676584488,12979.053238594539,15083.42407479656,15240.820369567145,15063.304559559712,14314.67010638743,14116.939807728719,12025.057937975218,12088.65924168606,15878.443959500577,15421.528312180757,9597.738816782876,265.58450379246915,342.54184947839974,261.2201700449983,137.112995985647,88.65026921222487,11306.827390136732,8.131397384943407,9670.763170056896,8173.135578728706,0.31597649563461366,13316.986663003318,16360.06124350947,12853.20966158582,16428.34632075035,12584.10863201308,16164.015107262287,13800.276695012446,13099.01610963156,12361.460005996765,12699.333148599802,12578.997315285218,15096.921350926332,12333.315889442669,14086.474533951074,16570.232641683102,20524.06960493329,17921.378401999584,17027.242701650626,21277.47488955991,19906.301102124507,139.54270883748583,226.01501703072046,96.81900769879654,88.63619650750621,11794.266104564034,60.38159729760302,29.658471812976384,9404.066449626547,10157.686035374089,1.3869189315928765,9098.88649555678,12333.079923391011,12882.565693003968,11048.919049450511,19619.08819603204,19103.597430176822,14179.112013119075,17020.025340136428,16229.35427437747,16110.861347803248,20551.860485619032,19984.687983076165,18906.023435507672,12802.858221957107,13700.347780285312,16624.7095034881,15964.054702176158,16112.785022908587,14538.75622795445,16077.971272821038,0.0,157.9549781337414,188.0968075403248,136.86607850304975,78.02423990829374,36.4744723467532,9747.737341865915,12990.53072493513,2.2635993836727266,15118.04639253997,10490.031132815857,15275.633109052289,12708.992533247083,11897.90819014421,11561.864939843608,16060.905224976848,13024.321601291796,14922.052663656916,12241.532327825473,12356.81410475249,12321.287807929435,12454.069686606636,15622.828724850746,15064.997431135502,15700.70156954013,15154.532496824513,15689.278732090756,12860.309392724856,14940.30902753674,11758.857735211377,12236.210956765757,0.0,147.48797456922262,178.5750175671216,126.6202224964942,61.20086397333854,9115.193252442494,11675.204064783751,6.786639571116089,9250.198127502535,13360.10503743304,0.8733829971300225,15149.701212042375,8785.796691167363,7216.501896016413,9058.503957378583,16766.432175697937,13251.868203854021,13916.858406030135,13225.294183501717,15222.219066832236,13189.206594253134,12859.005776694405,16142.631937020727,17016.392399385553,15101.149311200224,13160.205840455345,11858.131788040566,15864.528037984848,12282.913570972174,11953.503318752899,15567.28010149468,12255.74629498237,258.3110146064023,354.4411201560704,196.56255495558077,162.65450552018584,82.72417450219584,9755.312221772569,10449.007451414265,8.314321473610336,12157.215120970684,10154.911252106589,0.5385861054748116,7869.489106341465,8203.75072132607,9785.789007438487,10412.045003513445,12509.387167036157,13415.857544685117,12148.23999078375,12126.536861390694,14031.963266393625,15613.876583895026,14988.553237655944,11993.174577166037,12477.540757499346,14642.59107747668,11718.946506793876,15711.093862618047,16739.688350366006,12527.356638568563,11663.947687424663,12397.984607881548,12110.472106729465,232.22817904142698,340.88231496227246,210.42059240986455,157.5827459673554,75.68947377848568,9817.77808498667,10289.456199225158,6.438182575726299,15061.779302681383,13386.353290158011,0.523269636849847,9820.54840758341,10255.057416225414,11774.890470389693,10463.93105242029,13170.48283148748,13104.74385149511,14595.475144164533,15057.301105942064,15025.534684886403,12440.368892673301,12428.898183373502,14915.842482379956,15240.252812943385,14792.659356311053,12518.219371421084,16106.544977737654,12795.16637020161,16027.973541829942,14908.398225604586,12556.210808209176,12800.24936357122,226.23271876788857,274.5185568829691,226.95595695551305,167.42895195671295,9240.345471328283,87.15420257903149,6905.082069632951,7.704614775362874,8372.380373939011,12081.755467428555,0.8016852076975416,12440.745148832211,13552.69831973793,14557.92830167512,15329.382107481611,11190.262200330182,13479.01689313825,14691.539538944122,13657.155088647518,12281.690765337651,16435.378845398063,19037.862237538688,14949.302414653579,17124.101383669968,17109.48524887971,12614.036809636607,13056.648813175643,12954.541832907069,13029.46750592187
29314.233704731472,193.56452771720953,22370.874406205276,265.4139898731439,19381.097248979797,209.92610364358566,15955.44583721401,111.14111548955006,16016.472741062695,50.90558446846415,14512.95716870214,5.940651436870365,25276.75265668883,21641.595187506555,0.6099581422864547,17768.159994807254,15969.808887278563,18857.969581429425,18870.026813443743,18244.52853533387,37904.033192578354,26997.602630676614,17647.605292469292,21462.288878887135,20303.971585107807,19891.919751539765,18146.64154684268,17123.304325635996,18234.81172830665,17646.43456392258,16287.041463741774,9416.793672412063,229.14959481095752,220.6001306658201,202.02557802275055,125.58027467661113,46.428473347413956,9511.201116653127,4.782088155696766,10495.743975098947,10044.931128950348,0.4062954027172444,13107.39396527007,12598.258846217825,15175.04749609232,12270.483775805837,13432.247363245968,16597.846658383172,16899.918788540293,17084.795991271792,16902.890165700323,16014.744986860997,17526.412517649333,13673.420579986956,16395.998638153058,13948.993684890065,17467.83734048594,24089.608063103675,20981.32228285144,16586.78201339285,15065.431798309502,14397.448687785089,15143.202899109056,146.34267363395824,254.669144624163,196.38870910537187,105.4729017620164,52.20915835387652,26.37972760970013,10992.727748649906,7903.588231307998,10671.549457285826,0.4191237483981241,12617.122555531048,11108.807498280661,11853.139931366064,14909.215792314613,16358.05933804639,16471.84305759517,13599.09111707471,16775.621619557896,21624.10584504603,24425.030089674598,17760.02983891807,16221.031363125046,20348.345378512207,18698.52072571375,18272.570110503155,15549.89409710017,16582.43748514033,18600.85749695216,17601.903397545866,18798.599579882477,175.51162293960846,208.92615518079242,170.85219860569987,98.19972851288132,65.93808200436385,10061.06697448318,12614.472591777288,4.782931979535737,11061.591724206839,11987.354346887909,0.23987751279389158,17106.629937459074,16986.157109780084,15738.157006859847,19744.678921296145,18799.718936231224,17346.285851436318,18926.39701248826,18023.591090051425,23482.979288260358,19232.060190244683,16758.67628949702,18554.85280544112,18716.855326335473,14568.576672233554,18518.370176928445,17739.47461039719,21303.254332620378,15325.171360093831,16453.92403720352,108.9008991884668,180.81389785897943,149.85166033704712,121.42917075983353,50.814283441607,11253.052060533662,9985.5155326415,3.7794701092771428,9605.483695492912,12580.268512435876,0.3806986849545706,14290.658767601835,15430.146137556541,15363.42059445731,17019.62057699974,17204.916979207483,14022.727792776826,13583.811680003846,17447.022502952303,16497.516497889246,16300.886863309253,14904.238590179213,19693.636772144928,18564.66696674494,14815.656183928873,14882.730081765967,16364.840483418755,14238.04238504276,17244.72062895715,14093.724610139494,14629.63856849599,145.2108061412071,205.7032955822717,209.78132120833095,128.38163199462682,72.58799766370525,9639.642001719472,11674.615433397006,5.691525503810556,10074.025704787424,14295.514886124773,0.4516328931310029,14158.954406498413,8184.68408022448,9486.810252327767,9425.595257522049,12730.000409080883,10850.638573425851,12230.674296242198,20586.94468349717,20896.38776664549,19193.40416987624,20752.551031871957,15634.633987944955,15978.313712797813,15191.892636340244,17881.048762617545,19374.844375627654,14596.091056975152,17263.777511669883,14989.483843276243,14500.967484058418,0.0,81.97344605321359,116.36613215115491,86.8518507016988,52.07950211340137,9197.827675802717,22.84479672529175,8728.265986769822,9774.36354071797,1.9881139646483021,13741.519592098928,15007.751856029983,7346.689014315613,8242.485562789527,10607.22655253238,13863.454803920877,11441.215617308553,12087.657875675977,12961.220655660134,15864.705193449556,17375.618788390868,14201.057168196196,16999.78469931078,23111.659050956256,22541.370581235085,26493.959726558856,19330.846049280244,20805.069326303743,18781.806447111885,17092.478675963765,7366.66797578255,190.209805636749,208.38384661665955,212.3253129014455,102.81777555500602,51.095088939009436,11603.792577136835,14654.309121411687,6.102178651825336,9870.683569020439,7884.237505131069,0.431043578938335,10882.883460830413,9705.210646944639,14965.129959473199,20785.94993777513,19238.38352639858,15769.239091557549,18287.288598710093,17498.25187554607,17913.165504411445,15691.197558564194,17379.910652850205,18308.999955154224,17539.655830759642,18520.763249165302,13586.693937835264,17397.48487456991,14165.161629652943,15303.991801114757,13702.494971917951,16429.914774992594,0.0,99.32923314992249,141.91781509834584,86.11022670612151,49.655785217098504,23.8358160043361,11873.418655564383,10974.3774297742,1.8578921653491505,16260.778431450975,9604.597474682596,8601.443840599815,9121.095696783448,10430.395351110397,11436.088316956668,15041.786020375546,13204.398306201207,16205.681107351924,13634.615517653123,13943.741062709643,16647.12853569019,18668.5268690916,16634.35564203316,17337.2356702821,16823.590427471525,17251.81368377203,14149.93755729851,16501.56371529232,12894.488220245417,17168.574846393338,13905.385275258135,13648.840942040106,169.9564629677179,244.55232752060928,210.73075999616748,103.88070176545436,29.779697898231174,13338.099287993578,17.111719740839558,11569.255860068359,11400.43552200882,0.8292424339682305,7760.389470456027,8952.552720549267,9929.571365366262,14294.753127299648,11528.226085752354,14682.078805510586,15663.371642737446,13131.042718135297,13706.961587493843,17273.886372029498,13371.702242620184,13961.495278717823,13627.588093728084,17639.69336932834,14747.479568422139,17074.53793297229,16108.353124391462,14665.86949373977,15322.408580709298,13638.432497607853,16815.378599976008,11630.983414265947,198.7485897026117,254.23551417787462,160.90406652549032,125.73460117127672,52.44072683064918,11516.378190873736,22.48998755579438,10768.608215420261,11163.206878236128,0.5864172978311047,12175.102623089226,11896.596988562964,11332.973200619208,11842.346995780485,17746.81775568462,13775.38468057885,13862.879323450506,17011.087375797277,17848.53563309354,16549.966456829316,17202.925015517485,14455.120903395658,13851.32085852162,14162.627712226375,15354.54780039755,13801.030597799141,17508.125836179974,18172.008538194073,13972.806512631998,14588.750443982799,18394.488234605145,0.0,82.62253159117358,130.92343910098188,42.68682677481874,29.482486301217925,16.49140236294252,9496.119323452876,14309.819907213992,16109.85089012612,0.2591925579476407,7549.055128449204,8038.435990583514,11911.791370014982,13906.47964636962,12404.42866369938,15217.759714697891,13248.869456603998,13192.901262378611,13955.008644119149,14004.92258935807,13137.799416185711,14401.378109819683,16737.189783742124,17392.954652575503,18487.73551267657,16574.379623065575,20771.700805790133,15311.018067570498,19250.439249237686,27561.121164920754,13084.481184665972,153.48738006082368,259.2298504450924,167.11845590774104,106.19546175322887,8925.73072215934,49.684891194746655,10376.234463273026,2.936004052496128,11956.64142250591,12448.279809799371,15183.902253015762,11508.024365941224,0.1996167706877679,13045.34773428769,14415.05893969248,17396.462622626044,13993.200922701399,13999.197895001991,16377.804017520817,12939.333307352554,17637.018092888677,13701.561068516541,13431.158496074844,17422.51488060669,17718.81158300806,16907.485277864398,13862.43848883343,16900.602202672173,16500.26822727599,14390.73657060392,17649.695140037566,0.0,101.25181586827303,130.9555191331165,78.35015482863562,38.05002764619548,11866.604558674708,3.2155381013464424,7706.336298046345,11310.697796183993,0.32389311258308,12737.986046763595,18863.31855986305,15644.712227294262,15980.291220947272,17441.355647807082,14807.38778194964,13865.473534940264,13920.452259276251,14392.704737597993,17911.450930223094,17757.829135918975,15073.35618778446,16855.569996577833,17649.206723236875,16347.064340355539,13991.225151844325,17625.473520182128,16905.45555688816,16714.077008869583,14518.487019236578,13978.804218885947,184.21647333929994,255.9365026613794,165.1830620467489,120.83467718948246,66.1662354135193,11359.136996406492,5.325917212614562,9766.295458417588,11377.101806308132,0.5664841372846641,10424.631159723534,14333.272144154716,12272.349242165381,27762.539325992802,19615.868093210625,18598.12735877605,21449.39789139201,14402.641731696302,15386.585988678058,16269.064096932409,15951.69482534932,14783.050533559963,18415.65827564928,18012.493893495714,18037.7008456313,14056.536371065467,13694.058593035972,14315.401612985572,14023.551091412379,16595.142982957626,0.0,83.21218642006109,151.06149937642218,101.33400082415496,45.927268006864544,20.133642501907314,8248.757194434702,8085.32540507666,0.506396249817169,11544.585881124138,12691.673616341515,13123.412355956894,12840.23057063158,15234.278519991662,15034.849266713005,15991.293679144903,16820.207332835205,14724.800427719727,16808.762490169705,14328.107252247552,13650.375815795212,16168.48379679729,13300.612240932269,16562.101480408597,17951.740974650867,13554.031712538683,17549.90845449888,16978.801338056393,13359.49199672831,14391.411011667356,15150.471825502624,0.0,93.4075130155335,111.48213789770186,96.6714156184458,58.96613624548404,9956.43514815188,11315.169545743564,5.078697801224008,15222.191642401309,9128.976072124164,0.642700711596625,8925.616942043835,9391.177360142165,11035.581498361293,14625.583308220479,12619.973991217961,12261.560124975313,16914.307938554633,13328.07429095297,14508.540035456743,15532.31784541405,17601.280097130664,13640.547403735785,16899.083690841373,17164.024022724094,13619.651833737242,17304.009154891977,13738.246664805954,15471.863247330162,13985.189883292447,13422.137296583349,11241.639011147528,169.18809449592996,208.78826539939652,161.83246080932105,102.3013137763361,65.89266993584619,12424.729381304258,5.12474282345108,13580.446569909485,13412.308829977444,0.5915348966601492,9091.62586792958,10729.398307238273,9678.935664864142,11078.710922707647,14364.434024129887,15315.581174323966,14909.952729408426,13494.453566375587,16111.299836776428,13729.228963079835,15068.452613427931,13219.08804563774,17800.437415902386,14718.556514436534,14423.047704925586,13673.801178722813,17497.240232176697,17065.96759235203,14658.444290164922,13555.977244543254,17342.335854068588,10715.209165570886,166.9237866560089,255.98479876569797,166.6910563049823,95.19151740825005,66.35729519531732,9556.595888023672,9349.532786690283,5.835571011487941,11482.100403154578,13242.607855831195,0.6080513903114797,15575.899478538098,7854.752723206953,8437.451224393135,10579.933118849984,13088.434337702867,10637.470264596008,14600.3254803655,12564.447413473725,12750.119181520118,17630.17249081363,13248.46733169665,16862.852846100843,16976.227480879486,17178.235552288304,16783.76575164347,17038.993423031767,17059.46023156818,13144.175711733315,17693.272731487836,14118.792372601973,14247.660973933593,0.0,104.070847286364,107.31492313938587,75.94303764954296,43.6720067808829,9118.72312790889,5.967561025755538,8867.969844485988,0.5966752782981114,10032.540878108483,10853.848086126536,20923.929520744565,23324.31761693157,20088.25037789007,15986.692565959425,15469.46893825862,15250.058059808714,17041.68595420026,14447.605102795182,14834.529034773235,14212.926494632915,14966.846270333113,14517.845025420129,14254.529463426255,14376.778610253452,13022.084174953827,17570.546901477308,14401.694623228403,15380.943116379376,14049.401530402241,0.0,114.05092820881012,148.54582149247264,116.3859156491895,46.785865433106466,9844.35774075052,21.633823477415362,11268.050928573686,11935.014501660753,1.3401614447471046,13456.267421337854,16306.880977712945,7752.167371469526,10408.933560213254,9549.372441553913,13428.573019744215,11501.955026539288,14801.304506538216,12820.166523857086,13866.302088057684,16630.79466443624,13834.983896170315,13379.302288600351,17285.246059378223,17039.890134895315,13594.804929418327,17201.404181841863,14084.19537018205,13411.786861754432,13908.590621645477,16483.802408545187,16167.377558696526,0.0,82.7000090332753,142.53667665678591,82.63751328999862,58.7362044769582,28.503092621635652,8860.834596051147,11172.848152142984,1.371283558267367,9405.744855090377,11018.665430756979,11098.645987770073,7246.184093512283,11122.876681402413,9818.863748504898,13361.2200164059,11582.098152423989,12430.936360113668,15189.649551225582,12893.211093644872,16886.170687933463,18281.20117947081,17010.309237172,16842.23011725113,12928.255006140287,14450.657128666828,17857.81285189327,28820.910982261696,22052.11270799394,27701.265061565788,23161.680385080188,63.15264331379298,151.95560792856895,139.24501929252582,88.53110724256194,61.453150886925314,10125.745186816546,14325.288386619333,4.904374839651627,11427.310449082777,9578.245771564396,0.40227752408896056,10686.39753517964,10141.353986449676,11009.135446110213,11905.476476278141,12727.301851294833,15582.136737403905,13106.783808747794,16610.450760074327,17784.249276575774,13691.334000187306,14437.976621095882,16777.93639365974,16950.883861500504,16751.30239599261,15915.67855675975,15690.562492913532,13366.880398440244,13433.966696385432,17646.499914804124,17140.574162258086,10808.877424732644,195.84380087170973,262.6633915632803,203.08805320306467,107.19246567260416,69.62456145214536,11674.045623300182,6.046924066774145,10666.34253576977,9291.160529320297,0.22300915492173315,14725.15042391425,18102.518581536737,14240.13995657017,18199.118803952628,13943.466143293446,17913.77723025213,15304.648269205098,14539.627098500903,13723.138891986997,14099.327745905897,13967.84125717642,16769.70355549218,13702.558386673049,15654.112335801634,18152.86007993092,22582.579984021275,19763.635308287434,18826.895655182983,23250.00154069582,21883.021287924777,101.35783022601531,171.26361456919724,71.00918562848234,66.81926378841496,12180.543182867867,46.22545987885462,23.000116848828647,9985.965678963756,11564.471587517824,1.0360211356179374,10292.253945458751,13885.253549627076,14428.959172960247,12351.688063167838,21535.531827970844,21035.59053823077,15662.772268760724,18831.14402435948,17972.815264901987,17851.184880184377,22480.647763079916,21958.926151788866,20825.11834529452,14140.577326191984,15155.958783476653,18408.614574216565,17688.51992291403,17849.543902302426,16128.076922057873,17847.629259979247,0.0,114.803335217657,142.12239522624776,105.07412943328683,60.427107222260695,28.51698216460376,10001.187685006342,13698.469627494289,1.6999713894270538,13602.922172496981,9008.397621638134,16993.626973037277,14137.559473681093,13233.260858129597,12856.548475142996,17858.690746130684,14485.256581486408,16595.336414423407,13611.794418748992,13738.251151073264,13698.137065247365,13845.756729868039,17369.391729349827,16747.66556094635,17453.536395495656,16845.559033825153,17439.975211043475,14298.656477158725,16610.569355090105,13071.622980792614,13599.453816208103,0.0,107.08258489531208,134.78004259337646,97.11594178152323,47.36919199631937,9445.404006383835,10760.134282285695,4.993287029215394,9450.660182725478,14089.339901384135,0.6311016844026929,13812.100465027124,7371.652950360195,8257.018161600263,10277.434311180932,18519.56726884597,14659.023125403468,15410.199042984923,14672.342317990484,16883.171086604758,14628.329184444618,14265.9763939347,17912.008167379696,18897.923794662573,16783.576497247024,14633.300114032249,13185.477746307006,17639.618661146687,13657.25541415439,13288.636574898275,17304.363298621713,13805.464105486328,190.25230433280663,271.5011879189728,152.71474262879755,127.06302756994805,64.91502353931044,9974.858290581586,11008.388527190913,6.180647884309466,12979.929618299182,7780.057443076382,0.3926216770209148,8815.709018128391,9313.442431592124,11040.487226176068,11713.132647962295,14010.985157245414,15000.409250915995,13560.743746809956,13509.624983678605,15610.628253274399,17370.22046575996,16672.7496008109,13338.44604693877,13875.77722808146,16286.425722902546,13033.845711642736,17472.283269306023,18619.85904312552,13934.999401421497,12971.883973073387,13786.29580388974,13644.27447665524,171.35804928125663,261.4574006761801,163.57639415822766,123.18943248647435,59.41082246501812,10271.994663063897,10742.910549397948,4.785413372883105,16011.601223774,10051.58172604471,0.38127337368839864,10736.40928724886,11653.800776322332,13294.483266290896,11774.951779510964,14747.303544725844,14644.032260526523,16262.055076836907,16750.551952821974,16713.174822879013,13836.213745751129,13823.044663875538,16586.100332435562,16944.04552622837,16445.67342156051,13915.760161301894,17907.963691826873,14228.996049758367,17825.82742825199,16579.606688568045,13962.23998115993,14422.732764877748,167.19936736869454,210.9022847789937,176.69264026097295,131.03105767251716,9507.308657225502,68.42913847322856,7806.684901336139,5.719043283965338,9504.151989324588,13620.248748773392,0.5824833065538002,13980.657846620405,15166.454562298213,16274.441728052701,17117.82689247957,12462.098874579007,14994.139187270965,16341.280230292434,15188.101124483415,13657.490272215235,18008.444383694634,20941.426115158076,16476.697029067996,18931.302762032607,18930.93618901484,13967.578910468203,14465.531284305465,14361.18799580317,14447.062000104806
31463.775670029052,141.89170328853612,24262.11057747595,202.26709918978747,21139.195803709717,162.28278524646538,17470.640171792016,86.47713696901194,17574.96402726955,39.80860627876089,15962.438560529117,4.408535881330696,27507.92334709195,23653.54284351765,0.4435000239500115,19478.651834572032,17569.973097803617,20765.12174982996,20811.685288763852,19884.894984106893,40683.444410423996,29279.982912538337,19238.69008433264,23487.17410249363,22271.660425921666,21635.137705416564,19813.336463248015,18770.503536883472,19825.9330000126,19264.07179185698,17845.909311475833,10628.963633704287,168.03732793430333,168.14246290023104,156.16294100414223,97.70910682544638,36.307480443591935,9853.714615601404,3.5503574085685865,11937.635637952932,11322.2454053584,0.2957645773052812,14705.641973654992,14083.709248939258,16884.995390346397,13634.427637540139,14900.608780687973,18370.55934611611,18698.818105622475,18901.758201538018,18698.257771684603,17711.096416350665,19381.340390612444,15120.562653530198,18128.100041850368,15421.108340678353,19313.1696221444,26289.193546953702,22987.0256065718,18208.538919268114,16579.809276759646,15853.45286296225,16899.20070213891,106.8406676169433,193.40676813320252,151.4741736211408,81.91287604619974,40.75740641922397,20.760798544427335,9409.287794837606,9035.501826809033,12091.700857129896,0.3023892543390737,14202.566225812963,12432.02501727229,13228.879328550405,16583.79120841693,18176.363736769952,18277.303758800455,15054.964359367663,18561.74368409609,23423.49861601107,26591.057887406594,19424.109944855296,17786.408241818113,22386.202572300786,20590.06382084892,20154.553598752667,17152.968763289256,18291.959445232013,20274.446113080292,19266.037035920257,20695.66628589609,128.64253759234424,159.19760788291867,132.06165623331492,76.40030723067431,51.557921868124296,10469.038234472222,13428.182398762492,3.5547693808585943,7707.119732894193,13348.155464171674,0.17170599932664338,18719.41900673292,18628.87733615965,17312.6500146668,21740.923547865597,20728.44254803531,19137.894012138535,20889.883568700694,19905.40450708734,25610.765851961736,21057.324836546188,18384.45227253373,20412.12761365894,20607.659139378597,16052.294007451386,20420.124070258284,19330.934692177852,23302.559746065723,16800.29578693752,18189.495811743564,78.9779146052641,136.53455355707152,115.16706211338493,94.09102058293267,39.61163566465548,11675.056896274202,11370.23933851417,2.7350159299430707,10837.063823951308,14109.041145811258,0.27306331112404836,15971.48539581497,17166.608117032254,17072.177356635362,18885.12257296667,19059.394171721935,15516.243286270263,15029.924534672087,19043.40454443127,18070.192340048223,17885.470938342187,16396.099892419796,21684.0421685156,20465.408064749896,16340.134377911065,16417.025261452014,18059.646190293573,15717.6231152923,19035.257558703655,15555.853867002794,16344.407090089297,106.15783884951728,156.43757280435065,161.99196277113282,99.7968888369196,56.69607474418097,10036.607301163203,10961.122724963976,4.220054130906131,10363.5982498359,15118.23709215254,0.32187264142590005,13249.8816982527,7387.621806205315,10826.787955943659,10661.81230251651,14317.323150595177,12139.588808278239,13634.905187479078,22543.108182110223,22706.767404254446,20952.025186008887,22744.74889019813,17182.689919514327,17591.85428500201,16748.904556304966,19719.159918784335,21383.128771727334,16124.454563583105,19076.302903023294,16563.23095921622,16028.02865471481,0.0,59.20980692345155,87.36686921063145,66.32876890871536,40.16296649831796,9292.664218199849,17.789668996968818,8714.50710030142,10078.191331144075,1.4870060404118541,14621.687493649191,9634.186492007773,8081.734511828338,9353.884025552901,11946.757058588546,15515.962047102854,12771.512026106402,13445.617784179893,14401.944401917684,17595.761225324102,19226.918787432256,15713.472980828163,18809.31416917255,25035.776145988213,24536.697813486913,28722.386168486864,21068.88335861517,22567.105236470466,20480.58917027552,18712.683302803354,7948.192519142762,139.637324246845,158.9895107578687,164.23069913872,80.03352487066928,39.96799594512498,11215.065565592815,13971.50650778724,4.532017410179316,8879.428064190177,8998.977394669351,0.31378430450632233,12304.10947092792,10897.460350619174,16733.617914897757,22785.751168280454,21152.679386112148,17363.01168661679,20161.546600238853,19297.012810257,19756.366362858174,17323.1213198776,19198.49299131954,20232.478225796363,19388.76427277052,20480.92936672256,15026.972076876695,19241.030062814814,15667.310939036599,16928.551358265697,15156.581970966066,18170.242793816393,0.0,71.73529832027934,106.53236582045311,65.7492027066796,38.28342803476603,18.55745078339488,12323.852947964604,11605.978780185382,1.3902550821224566,10927.995162837558,9895.231655041722,9787.98013272923,10290.569360582056,11696.439540781668,12782.034215899124,16734.061041319397,14676.29951155155,17989.39576402902,15107.450627339924,15428.913592022916,18418.85618475423,20655.684361144842,18404.434810614228,19180.20183821679,18610.535084493626,19083.139730099225,15652.89588383518,18254.303788267523,14261.388040225147,18987.863311092948,15378.88597376226,15274.342109042062,124.4440015761876,186.1881755251974,162.78013862407155,80.78980999955046,22.506404628974423,14024.94713179084,13.11961153710597,12327.067894889828,9378.351034346724,0.6168118834900718,8879.326538252339,10152.147316718841,11182.081710892408,15998.670615145464,12873.198484429708,16332.14787230304,17401.208486208354,14561.084126295342,15166.98759351312,19113.05932723237,14793.778202683457,15445.245184654901,15075.064233685758,19513.845191829078,16316.193462405981,18890.78488992085,17817.74596870609,16222.690665602126,16949.902798667572,15085.721288649902,18597.240204110236,13017.214631696326,145.6303071423912,193.66551390005688,124.32363449831314,97.7669081156234,40.96593243126723,11779.393006464159,17.698310090699852,12222.088498872767,12570.12641670117,0.4231627034484457,13625.913840531339,13274.840395578109,12602.49701772047,13139.235403269437,19642.244894511496,15242.556457233766,15338.503227907257,18821.550590502957,19748.409766397715,18309.66012449515,19030.16130459368,15991.33058957564,15323.362041120736,15667.752852215504,16985.911404133793,15266.046813669962,19366.66010126601,20103.711929451434,15458.809706219108,16137.38522297791,20348.28832330736,0.0,59.58858501530979,98.12815630658272,31.574208691441516,22.254013831567143,12.665124115525794,9886.551351511653,15232.723547162903,10370.390568496956,0.18513828764714968,8119.114301982147,9124.329541929359,13418.016678275259,15573.609878198606,13856.21228877317,16929.408516482745,14723.292921602102,14636.405119104522,15452.4429708411,15496.201537154115,14535.557796319204,15932.620721798135,18515.92503175913,19240.37524452572,20178.807224341457,18156.67305516504,22796.865028346376,16849.441531596327,20960.631163902697,29880.23101423736,14493.268282390964,112.23151183503673,197.15247175975045,129.0415460955481,82.57980545909325,9267.599992176954,38.85068022720144,11799.70229362585,2.129154060295593,13477.04893857562,13946.371635786376,16963.637104052337,12802.516997471388,0.1394579661110976,14498.736958333131,15992.285416306448,19256.681176467806,15483.571604530249,15489.710545629996,18119.1923215443,14310.46515944773,19505.207744260148,15153.46329239658,14852.660485456072,19266.446628567533,19596.406538300707,18699.107075730684,15330.808254698457,18689.296726667268,18243.38484911698,15911.730428892135,19519.22759936947,0.0,72.99377338334781,98.1093385960604,59.739936843723584,29.333589072634357,12324.944899136963,2.314822933009746,8787.919357507508,12772.215931495668,0.2322525759416025,14294.621215029581,20693.267998901734,17212.301969086475,17596.200896136852,19225.23766968715,16321.870565777723,15287.977046104194,15347.15468653974,15872.225961258075,19764.78714214654,19609.076721842983,16652.77999409082,18622.928831012963,19501.002121640213,18058.77307664985,15453.111931561596,19469.750829266315,18674.392320351515,18457.845624572405,16035.465268430215,15626.05078703521,134.7009766299721,194.6388426971978,127.52643618384275,93.91061848017408,51.6581639054482,11777.141973135998,3.9457841605312765,11120.619306019626,12819.195496157892,0.4111753692057376,11671.047821845763,15999.834605476175,13651.596971973946,30097.666931214088,21382.01031299208,20352.789850183635,23530.225478250904,15841.10537081358,16941.88264907575,17936.47495428666,17591.474941577268,16309.915373839662,20332.474744454103,19895.919945555444,19932.67739890548,15537.627411389169,15138.51777002207,15827.7051801891,15508.378676607981,18350.73953442705,0.0,60.08130776769591,113.36001452921823,77.37047307351888,35.418559942718474,15.695523413267697,7687.752701147016,9230.733355774131,0.36338105309497315,13069.186626131632,14280.79971745992,14683.345826959487,14324.970464913285,16946.702742296533,16702.95212398257,17718.701302004756,18611.07649575543,16290.77791697666,18593.05747033928,15849.990158873412,15099.84642738864,17881.11990957211,14707.681104791563,18309.08388967894,19847.254054336714,14986.592088352014,19404.803292011216,18774.172419592418,14769.39327036453,15912.476153361407,16755.275683429794,0.0,67.3080954843985,83.48964031223208,73.69984197868635,45.42868809888325,10367.192859883478,12048.313338062979,3.731142608247153,10012.148526705616,10100.2775619037,0.4636004932026247,10131.041095235445,10578.67540932847,12350.940589145692,16329.062192310992,14039.13812281652,13626.87806516956,18769.86757100666,14758.235780733481,16053.585371724583,17185.86583534318,19474.556592842786,15091.21495473228,18694.548489161098,18986.030962328816,15063.952374104285,19138.346942847962,15194.036321553724,17112.582167416695,15469.27601725498,14845.492341703952,12580.879778574992,123.92888776131817,159.0078284356002,125.0364906687207,79.55158057472804,51.49702470773461,12966.021024931635,3.802519267858347,14462.354185938186,9547.127868848818,0.43032552773721616,10411.074760804777,12171.07879757889,10898.238184523263,12398.71847165692,16028.581049392147,17034.968324861293,16557.37582259559,14948.988708540603,17826.000082045743,15188.660268738115,16669.8437754385,14621.876669594718,19689.391557237886,16279.390769726768,15953.598615352048,15125.311652340413,19354.61896135754,18876.98096276906,16213.450656244255,14992.99921383106,19180.03711072714,11990.84411946403,122.20267772719535,194.85838322193666,128.7534094014418,74.00739135218186,51.828587533712884,9925.347327440748,8842.0018212416,4.328148110894382,11834.674358352393,14003.376034671337,0.4420038932231074,10880.159710273365,7946.52514742328,9611.935202464005,11952.043351475468,14709.945650252015,11899.234093508847,16251.723944279087,13964.259273515752,14145.175950778541,19517.59983175979,14659.432110464677,18656.21147878796,18779.384727492783,19001.751083669296,18563.605812198148,18843.09905173925,18864.9676763676,14532.060988067306,19561.494311352537,15612.416333884365,15756.217537154329,0.0,75.07076918018093,80.44998626632547,57.91693644491533,33.645193427504914,9394.420498900408,4.383779527801032,10067.76189871314,0.43091012641402004,11302.699775462916,12161.715815322263,22735.664703544113,25462.442707109996,22014.9892568552,17565.978601444207,17030.182738526793,16808.181369109552,18790.047309830465,15932.769897762866,16365.292530219625,15682.24657992125,16514.10593193254,16020.037561888674,15733.341143647467,15871.99951596498,14370.70120531705,19378.493527337814,15879.210779934361,16972.4422619355,15509.379188409412,0.0,82.40717368168653,111.56045740418588,88.91802378831758,36.11040789907972,9919.328824373775,16.860569877977998,11207.457717727086,12299.04259477501,1.0058663118582465,14228.459381448547,10802.032157727584,8023.091525525624,11832.799262338161,10759.794038761964,15054.677007925113,12855.652966667725,16469.138460908754,14248.46818784944,15388.77646478726,18413.302997127084,15307.419424054251,14802.18651095422,19121.739173305345,18849.27767913654,15036.977631540345,19024.8651736974,15577.758585461917,14832.982816975222,15381.84902211155,18227.62026496644,17875.327039636293,0.0,59.70322074867076,106.9514608316088,63.07783005665908,45.2718657232297,22.192451729105183,8741.53242594319,11209.319269790394,1.0283207286046736,9816.681926996027,11735.827940709973,7900.220145505327,8267.60880353954,12620.901663546816,11059.681480863992,14953.668361485621,12925.152131534924,13827.461094335924,16873.8288722702,14285.958395593885,18684.252090749706,20227.624241066722,18820.958983658056,18632.576680508024,14298.734325575337,15983.081903865013,19490.172756218508,31291.961412763536,24066.419260489176,30076.319167175327,25288.06931564399,45.21016407686649,113.43370627784226,106.29721892737166,68.29186721739825,47.74370827922652,10585.467959819345,15260.367297655219,3.62684981088291,9056.166988031395,10961.27418249601,0.2924753833861046,12110.675106363851,11413.513711073965,12320.022815710836,13283.448483228249,14157.68016261882,17316.221907137802,14540.865107540825,18384.509613454255,19678.131868252618,15148.697889981968,15974.587714191839,18562.633352282293,18751.85223531976,18528.923995639656,17601.53643918048,17347.319153726716,14779.66027185068,14850.235149294036,19507.86545303731,18950.43664655774,12091.960872791879,143.32220744603754,199.90437124336734,156.87046518167944,83.35007840642022,54.44379241262946,12159.157790041076,4.491627573931827,12135.728342231641,10480.832404750066,0.1573836051010702,16204.071160614818,19933.132420976657,15698.1148992546,20060.503979738114,15372.527255718634,19753.44212874948,16886.829610163142,16055.378227781162,15155.949188323722,15572.50973039592,15429.394767100745,18530.35608239439,15143.860040697798,17304.43840557286,19807.658848181083,24739.44835648052,21696.00603701199,20716.936871023998,25309.952237442678,23953.296731765262,73.1693957022499,128.83238944595723,51.80513762481239,50.10934000346845,12689.781661000134,35.234484017762725,17.773106343027738,11382.70643870847,13062.460100210736,0.7733416905770459,11559.133155514377,15529.399371183734,16062.98058545551,13727.041699445841,23541.266757611265,23060.6289198523,17220.241861907372,20733.814710617407,19805.207263239477,19680.746759620935,24495.92989880726,24026.140989118856,22836.963570396943,15544.75404873589,16685.042562892442,20283.415467646697,19501.410326090638,19675.17495467305,17799.820167769234,19709.660633397936,0.0,82.91909263313107,106.69083990125652,80.22131451522986,46.58897265046139,22.21392932263215,10435.483950719738,14588.936619103186,1.2757247076854348,9608.299494969455,10315.7677709508,18803.150588030076,15642.197643327423,14639.618068551103,14219.925464260114,19751.828399134418,16023.831356322484,18357.518844183247,15054.733372415738,15192.870893853718,15147.895036218848,15311.138196533613,19208.480260470908,18519.397442627345,19299.106874300523,18626.009374512916,19283.250922092266,15813.232349250971,18369.313015912645,14453.841514432828,15034.679591329219,0.0,77.26942677950802,101.07709802454957,74.08061830418491,36.50155335832941,9292.2301171318,10778.446694164655,3.6689879534675125,9832.608687816002,15006.09790197489,0.4558830791807305,9669.543979505988,8359.601455769016,9367.583181566191,11573.282074354885,20359.858223789044,16137.166278109999,16979.630290363508,16194.499275308455,18630.1089795091,16141.953753614573,15745.975616303971,19773.377968636105,20878.095321110166,18554.840396011627,16184.525331344468,14583.224353223583,19508.821844232425,15104.462736644931,14694.43853566355,19133.30583882187,15447.416776637034,139.07661539814728,206.42031644253282,117.88625501243247,98.73020709845663,50.72000134051651,10381.34895732202,11717.803667872948,4.5893324220717355,8312.91012980683,8235.078850039436,0.2861739949585697,10021.6332982877,10493.502356816573,12370.8446112375,13090.79798688435,15597.672698783126,16673.387735779983,15050.911980901732,14967.386014352522,17273.427340774222,19220.152889111774,18446.59883812608,14755.210500359732,15348.252664882659,18017.689701469793,14418.643348609758,19327.012750298818,20600.07468392841,15417.573580967546,14349.308657177171,15248.268159886016,15269.502299194688,125.47791131521794,199.04644973404285,126.34769363982689,95.79373362729746,46.43442852823184,10582.039635041754,11357.758721335204,3.55302698471589,10415.650415614959,10470.08521771884,0.2777726284946881,12221.404811411316,13141.936322490088,14906.271714912698,13163.32671896945,16413.255596209638,16268.774326269395,18018.710821314293,18534.004817617646,18490.61524898992,15306.260002518724,15291.281537114888,18344.978897405847,18738.097976863406,18186.220038763644,15387.239382581982,19804.853079250955,15738.954506803111,19719.2262967776,18339.57616906365,15442.870396364173,16142.001824750605,122.61121281680842,160.80536994719728,136.66519610473583,101.99059053606128,9863.382107441666,53.49163755101169,8869.90806571482,4.239938698037286,10707.648538823825,15250.917162476433,0.4231273137759057,15610.39727797508,16870.960978431107,18086.591815927506,19004.923237356124,13802.374360859567,16589.941785601848,18078.78510184657,16800.35857714078,15106.31280055206,19653.390063170165,22935.677236838717,18078.371339204474,20829.143276542487,20844.500501113824,15390.088427131059,15946.582889799296,15840.318655381985,15937.843074068925
33689.364489923326,103.27711788929044,26230.078834630163,153.05569392706866,22973.610849433957,124.68861730353098,19054.55312430905,66.94862648997076,19205.8012386944,31.004677506882626,17480.899724634564,3.2684123703946626,29833.446198184927,25754.90256837527,0.322440489258878,21267.736348238923,19246.523738731594,22764.12284590218,22848.407629011712,21595.864343454563,43561.18610246379,31654.96495533668,20898.43803269603,25603.32276175343,24330.33720731601,23451.564523714525,21553.245648268436,20493.33404574158,21483.59984242663,20952.637548650233,19476.008546743687,11914.500825789484,122.34733747996754,127.25845585792592,119.98328429147597,75.64633459149333,28.2793548805238,9527.408271824635,2.633462981323717,13472.299914330199,12675.984939127173,0.21528913077939396,16395.807632293097,15651.92248657529,18686.20966872998,15070.235631199937,16445.11977269805,20233.196976286035,20588.678718662053,20810.51742934984,20584.223491270095,19492.82541938765,21329.553079279827,16640.48188655012,19947.157099972577,16967.056052543234,21251.142020507625,28584.8607967947,25084.27070955671,19905.924539488482,18166.698562983987,17379.57651341449,18751.50360733348,77.47929726774898,145.85883025155735,116.12405138931139,63.29627048606413,31.688547801491843,16.283484355564614,10774.838307363245,10243.137426192648,13600.53890325258,0.21822188755040017,15881.81529089911,13829.67872231882,14680.13435794978,18347.47173138206,20090.47183449945,20176.63413801378,16584.856324497283,20438.202767147908,25294.79547449428,28849.091812784784,21162.698981489186,19423.878290626955,24521.29316916003,22572.727812206318,22128.76330449523,18834.672448197616,20085.331544706536,22020.116424745807,21005.324120457095,22683.90927501758,93.62330105897796,120.45034783103247,101.45828006592807,59.14258227441685,40.1512528936509,11047.037489251012,11476.240608056542,2.6394812230384446,7619.19724008594,14782.099658980536,0.12292347309237087,20404.84817461223,20347.40730309824,18962.192213414317,23833.281085775874,22751.331722295425,21017.534773496693,22950.25577337998,21880.639951243626,27830.816793265072,22965.323489728045,20085.479473708547,22357.975644129154,22589.429308332215,17607.94629230251,22414.81497265005,20990.74884150756,25391.522344825447,18343.19013149613,20012.07117322038,56.93273552634804,102.39657575206331,87.9759386841204,72.54140497801745,30.75344691330885,11449.828284157411,12844.844288140914,1.9779307817151677,12142.909081975231,15725.45433682356,0.19581565177236374,17745.74097542965,18995.63889732534,18871.016576642534,20847.61591943371,21008.76733384396,17085.32051538762,16549.169378980347,20709.65850438062,19714.454947831884,19543.542127574663,17959.107888789014,23770.24820387798,22458.769054718294,17939.251233099694,18026.57590300074,19837.942148361053,17270.32844158655,20914.21728539748,17090.12995917054,18154.18055873002,77.07826248894331,118.13145670478401,124.31994563098637,77.18004042893477,44.100310939715136,9705.662529922784,11113.98766571199,3.125729759725618,10844.368835124156,16142.568706871714,0.2293894329813536,9303.413931546156,8457.181699216986,12255.253072440219,11974.180654400527,15997.881242653948,13500.861091102408,15115.427409785694,24588.039147831187,24592.345456285493,22787.721801781237,24828.238296517335,18803.811278758698,19282.99406933259,18381.86098060427,21647.182108412526,23490.428327424986,17728.902077006027,20979.28747808702,18215.520356634577,17631.52130221974,0.0,42.52887309606369,65.19949199725973,50.39192533269455,30.842054177449068,8965.287679102945,13.80524096064449,9136.641308704426,10560.583755801297,1.1114968884326553,13788.900441338086,8978.957857707032,9196.578889045179,10535.549306324016,13365.915499097757,17261.49167713958,14174.952860765776,14875.850478070375,15918.577695682272,19416.432346959773,21171.91465136063,17302.40228565,20710.342448383308,27036.817503252925,26616.631752710782,31040.78430363271,22881.72742397595,24400.7550954291,22252.908278448245,20406.2407102279,9053.193039950474,101.77216891133725,120.44585813431705,126.25754634703056,61.98576958638309,31.13770212227819,10483.605866923426,9676.903706145034,3.36267124801709,10165.355020232399,10187.400070154923,0.22840683077860174,13812.530233226835,12158.76184828895,18600.847534818447,24877.385243908167,23157.752474758312,19033.494500253888,22127.22303800184,21183.759966066296,21689.810587823416,19035.76169283457,21107.546417822887,22252.010810911957,21330.520814492113,22539.672759273253,16539.793060753796,21177.3959559307,17245.145715488543,18635.042767606305,16683.980831729474,19998.1617332717,0.0,51.51881418376053,79.49024019601933,49.942643348632835,29.391186299637518,14.398136811853176,12981.055775020388,11888.079321738007,1.039654285378372,9667.202987637553,11292.897407512806,11051.154863188289,11530.563091373127,13034.983115848947,14202.840227120023,18516.52494848699,16225.96077977147,19866.21754318706,16655.80811446296,16989.229110111348,20280.15852547017,22743.322418748467,20263.991434789732,21116.23833225969,20487.652814983438,21006.82553897147,17231.696722374178,20095.490897780266,15697.134841116975,20898.751178255716,16926.575997450895,16991.26971890364,90.4841569940223,140.75627547819022,124.97293728712258,62.51431117425969,16.961846757622638,14910.691508840559,10.031714944095377,8170.355509618288,10441.01704141714,0.4586050499179966,10073.591739229814,11427.139505711135,12508.966386330843,17798.504458200572,14292.360271695497,18070.06879626711,19230.4472304324,16065.023204249725,16700.887813092104,21045.252465435377,16287.700638760107,17003.907056328702,16595.583135095643,21482.59587155427,17964.177899621794,20798.81077703181,19613.32263276571,17858.027421320618,18659.523877750235,16605.97919074268,20468.816804726728,14481.470170957113,105.95781520825756,146.48889426877682,95.47499256291974,75.63672216885945,31.871566617732245,11376.133026973177,13.880477085366634,13767.550339577914,14060.521993923863,0.30543078662581813,15158.369890117183,14728.605145625164,13939.403083816427,14503.495615098065,21633.821949527246,16783.957156444525,16888.7420157099,20723.546882705075,21744.350984546632,20158.238764332564,20949.603869611463,17605.100845036908,16869.724036272328,17248.869156527664,18699.618994508797,16804.948589184216,21318.926328363643,22132.96690233665,17019.88912344135,17764.12271926023,22400.681369685924,0.0,42.74375759271473,73.12230342899998,23.263529519016124,16.73737815911743,9.696450085551826,10435.812813525607,13224.008873511482,9697.551279832853,0.13225092206778816,9249.286128781649,10278.996815017137,15013.888295346309,17335.093583820955,15388.317204377454,18732.257294529434,16275.487873329066,16154.83383343816,17026.176494926465,17062.91270901401,16003.960881495485,17541.20887377286,20384.465545084644,21181.020655783606,21943.872939856232,19811.09079075917,24916.214307398634,18461.498963372676,22743.591103673523,32293.00968838598,15974.069145586307,81.50301710848942,148.88678997628992,99.0332036903257,63.89315995238878,9028.229495930618,30.255991112943494,13314.636482761272,1.543170743404604,15088.426655053296,15529.5598485349,18841.976293314143,14165.987964395516,0.09741124915457446,16028.869070293415,17651.37760365255,21211.370323617655,17049.344915881597,17055.609124010585,19948.54096422624,15750.632165003772,21467.42360776402,16678.467379297723,16345.65018766726,21203.110194183908,21568.536571075445,20580.935286328568,16873.08124928155,20567.945173644588,20074.01011581419,17509.116789169675,21482.853854521578,0.0,52.340105491015876,73.07852918864782,45.32642853580924,22.524125606002542,12061.92823286916,1.665303496388758,9940.501810177304,14322.510932305535,0.16649743282707116,15940.967488265409,22607.919097858896,18854.72314625522,19289.923279504797,21095.959511372454,17910.078747604464,16779.931069723425,16843.445668188815,17424.117825725738,21709.34624930646,21552.09597189747,18310.881111603383,20478.38320384208,21445.159824403458,19855.692993788496,16987.624954942356,21405.777503369474,20531.330396853344,20288.120737526926,17627.806694503703,17365.023008108208,97.82079301798044,146.98396090258657,97.85494919764012,72.61751253126234,40.16698162518196,11574.280979020192,2.9203092366129937,12562.851064152008,14347.314095337426,0.2984073672479635,12987.83083717346,17758.03059567853,15104.277673166527,32527.074240072216,23224.2712729978,22186.536590669108,25707.3669560027,17348.024455317503,18572.04672777108,19685.21511263094,19311.464747194717,17911.804365989294,22344.171550920426,21872.979181581468,21922.284952979706,17092.8886831027,16655.38716445068,17415.93002203312,17067.90873095517,20194.588725734855,0.0,43.14005140834384,84.56381225773491,58.774583614032004,27.2024084009015,12.194260107197358,8797.298852490007,10451.989837686586,0.2607837662768043,14688.313361484747,15963.633095527477,16330.85908603929,15890.920924866095,18750.313601948692,18458.789208074988,19534.684984480402,20492.522772042223,17935.872111162895,20467.340282555102,17448.67055254463,16622.440014466454,19679.95320598252,16185.48235962419,20143.64189688861,21837.881607920328,16491.103360457797,21352.860936718665,20659.756750237673,16250.007324007076,17509.93737728128,18440.849514504807,0.0,48.24360149964242,62.160555831310674,55.90354178664984,34.85588965271143,10943.944597455116,10381.523984291633,2.738119496461334,9489.139178796851,11489.772156305662,0.3343280673948955,11412.790476668486,11836.850014170652,13740.339762276606,18126.357064971628,15533.903260999385,15064.250991623563,20721.980707783365,16261.268695873385,17676.78928663026,18923.036105565578,21442.541868750788,16615.173493223854,20580.640373327657,20899.927671444988,16581.023683862764,21065.07527532506,16723.123569781666,18835.968354344684,17028.186503197736,16340.562821982036,13995.468799005901,90.14096512413295,120.24445488624954,96.0189376722233,61.54931273329742,40.08269785045743,13710.169626158855,2.8186614273432,11654.517980821704,9549.117354927881,0.31301961603961925,11819.892922615945,13703.609188242688,12189.854130372016,13793.0015775499,17783.915609244214,18845.80315987323,18291.106372348146,16477.954274116153,19627.391837619463,16721.793278699723,18352.086406675524,16095.390804255416,21673.58260316491,17918.86732035334,17561.316529380667,16650.026546844096,21305.671375094684,20779.301635887696,17846.831882610866,16502.40002364815,21110.264835992475,13338.20138183298,88.84078736718419,147.28710044030623,98.84627335571447,57.248665281250176,40.31688672161126,9595.447690665998,9002.458915129899,3.2069430918354334,12400.378854064616,14947.134235138248,0.3212678770878801,9312.496492449722,9075.417924745321,10862.924600270513,13407.787398768576,16426.122166783418,13231.695815185678,17991.579191068347,15437.984991524927,15612.642938620282,21500.98673646839,16141.777948382422,20540.174623192575,20673.53316973922,20917.232467779424,20433.122728075024,20737.970198557014,20761.274570404763,15989.588610478293,21523.460911812257,17181.123751783653,17340.670387089438,0.0,53.85778465431305,59.95893573278288,43.94855277189564,25.815208971647188,9075.678211070823,3.216825960110881,11343.650756264156,0.31112374949530247,12648.542639379826,13543.963694667074,24622.613564007523,27694.318154008524,24029.94624798382,19219.641050423677,18665.889143739943,18442.078760772652,20623.768449216994,17490.581388295202,17971.205453467443,17223.82605177949,18137.45795429868,17596.16938228082,17285.12283130024,17441.17557082547,15785.7543906749,21274.957467660148,17428.863316929637,18642.276444000378,17041.51260939281,0.0,59.208579383114134,83.28009505596403,67.58270795284159,27.754544011421363,9562.65741681207,13.095699031627433,11729.033304981665,12883.627488728087,0.7544581885565292,14360.104371070525,9684.558871710675,9155.164952620442,13347.911227693434,12042.420659044119,16773.690767083437,14284.642179549945,18225.991019211793,15752.188048629609,16990.536212982865,20286.536842755708,16854.298085710572,16296.958044550314,21050.930300164135,20749.945308659284,16551.838193020732,20940.16887579785,17146.57465932137,16325.734604493766,16929.256696869114,20059.098654269044,19669.01969041748,0.0,42.86330601338496,79.77314972198411,47.90126096799418,34.74879519180897,17.219977410999267,8105.664126059649,11450.504102862244,0.7706192017689444,10384.494242721077,9173.898411872202,7901.866439366364,9388.51296554062,14213.533174328299,12374.306583899497,16635.74800372017,14341.863919583795,15298.311095284704,18646.53318478557,15750.121422710843,20573.28447189413,22272.491893680104,20723.16418625071,20513.33626457245,15738.24091545583,17592.717568908414,21193.911948195233,33864.631873124505,26168.746129507697,32549.045528336555,27507.827342209093,32.22194867076388,84.12824591671551,80.66076182195371,52.41609752932273,36.94275619414074,11204.960886041046,10710.088059112199,2.6794338110287734,9833.072263499762,12437.534598919432,0.21261520020708274,13624.023323885693,12760.821295006706,13704.628416843541,14736.859581728564,15664.213705039945,19141.77495225907,16049.38218744336,20248.561696630495,21667.819526614418,16679.753345968482,17588.88651788241,20437.514950664216,20643.725491024918,20396.169358500836,19372.24375364961,19087.209790168272,16263.397558206523,16337.464600411873,21462.540574200135,20851.115765079718,13446.98916096058,104.16006266040276,151.0688247212774,120.42999650513251,64.48263167294488,42.39874756981516,11793.152784325985,3.3330995736940343,13699.901188235302,11742.15120501801,0.11106919900507617,17753.748873105014,21851.90276182923,17227.134489639113,22012.50184810682,16871.291969288646,21683.00980275433,18546.82071788657,17646.269497472338,16659.890895006934,17118.87910206987,16963.657845058195,20378.878931632968,16657.22085151692,19037.45274326474,21534.628946433586,26994.674722311036,23718.49058817326,22697.366349173673,27457.32697980049,26117.127433645972,52.53015521743278,96.25917493732346,37.61766123615433,37.3991034887848,12337.671068808053,26.749226691739803,13.6884124514929,12870.841411660707,14651.651573452822,0.5768860896412173,12899.52412572366,17265.517388060984,17784.629930489762,15174.97995828452,25636.2929849533,25178.712575041416,18851.52079255902,22728.03739891021,21726.53026938995,21599.546986112928,26597.706892801067,26186.332495066134,24941.55911081496,17015.388389588818,18287.599118532675,22249.112183778485,21402.725911705984,21589.678180020455,19553.985965088523,21664.06539307711,0.0,59.55616748920652,79.61500969616736,60.93252942554386,35.769985220690984,17.24468827663006,11032.346247912918,11740.41623777596,0.9567029581973663,9578.671730224074,11711.689068476706,20704.203954030683,17222.90704218607,16116.979821408722,15651.995907194963,21740.31818398806,17640.045925800023,20208.59995293644,16570.349188825716,16720.67333309386,16670.561720843885,16850.21408660336,21140.09431821399,20380.19307617849,21237.413005954724,20495.8835188878,21219.105865237136,17404.03700900159,20216.540010004366,15905.513336132019,16541.888282129108,0.0,55.45177509681878,75.3568482939735,56.22338558846871,28.011602149803224,8612.86635100948,11006.888731292247,2.6929003999975936,10376.949970262205,12027.966751870244,0.32923166856861,9559.234234690597,9496.42760985753,10548.1969559142,12946.04724690044,22287.305040527153,17686.29766197361,18625.152148165882,17791.76505545563,20463.03274554526,17730.080301763,17299.003443802212,21726.741340789955,22956.906978728337,20414.941007494028,17813.88149239201,16051.3716087903,21472.137587242054,16624.535538443797,16170.90920104872,21054.107722095145,17181.604308434486,100.97317026301037,155.84114676729678,90.44947884126096,76.33052787678425,39.46846642507258,10955.363823327598,10677.767928419096,3.404458050878645,7696.153515340364,9388.25767459962,0.208569223966791,11304.83739784226,11743.93049699942,13776.861162622781,14545.041020279614,17269.4497916493,18434.79299927708,16618.74469305908,16499.81995341244,19020.360528893092,21163.673853950462,20310.100949601474,16243.46793742892,16894.967067902937,19836.383013178427,15873.339417694939,21275.28230559644,22680.335272774668,16975.079177206717,15796.221739736018,16783.90167587038,16986.155574347806,91.24096819579246,150.4724192001153,97.0030751451769,74.12027118976103,36.14708303374114,11079.506683326177,11323.9599686541,2.635567651165608,9522.362938434178,11944.359167983665,0.20235413491166127,13802.555970156895,14719.464054728685,16610.255816255103,14629.055870795752,18168.338985938863,17978.97004872372,19865.44237759669,20407.65970032908,20357.85596321912,16850.507662976088,16833.608803091553,20192.478177290814,20622.410164848505,20014.299207920467,16932.657035261345,21797.213140009888,17325.041741335837,21708.17014740678,20188.306667091398,16998.10205382191,17958.056543189785,89.27437100590966,121.73544787257856,105.05444697075143,78.98152367206599,9610.373883220156,41.642777395684156,10000.986491875396,3.1400991385615273,11982.87002243673,16973.760708537677,0.30732705526139154,17329.963442896234,18666.217568136613,19994.37856529953,20990.67114211128,15211.088659171857,18266.4246881309,19904.054153606532,18493.92744661962,16628.158350348123,21370.215883824654,25020.61560258061,19754.32534506301,22817.62292719961,22850.17818517666,16881.565359625172,17499.803629657134,17391.93381164352,17501.810727814223
35991.00016441429,74.69004743581114,28274.779177667915,115.05448374772038,24884.34238615252,95.25691990928044,20707.18469476513,51.58662888227814,20908.984375337237,24.056363407543525,19068.340661018483,2.421185680979246,32253.32120996776,27945.6743620794,0.2344195441392649,23135.413535807922,20999.46081006249,24854.972869646084,24980.193834187317,23377.436613376867,46537.258268697726,34122.54875907166,22626.849137559453,27810.734856666524,26480.00192929084,25341.200206433645,23366.369101903943,22291.795852210307,23207.812255548735,22712.13183430234,21177.339169545336,13273.405248667652,88.50761296430154,95.68406285125175,91.66449499186848,58.293491047787604,21.944056021315337,8941.243409089759,1.9518511750822902,15099.736804230755,14106.149730256666,0.15670892505483355,18177.89094118439,17302.89855912592,20578.690331243062,16577.907756785236,18065.780339276207,22185.75954889293,22569.500627659017,22811.073674707262,22560.7873244568,21359.93199597195,23371.050583651468,18233.178279046708,21853.169812519678,18586.83682048471,23281.7545355756,30976.60981262666,27273.057591806173,21678.93887405396,19826.099656982537,18975.819639141817,20700.111614692774,55.84882201425264,109.28857319184733,88.5194770591287,48.68142879004114,24.544290986260528,12.731185777480626,12232.88065618398,11526.495029458842,15198.063595653875,0.15752970406957678,17654.869750789487,15301.76861342025,16206.905019564198,20200.25736121,22100.383631234872,22169.83419523514,18188.767012463566,22404.998868713345,27237.99642049566,31199.13186580917,22975.79694881975,21133.441509551576,26753.61716908994,24646.51269978595,24195.19922773084,20595.00515182525,21962.5537835639,23837.8684319487,22819.764651156376,24763.328547246936,67.70171318260857,90.53460361765464,77.50324941328574,45.56873392950236,31.150213393233614,11779.336063151897,8709.172446554587,1.958296337408217,8707.102015066503,16289.186931314498,0.08801550768553504,22162.91744109702,22141.74701059586,20686.78360310239,26021.751535026968,24868.38645901157,22985.208135510777,25107.51362652612,23949.297422520278,30143.132112170362,24956.056149790264,21861.757893021466,24392.39689685176,24662.16583319632,19235.533526786923,24502.442884103744,22718.917058386316,27570.142128899544,19953.85439376966,21921.65012163397,40.82155778648769,76.31122158288584,66.8263098793908,55.66530435282765,23.78574327229425,10581.761333861188,14409.33038152173,1.4297301400635685,13523.01946956468,17429.508085472786,0.1403983112684427,19613.425506445867,20917.2384784358,20759.938254478813,22907.100616400854,23053.03646557356,18729.95948012889,18141.54621292862,22445.784382800353,21430.304321240223,21275.10043100668,19593.26257928688,25952.25487823208,24544.749936650132,19613.00674949476,19711.382006412146,21699.728357621192,18896.158363925508,22881.59980903864,18696.552886642738,20058.958974418158,55.62044262025037,88.61912283584364,94.85913362711429,59.40346770584355,34.170305863286444,9075.55839414242,11393.863504443696,2.313132775289664,11497.042663108288,13430.674984302414,0.16348691994481887,9228.017486085722,9599.021722977677,13772.205601817443,13362.7003131741,17771.674685257196,14934.455421898356,16672.240963162036,26721.737580660065,26553.121922738635,24700.494017193294,27003.019250829577,20497.998065678064,21051.733065789565,20090.761909238157,23665.115331502122,25696.7430427206,19409.433597243922,22972.73123686105,19946.35203553131,19311.44542657321,0.0,30.396833616053502,48.38864322698217,38.100445203249215,23.59140296589984,8581.240511444987,10.678607914522768,9435.500048101612,11203.49457895539,0.8303441955413611,9785.6790117227,10274.859081559269,10383.431120229256,11787.481405102872,14864.701874060018,19100.043694031065,15651.538121286678,16378.355957347429,17511.12053695389,21326.718558356566,23210.606380175974,18967.84508266171,22702.869536943042,29114.783122750392,28781.17239890669,33449.1541319964,24769.378245362583,26306.018903179654,24098.763771630056,22173.150898237403,10230.08878232456,73.69022545999377,90.64379636324674,96.51095158395074,47.782505151268275,24.166575687966493,10590.633375539026,9489.361841230664,2.4930356168765546,11538.208521197213,11449.505531587783,0.16625679037779934,15408.145747727162,13489.115139953969,20566.81881923527,27060.852164658267,25253.602792337068,20780.68753246886,24184.317911999056,23158.493342973954,23713.498179307175,20829.11867743511,23107.07093236024,24367.597710501006,23364.92545592442,24696.993426817382,18125.156889466565,23206.582553917575,18898.665959008773,20423.466029136573,18284.691554208173,21913.671593358526,0.0,36.81798746219025,58.98721805976483,37.754750433043505,22.476214118362297,11.135068584484047,13825.751860299035,8011.916709997765,0.7770226244157291,11068.911753923654,12782.860088637512,12390.968031976989,12841.076889156666,14446.026076312231,15698.50635061936,20389.177741878313,17853.38211086097,21836.14644482604,18279.687979022237,18624.68761697494,22231.03555783802,24931.441041902464,22213.025514559675,23145.345152410806,22454.943618940957,23022.87111038877,18886.340072915507,22025.125043830547,17201.728622920895,22901.238447881646,18548.455346324037,18799.62377162485,65.37762328128204,105.71293954451814,95.39831662777196,48.14444353142122,12.751090158468504,15517.405525204438,7.651594861539888,7494.71420696015,11873.372095384842,0.3408507112635278,11343.185073388455,12777.529287526144,13910.225391681572,19694.254656464975,15785.711447549727,19895.8415774028,21151.087875409597,17642.859951998445,18308.662246230797,23070.46578663851,17853.46955085013,18637.48089373923,18189.14479795773,23545.945408503903,19691.43288006958,22798.615594305167,21495.08311657033,19571.879760895237,20451.27181795729,18199.206203886195,22430.10840182548,16023.750032048305,76.60254022766006,110.07817886531713,72.90261395675297,58.23988283503435,24.701701397443962,10770.43821465482,10.8516586114159,15404.993737535699,15634.393609904202,0.2205200542228096,16772.470771846747,16257.891238704135,15343.69139890708,15935.127631266365,23721.548920731886,18399.586778211124,18513.595686858436,22717.076252403644,23836.359287540283,22095.70237634156,22961.25271057084,19296.431669779467,18490.40684397641,18905.97662516286,20495.670571522554,18417.7359243419,23364.924517472875,24259.773456849725,18656.044764298727,19468.96293282976,24551.66737374084,0.0,30.514625887448545,54.201059969230066,17.080964874908794,12.547075981273682,7.40227244361266,11129.266800944568,9868.064898669112,11096.495467698005,0.09448231439299763,10453.076899387186,11502.437809846848,16699.40622122813,19190.93076323667,17000.74341051223,20626.30604883797,17905.454311784884,17748.187405379525,18676.209216375235,18705.05610493775,17543.008671714553,19227.142565743867,22342.811323718666,23214.890886349163,23782.932659220893,21537.63282984796,27129.748642946914,20147.190362899542,24599.31906855016,34799.45718736663,17526.883774252,58.8228414512731,111.70152115036807,75.56971294141404,49.20277572697219,8365.52881261651,23.47340720583269,14921.037030679287,1.1180022404509138,16790.774571938942,17197.844448044943,20818.919820801184,15598.437266713609,0.06803229414392915,17635.74407016854,19392.33550173078,23260.530064075592,18690.520856755436,18696.893630143753,21865.849945566646,17259.83432402068,23523.6656834003,18276.57332921997,17910.127602708402,23232.505577455802,23635.201681332273,22552.96990965805,18489.257472582714,22536.547543604134,21992.14402736761,19182.89565143654,23540.573905493886,0.0,37.35329249887137,54.14819409435816,34.234848077526,17.231724084500172,11141.897358293358,1.197416772205235,11164.08365605573,15961.5827986136,0.11933459451990741,17677.024866471074,24607.271856734536,20571.975758800498,21061.458371051107,23053.521172862987,19572.012327429864,18341.335605797954,18409.32520422348,19048.380331000983,23745.12825170287,23586.886886082437,20047.659540322154,22421.933115065185,23481.679831526595,21737.82409177149,18594.7642219866,23433.553542491605,22476.269786393652,22204.902347733147,19295.511297457037,19195.72088210494,70.60017111507486,110.27211641234032,74.65917198366213,55.88760386614067,31.113169271502798,10699.53831566344,2.1594968747852126,14092.990732814733,15961.457603846728,0.21655286635033588,14374.98020570663,19607.86011476178,16630.39134574312,35050.761252567194,25142.650973227792,24099.36758023247,27980.822324647404,18923.39898520807,20277.078224764053,21515.284571965247,21111.66424220167,19588.717510008853,24450.74869504825,23943.67160157378,24006.523507853984,18722.320186206063,18244.6667763218,19080.076138517634,18702.141254453934,22126.690556881036,0.0,30.824380584491006,62.74090606371382,44.4394332516912,20.81276898191302,9.444004010620025,9981.609106068025,11749.09485081402,0.18718490166515533,16401.96608718348,17740.17375054418,18065.952133196308,17538.081950490006,20645.11109894814,20302.36051899026,21439.244726571847,22464.546161695576,19660.08301027844,22431.61092681716,19124.14843326121,18218.156577028654,21564.983686028525,17734.016005430145,22065.775502037613,23923.623635401702,18067.565528856034,23394.081388621224,22635.554329992163,17801.334157655943,19183.79468342698,20207.193318727677,0.0,34.417437583621215,46.033879432700026,42.20743766030519,26.642295591155246,11671.396373616135,7771.042956788175,2.0075097667568196,10855.135681577816,12968.78477508783,0.2410604618167856,12770.86508634296,13165.701174668708,15203.77901775404,20017.467926202393,17104.269405766565,16573.678904337325,22770.647348884737,17837.173036372682,19378.151780173783,20743.828656081245,23505.23592485467,18212.423019210513,22557.359343341042,22905.714150072617,18170.865763012673,23084.194152323274,18325.508409489783,20642.02180811413,18661.92134112072,17907.348737417597,15485.40607244026,65.14998378983519,90.3346295370455,73.31524308034571,47.39660503962044,31.079704924985585,14638.925971492816,2.087632928892717,9147.338431732573,10909.241157033632,0.22768236582724735,13318.080353363088,15326.989479229669,13553.783502410399,15261.56024038658,19630.437703686093,20748.08567935978,20111.144378666097,18081.35026310225,21515.475103497592,18328.627992964655,20115.180507139008,17639.63044961984,23753.010553683453,19636.986166316245,19246.20144701145,18247.945862233864,23350.39747338812,22772.929611707947,19558.58796926477,18084.179673994528,23133.019029864605,14757.280952677727,64.18137465027178,110.60141604445046,75.45458931693003,44.07698756292843,31.24334151910424,8978.321175892572,9237.952951424335,2.3742097567356537,13157.766864849937,10164.267613597813,0.23350189532348614,10664.032745868795,10279.261211065106,12190.419417812656,14947.16526072931,18236.963887297083,14634.855429626503,19819.891220733276,16985.624567501247,17152.520145045342,23580.333204939423,17695.504845449886,22514.7422793147,22658.6728076188,22924.67970461869,22392.316499274086,22723.606863485056,22748.38091367967,17516.75857896628,23579.172532866996,18824.914626299833,19001.019523738916,0.0,38.45415186555039,44.44945246721337,33.19525094619619,19.732917014312534,8538.433343027316,2.3583420777617996,12695.636417139036,0.22459818597062486,14070.06946985921,15000.591724160975,26584.776102134798,30019.943957627143,26133.121351275928,20947.679912897842,20376.58815389808,20151.750234798015,22542.84937235984,19121.039574392187,19652.267804516694,18837.664910207648,19836.902337431537,19246.24048659657,18909.874526384567,19084.306774834917,17267.243731027385,23259.93872244431,19050.652234214234,20390.44566257401,18645.801793352428,0.0,42.329470594677815,61.82680049233177,51.12219724507932,21.249594354614324,9148.559325012215,10.1390818925208,12109.409449627152,13666.512073550595,0.5655460996596797,9762.988586822748,11087.48058090902,10361.924932816266,14954.269456279073,13397.252302400375,18585.614297219196,15788.922665185943,20071.862181447323,17331.32610619759,18671.581332644502,22250.496201322105,18475.61988113928,17863.61688938864,23072.819439954583,22741.89302346355,18139.386613859493,22947.315288143225,18790.643591760407,17890.042224310066,18550.813645918173,21978.237576453,21548.455511040083,0.0,30.623337815950684,59.17803399896544,36.20433063425798,26.568866580590235,13.318996091701624,8150.74534290782,11918.269911096948,0.5771493234814964,11094.993015655611,7374.252850901046,9027.364872967295,10580.64990924414,15900.771213746862,13762.739057611416,18407.458943109545,15832.233516570604,16843.486362960004,20507.762488771714,17285.70017499575,22553.26783136674,24415.80413731094,22716.92484494995,22484.508869444395,17246.774775781763,19279.564123797034,22969.03042782345,36538.92236334461,28359.093315049515,35119.44414504948,29820.954464775506,22.87571928794753,62.02481988035086,60.868516113624246,40.04401376969504,28.47768359122965,11969.903286337514,9318.783203556015,1.9778394729181827,11196.656267112287,14007.02702083466,0.15454839637008852,15226.44218774516,14183.2767382479,15162.95224950833,16265.709771779091,17246.9024785582,21058.79587276771,17632.3350484554,22202.607009603056,23753.312251661162,18284.500368146837,19280.873032167594,22402.58118880551,22626.503628615967,22353.038484576155,21227.80050016715,20910.234402238195,17818.092257507775,17895.655049738943,23510.525278292604,22842.611517824018,14873.962289238752,75.22615936827602,113.41428025485338,91.92508409157085,49.6498400585973,32.89207873316319,10960.637693565513,2.4713444317586797,15358.861073780756,13075.116930124128,0.07838794686221512,19374.18356138484,23858.829604094462,18827.198727723713,24055.112409058733,18439.760284003485,23702.480252266694,20284.62159237539,19312.300907574434,18234.96401203664,18738.435860927744,18570.63049104877,22315.272103207906,18242.64081913041,20853.155348877284,23333.770374688425,29348.25908151282,25831.088961771242,24768.184089632014,29692.125767769252,28374.513393566904,37.529552134884376,71.4748041877359,27.202860803132367,27.79221031291074,11451.459958819441,20.232650841315465,10.509912470687286,14450.370597820467,16332.046007244084,0.43008125594765634,14313.426856086591,19093.607600258823,19593.907208063,16695.50283968388,27820.610509996946,27389.84150379812,20556.609060715666,24813.81208923789,23736.784283353394,23607.58555966035,28785.978745061337,28439.500669630703,27138.904966548558,18552.480348750778,19963.62845039735,24305.70472261194,23392.466679760066,23593.053578344643,21390.574314015746,23710.843539016765,0.0,42.56527340990101,59.086616666480225,46.06242412066262,27.357198300408218,13.344149425195138,11777.177484802802,9214.757816073434,0.717015943384711,10944.1479758182,13196.16151421585,22696.787071039103,18879.687670257033,17665.346116702458,17152.759803947545,23824.160100691603,19333.900289919027,22148.579740682988,18158.641867978924,18321.658468793685,18266.137119122475,18462.984400077275,23164.23390257907,22330.052461599782,23268.45479045827,22455.181466949813,23247.540040478085,19071.070456410584,22152.250337365265,17426.63844589019,18121.07988860776,0.0,39.6026528059713,55.88025691513054,42.471729058383346,21.414474183798422,8658.919293815243,11454.09246348168,1.9746184038181294,11068.51534604252,9470.846938502356,0.23772390812266914,10924.146605558719,10705.704698268342,11798.859484644288,14395.729828817597,24301.907719060302,19306.417276994307,20346.76461639205,19464.13965843201,22381.942384713242,19392.708828889896,18925.05987642943,23772.098283841242,25134.358767517082,22363.87833169424,19521.368597174867,17589.919513007153,23529.565890175578,18217.47381955099,17718.048571053787,23066.76894844154,19008.026700878694,72.85886922083425,116.88897861178391,69.00480640620228,58.73642076802663,30.59660207021009,11681.447541562435,7728.766946392043,2.523444727413312,8807.909542417427,10616.975426305147,0.15200482585625436,12665.321316792077,13064.726852140662,15258.536880331912,16075.861748148087,19026.316435843928,20284.625041407293,18264.241883281997,18106.92680085836,20851.427817631007,23200.78336027603,22263.255935237095,17803.218358146336,18515.920437142297,21742.505658028436,17397.93391889828,23317.09193519889,24860.6408096643,18607.516190139006,17312.62322074993,18393.196351842827,18794.234302114593,65.92771365083605,113.01014490049594,74.05310798671441,57.083996415216156,28.033562395394817,11745.562101951033,7759.210036627722,1.9534844855401545,10899.576475325071,13515.706212696181,0.14741018708767453,15479.862763485597,16386.383973038115,18406.43557031811,16172.139234989867,20012.553713913516,19774.61942788951,21802.249745684094,22371.516600956274,22314.89696556662,18468.956727123215,18450.02646180553,22128.598172090464,22596.98209018367,21929.910929030964,18552.013119339987,23885.043874103678,18987.25775335655,23792.658980139524,22125.79818265128,18627.93495353314,19870.896920195293,64.5832400547809,91.5455261745719,80.28876089736949,60.871323251958714,8916.809317816513,32.293792258109434,11199.920179817864,2.323524759300163,13329.816440163297,18788.77938695712,0.22320375175927018,19139.356341383867,20552.22433141473,21997.801976168772,23075.070606745034,16688.241769515884,20023.587894858116,21817.087385572322,20268.80773291993,18223.026921603432,23158.9218456581,27196.241212383757,21504.559046643615,24896.741714003976,24947.96924120335,18442.009707950547,19125.193503878985,19016.033464587774,19138.964961340702
38368.68269350195,53.70675829882804,30396.21160658921,85.96186623335014,26871.3904138654,72.3861777433862,22428.53488316023,39.57585424994862,22684.513437198064,18.599308717208167,20724.76136968087,1.792359885882657,34767.548382440444,30225.858224630047,0.1704308051118333,25081.68339727903,22828.784311796313,27037.67182106168,27207.04390429068,25229.611793873813,49611.66090912581,36682.734323743265,24423.923398922918,30109.41038723293,28720.65459184615,27304.044753573926,25252.706824154542,24165.888956289666,24998.57023937892,24542.554648813304,22949.90117988078,14705.676902338793,63.65906558168435,71.50781985520128,69.66140742652834,44.727291957840215,16.968687227344034,9062.321934484527,1.44572266340504,16819.946307654594,15612.739778746878,0.11407251021637643,20051.89190032887,19036.637466591146,22562.437377885642,18157.44401429603,19762.59048042243,24228.247063936804,24641.283832613382,24903.426937610293,24627.949271244714,23312.41614610357,25505.832903727376,19898.65183101998,23846.138179491674,20280.450644502776,25405.00716734834,33464.44059444958,29553.386253320194,23527.58192296454,21558.012558755283,20642.18224014422,22745.024724216793,40.04177992218792,81.39962545796726,67.12222317384605,37.27805327167762,18.943704544420754,9.924166088885384,13783.41484129981,12885.574636607611,16884.274934333785,0.11375709152794101,19521.7296054841,16848.294690576586,17809.191313393647,22142.148097900754,24206.099126976234,24256.903930464534,19866.696423266512,24462.131988792396,29253.101454015214,33641.17804647975,24863.403846846973,22915.09789859197,29083.17457209051,26811.418483587808,26353.861368459497,22433.966874172158,23923.62616180411,25727.70213468898,24709.3586280181,26933.924102584166,48.67743864217666,67.6354945757095,58.890861554625104,34.95726565602893,24.08199621806346,10176.482290831173,9130.29075376269,1.4519266867303293,9867.58009659462,17869.417281173555,0.0630342556672057,23993.626806187276,24011.8964586525,22486.42418373103,28306.33489561888,27079.606758183752,25040.9140981808,27361.657128139115,26111.376920917297,32547.71180867761,27029.52281673283,23713.28753047249,26515.391371826754,26825.868713970915,20935.055710904624,26683.00780461936,24515.439342814123,29838.419098288028,21632.288573758113,23918.232656984335,29.13175293099112,56.543896033750705,50.496725045494145,42.5297371253609,18.331867060958267,10627.02886039086,16063.697618656623,1.0331127276332166,14977.394986719653,19221.20239175893,0.10065397274674633,21574.538988863627,22931.406860363633,22738.942390144206,25063.576663868098,25192.20156691074,20450.160180494087,19807.055036516915,24251.78217969047,23217.740460273242,23080.14584863824,21298.563963913377,28230.06219157789,26723.350710545405,21361.400927096263,21471.44357168624,23645.00481807398,20595.112882309175,24937.405129627125,20375.122649419383,22058.74233715372,39.916556008398885,66.07697830806218,71.99229766291728,45.518078334475646,26.38095876334466,9178.166808469827,11896.857740274429,1.7105156297915372,12306.211886612695,10332.478085824636,0.11652998259401907,10544.58385777976,10813.141877487385,15377.645544075336,14827.371278837229,19638.703478404914,16440.371800666082,18305.345847608114,28944.20348059685,28589.09680361386,26690.34183224506,29269.091753134857,22265.250280272434,22898.07127437292,21875.607342206633,25772.959588053127,28002.072917614187,21166.04912429679,25056.634179345398,21755.725995906418,21067.801027775215,0.0,21.63196422470733,35.73281054785489,28.680134343160006,17.979914338141082,8795.686692993171,8.23520752615116,9905.669395747904,10265.452541093373,0.6199946359187568,9755.50428665455,11658.081496575396,11642.291205380568,13109.68032188947,16443.11618347532,21031.618097777293,17201.267807669105,17953.13422201105,19179.57292573255,23326.619859514485,25342.993973878307,20709.801371863286,24786.89543485177,31269.67300448062,31030.319752074636,35947.49565357793,26731.83582277507,28282.896659722126,26018.155649820957,24013.41386683186,11478.879746265018,53.04455092023789,67.7989289230722,73.38123309287779,36.67284268112569,18.689996185700174,10836.676964053262,10847.398427108013,1.8470535886059516,12997.988567084616,12785.29377896793,0.12102152163598551,17090.956014428903,14888.520225614227,22631.531768148223,29336.15193053076,27440.23033884841,22604.590783261694,26332.831222230507,25221.21294097998,25827.42913730945,22703.19227367922,25197.066534931593,26579.238924563506,25491.978197067434,26952.891369354944,19783.063563015,25328.589856775434,20627.87166959729,22293.8211428565,19958.71413840217,23916.772374076863,0.0,26.198950373641118,43.554811180011974,28.41596157724857,17.12613167427462,8.585641973803131,14503.945881493366,7712.458180212994,0.5804351593283791,12565.48096615395,14365.119698415834,13807.419639095331,14222.110753932664,15929.568422171522,17269.032586397134,22352.019421493373,19558.563504820046,23899.182468945965,19979.090221017756,20335.289112613704,24271.487281857768,27220.040230606846,24251.53704992406,25267.52229867014,24512.407496366188,25131.276444351122,20616.825935459165,24043.206226418362,18775.16938563691,24995.325119970737,20244.524020381694,20699.404267205675,46.97196020570942,78.91388406246571,72.4355301562744,36.91482433147677,9.564094909414772,10427.677514599449,5.822909480724015,8578.258248550064,13397.76456563739,0.2532498802079944,12688.106540728262,14203.316662163874,15385.85872694459,21685.921209938664,17353.252011992394,21809.46621571011,23163.130421139933,19294.5943695415,19990.310892929196,25188.699290841767,19491.08493895354,20345.96669688648,19855.74922227203,25703.893802677983,21497.958403749333,24890.19934174092,23463.02742011995,21364.247684325986,22325.146619288735,19865.402328080447,24481.114995406493,17644.054214969903,55.06527511204813,82.21682120286097,55.371874576252736,44.64776938041908,19.076880537423317,10971.015902126801,8.458490680182614,17134.418692746123,17291.741264642187,0.1592698274891044,18468.21648572004,17862.698674815016,16815.361962992425,17434.13145177434,25905.425808125405,20089.445322533567,20213.06424135287,24802.138699598658,26024.434675378678,24122.050960522138,25065.107827471806,21065.323063803316,20185.41046423297,20639.075258121087,22374.066135175075,20104.40881914302,25504.654668593706,26484.131592990667,20367.276628791242,21251.905863686505,26801.246335472108,0.0,21.693668085382598,39.983906955756865,12.50309156935335,9.37789887986955,5.635828903952995,9341.502723472391,10233.377458060228,12589.662022578168,0.06751007793487876,11730.486613798757,12794.652526418487,18474.570455920722,21141.121416445745,18693.4909071775,22611.554779408347,19613.192236969557,19416.465834928622,20402.54113518742,20422.631724925344,19152.701166976403,20990.421797711148,24390.962367661195,25341.985936222383,25695.986382435436,23336.299172431412,29437.46803499121,21906.51573017693,26527.81505853262,37399.57351117928,19151.712168388043,42.22074157678752,83.29783486567224,57.35967599295045,37.724443341448215,8414.295137546136,18.14697008166881,16618.903937379895,0.8097452422921556,18584.09268923256,18951.225434316504,22894.467686513464,17099.864904425667,0.04750932172749541,19319.361957958514,21215.159110541146,25404.16039784162,20407.099427151774,20413.564064029495,23871.11926556552,18838.071636498462,25673.93397116899,19947.781142163323,19546.092730579505,25354.63277838323,25796.401869071193,24615.210945719125,20179.336924601947,24595.103836545906,23997.78658377724,20933.067015692737,25692.387752286395,0.0,26.54796341951644,39.93103160719428,25.750165610209873,13.137973643996013,11186.903253457653,0.8606538052044248,12458.66489514279,17689.431530419854,0.08551791697395318,19502.79334964658,26691.326275528645,22364.059806722307,22910.806170775777,25097.922654158752,21307.67130525392,19972.190654327784,20044.793294643732,20745.013477083816,25872.13314933576,25713.449464397883,21863.115280247137,24453.57856468228,25610.56214300964,23705.166370598825,20274.529732694333,25553.078946632708,24509.210488972436,24208.190455191067,21038.579077290222,21118.144409025408,50.67434372428499,82.23170617578701,56.66018165268266,42.82349851464306,24.014792740592195,10747.130735993333,1.5957543833845786,15711.038312007799,17661.6260216858,0.15715002712225432,15832.495927445265,21549.32316272593,18229.937989703732,37668.72796869901,27137.149413682047,26091.28281887373,30350.591584185015,20567.228960485278,22056.977140054663,23426.683332289584,22992.073426598126,21340.654805898346,26652.20617683757,26107.99720553239,26185.393063528314,20425.92192069926,19906.356605635436,20820.14352964264,20411.076247104276,24147.045027865584,0.0,21.930480611997538,46.321114837962256,33.45644462031885,15.868063607582977,7.2923680418288015,11240.683461881068,13122.048395156437,0.1343859854520091,18210.14480322783,19610.421682510037,19888.624968430537,19266.45354178502,22631.095233294865,22233.666056728383,23432.380528279093,24527.14666471549,21463.410614323293,24485.869403125453,20876.423801023142,19886.996115075235,23536.211349710127,19353.28204220943,24075.484705125946,26104.480136780843,19715.97859354672,25528.46464771889,24701.565158855876,19423.373771311137,20934.0480717985,22054.30709609839,0.0,24.453735922487827,33.92675071795597,31.731088072542313,20.29285186908657,9646.793807488282,8068.580908994605,1.470689404277288,12312.954295663389,14537.315418250204,0.173791647350785,14205.264924258861,14565.22889082264,16741.25835557799,22002.39477600328,18750.23655711806,18155.161803310846,24915.86749431079,19485.94880223137,21157.672852355136,22648.243486890187,25662.638761154438,19882.963532692258,24624.70539920126,25003.390398211704,19833.478611554016,25195.703573842595,20001.190840678075,22530.742528725023,20370.48053102393,19545.850088010637,17050.691598878064,46.82137240589082,67.45367629944298,55.68318277461457,36.33833155411312,24.013476958925352,11713.980535966259,1.5451230767157211,9838.090333486243,12359.889594014247,0.1656121072382888,14905.6370530462,17041.21967053983,14990.026300638416,16804.394460166965,21568.147332717777,22741.81588332094,22017.489841549443,19759.176675498886,23490.24987968013,20009.164411532907,21959.126076828943,19254.595605687984,25927.675408793522,21433.74730761549,21008.2533682444,19919.069598509708,25488.79725623784,24857.864890229805,21348.71891620595,19738.33816487018,25248.299692343524,16248.082831998276,46.1068428731793,82.55195160589606,57.294133710686516,33.787703985211024,24.12650246878578,9082.819718456354,9652.470114416868,1.7564840552978374,14089.665256606158,9286.06272806716,0.16971395851250876,12107.113698092104,11558.055006382632,13594.419655090436,16570.176937357675,20142.470811793006,16108.712936831322,21736.66003327388,18607.17800144471,18764.807570053716,25755.639237172898,19320.612801667063,24579.91444715434,24734.80364113152,25024.0927941871,24441.187125795343,24800.009046523373,24826.286706192324,19113.570893531272,25728.629174516762,20543.788957432902,20737.26494710276,0.0,27.341332799483567,32.7930944305676,24.967060502031867,15.031267252655997,8665.855127000568,1.7276248005404984,14123.718881337776,0.16211761266958677,15567.280266901074,16531.599903803955,28622.152317925935,32439.320117965864,28324.514566731523,22750.0951888667,22162.279769001187,21937.195791185644,24547.29007925901,20824.14445605383,21408.479583367374,20523.76315520571,21612.439081331107,20970.250874835914,20607.59622890046,20801.39312799332,18815.1692263745,25333.437291690305,20744.577531788153,22216.949917656395,20322.24674028827,0.0,30.13072033110832,45.67081208353742,38.50181174473103,16.21096626283603,9375.700839837038,7.826614412516373,12711.150947019982,14428.660131497743,0.42370229997917824,9479.783967706926,12585.262447628522,11643.371466113094,16651.873948095083,14824.288968830733,20490.44759833238,17368.494423575718,22006.751947615347,18985.882360553394,20431.911823772167,24305.18107282627,20171.384810340372,19502.163045469195,25187.406592676693,24825.120823549332,19799.622894056625,25046.304410733508,20509.96538277903,19525.905676424118,20246.519869258722,23985.037031518306,23513.634501504104,0.0,21.785401385426777,43.68370237415538,27.245051622262373,20.24216642268125,10.271061675266674,8331.276029502535,12588.835541275792,0.43201284580651567,8958.61486266952,8057.357574642306,10227.772174861111,11844.019634650103,17682.615781802506,15224.978901999748,20268.801179653747,17396.26092249536,18462.986897361836,22457.51678422862,18892.694652448605,24624.20216916753,26657.560971959236,24802.24095975579,24546.09449512386,18824.335906553133,21043.62156853087,24815.528195103154,39314.83288342384,30637.460817114625,37787.515017314094,32227.450683343228,16.185538432804815,45.4844239588004,45.699107680826316,30.460827280572712,21.875602055368308,8389.8244280009,10670.939858578353,1.4589186141599992,12648.7492494321,15669.751448241694,0.11233620941766244,16917.93169794226,15680.880040797545,16694.994313705196,17869.99905337983,18905.746483173596,23067.28466866372,19289.72369057694,24246.645552371934,25934.61004339285,19962.938956517042,21050.547257047394,24457.832066706178,24700.18664809292,24399.531373865615,23168.2066787331,22816.392989936496,19443.744369754437,19524.806497275247,25651.81956531471,24924.923904790645,16372.880257626388,54.02701016080496,84.62960565633786,69.79357972947125,38.060639193223125,25.425880854347,11044.347355499693,1.8311104635005586,17112.607998868003,14479.72958006842,0.05532824858344196,21065.3752254543,25953.912947772347,20498.30761350839,26188.335662593865,20077.93219986315,25811.853477286557,22100.2322336296,21053.47245808745,19881.168539412833,20431.18000696955,20250.31270507247,24339.53559711922,19900.119943538277,22751.54622241049,25205.083132945605,31800.20143408587,28033.80115780593,26929.390092399015,32014.34860134896,30725.45461152805,26.69855968901204,52.77141727153214,19.60051436232709,20.572623048324306,11531.363847409471,15.2520228887368,8.04629490013317,16121.293997187751,18103.643401584523,0.320460669013813,15800.84134660318,21013.67000777726,21490.812418175225,18288.61034364391,30094.21933274221,29694.015706122413,22335.506666377307,26991.138781600446,25835.969305129813,25704.862480263215,31060.745455588072,30785.645512812564,29429.00113759774,20156.029926221767,21713.130558486468,26453.193084147053,25470.63263025289,25685.301149645617,23309.58521455091,25849.995071216897,0.0,30.290700849643468,43.63455354707538,34.669917535551996,20.848289215088162,10.294973470386903,9364.471447862888,9910.600823649424,0.5370746676548802,12400.57631644193,14769.185108168234,24780.899939055336,20612.539527540317,19284.716954432304,18722.217154517857,26003.354149245042,21105.3944486795,24177.45820742289,19819.611409875357,19995.826300953195,19934.621231054618,20149.44913695536,25280.899013566155,24368.97559889122,25392.232227811142,24503.90321869895,25368.55344781511,20814.33269147795,24176.443997995342,19017.21684370733,19772.254410765192,0.0,28.164358735907186,41.23628480119751,31.94645509846026,16.313490085117348,8850.469496525226,12097.06663382665,1.446768844940405,9084.160585864503,10218.475304441026,0.1716294401783976,12380.111250651242,11987.432721001453,13119.570767756457,15922.329820106357,26403.66625938849,20997.525123172083,22144.467695042014,21211.623084237595,24386.83789701304,21129.83933499526,20624.14491418562,25909.448797789966,27410.450687476405,24401.652368612256,21306.986645693043,19198.868065874143,25681.106753032996,19883.277579966507,19335.856645678745,25171.289517861056,20926.68395396964,52.28502390614514,87.14642411635222,52.36716868517725,45.001010163843986,23.635277794607518,10132.593248500449,7832.886375094188,1.8691412149365498,9994.641459093129,11921.232105156021,0.1107823775583323,14103.085055137144,14455.891422240302,16815.87176436489,17683.26017048977,20868.272631367025,22222.883862170613,19987.40355157048,19788.70655669029,22766.629206987967,25331.48140808847,24306.063795032933,19434.46176251198,20211.11277260074,23736.057636019832,18992.42685221978,25452.441639106157,27140.99129459731,20314.88461976441,18898.513100218905,20076.152187803364,20693.738482495053,47.369269325547805,84.36370378468835,56.236095994862666,43.77350180218302,21.66536396996113,12241.750514932304,7569.330336443109,1.446972401303388,12369.772295336428,15184.126351856392,0.10738779082132188,17253.32519139742,18142.696077418386,20294.810977101723,17792.576811551793,21945.899780133597,21655.72246376675,23829.13292557651,24425.57551949923,24361.73825603242,20161.607194960114,20140.534513256825,24153.338881804793,24661.81375286889,23933.055202095144,20245.307634817902,26068.345281532325,20725.602542865247,25972.692794975832,24152.05071574331,20332.369095497856,21880.522955767123,46.45211962918456,68.41938808236299,61.03140068552414,46.70527301864903,8975.39413450253,24.95390375928686,12466.709129542221,1.7180420622915855,14748.487792003529,20695.973197734773,0.16210533220937923,21038.575973437986,22528.98126826546,24096.862048535233,25258.121631257378,18233.83369189164,21861.431405783507,23817.884797743936,22124.999436041708,19890.918514317982,25019.507948670507,29462.554066248154,23329.072443946276,27066.49963695559,27137.87366919389,20071.421472107184,20822.752512464845,20712.61761421474,20849.30577464836
40822.41207718631,38.42295200968431,32594.376121394038,63.86746984526414,28934.754932572603,54.73697364116528,24218.60368949437,30.238640530450166,24532.388424276884,14.332951656116299,22450.16185062172,1.3261015411101964,37376.127715603,32595.45415602722,0.123916863955563,27106.54593265225,24734.49424393306,29312.21970014896,29528.957839321793,27152.38988494541,52784.39402374804,39335.52164935149,26289.660816786425,32499.349353452635,31052.295194981947,29340.09816513536,27212.258815020225,26115.613357979648,26855.873793917177,26443.90599218312,24793.694577750026,16211.315786802907,45.55351962741339,53.14353476039852,52.682861002830535,34.18100822888337,13.07885457368806,9287.597990659604,1.0702576669086405,18632.928424601723,17195.75508459781,0.08304249588840953,22017.81050972653,20853.139208970973,24637.450808657726,19808.84440373232,21535.550196136734,26360.659521417656,26804.028333525133,27087.57721805892,26785.709331633843,25350.2778697825,27733.900039507545,21636.902542469925,25926.062200888562,22047.89752459744,27620.899915825838,36048.35314226347,31925.25669409876,25451.853686220224,23362.43726830223,22378.664316421706,24886.242935905528,28.573518672226136,60.29804615480989,50.65055483842444,28.430956026113105,14.573223204412692,7.714440446073032,15426.440862710735,14320.376247638958,18659.172919292305,0.0821792300245925,21482.394854982937,18469.256953787815,19486.99323943814,24173.143941454324,26407.61832172353,26437.843343701963,21618.644556906125,26609.602127385067,31340.110575052935,36175.23035479653,26825.51967557088,24768.847457748143,31509.96537816175,29067.445163611894,28604.749726681202,24351.557615238344,25968.54867942716,27689.617532966637,26674.106051042272,29195.695941029262,34.82217887644878,50.24716382692613,44.52950952769439,26.708688507895,18.556715605539594,7804.335598964041,10413.142170232088,1.0758782756384018,11100.631484670294,19522.79070855771,0.04515460964541177,25896.976269883,25957.855647268167,24361.11395530023,30687.031167551606,29384.99261981196,27184.652661506756,29712.68627821896,28366.878446434683,35044.55588278682,29185.723490555756,25640.06838606162,28726.959069054148,29080.537950656,22706.512844655615,28956.5097341969,26380.31569479097,32196.353252990888,23378.49267146148,26001.818779271474,20.704024921533737,41.67843363513127,37.97484094063067,32.363583579482665,14.082337745921398,10865.65956582718,17807.94599954559,0.7463485087028545,16506.035633440155,21100.537255681993,0.0721564261921773,23629.08142268293,25038.14404310884,24808.028983638713,27317.044061835444,27426.26263785549,22245.922616483203,21545.695849745232,26127.65189505097,25076.76336493094,24958.678380469337,23075.012042668513,30603.670143915417,28994.57137640412,23184.433765904207,23306.760598823013,25673.77152971943,22367.19199673755,27081.633247162936,22125.83924750048,24153.53064693669,28.508256509437622,48.99607862490962,54.36779462860801,34.73494812963333,20.299207519913608,9400.665658873184,12599.844993490075,1.2641061029185021,9721.640582656682,10936.779371570385,0.08307269320614284,11948.911697969299,12099.54216274611,17071.572899213897,16368.193551389912,21598.96762209711,18018.610227405592,20014.742063123922,31255.436847641548,30700.270098911187,28757.265246936542,31626.45580343317,24105.567922541795,24822.008695082666,23736.397279509685,27970.714878065533,30406.417952105738,22998.74865816463,27230.996305540055,23643.64223775991,22900.588105825766,0.0,15.336824619175006,26.26826181998287,21.502114104542652,13.657451753081293,9038.26334886099,6.333059506834453,10530.032195490467,7613.110588623202,0.46272064583800654,11146.188688666814,13128.62510275542,12973.159144499117,14502.14605668381,18101.158427343667,23056.214888378276,18824.14191991306,19600.185272061237,20923.934862018246,25416.136250433527,27569.077432467613,22528.271153254733,26962.420142109477,33501.48714844359,33364.073812214636,38535.808868377295,28769.100156213422,30331.388365056508,28011.08391302095,25927.029616011274,12799.565931771853,37.98497782126173,50.427479821005875,55.52112115436847,28.032349321414266,14.407095165092311,11295.28375550899,12296.22252965544,1.3676811054786397,14544.695157894612,14194.764812295367,0.08809995221747506,18860.961033332052,16356.977105269729,24794.986381557308,31703.284541525638,29717.63511429235,24505.204252632397,28572.76296869618,27371.91876008437,28031.603461830236,24657.982481566894,27377.53322553696,28886.93445309946,27711.67903792116,29307.36658688594,21513.5130813991,27543.417864504274,22432.762847254096,24246.108108766093,21706.048584311462,26007.46407542671,0.0,18.573150881087102,32.01575742723347,21.30149847288174,13.006190943945427,6.601394341156304,9831.94076654374,8820.011629218998,0.43338119267803893,14156.910624328439,16039.676236847778,15300.509684543315,15673.664685701131,17485.61015342682,18914.418934453355,24405.049987332175,21341.5049616487,26055.325615546826,21754.014840449516,22121.03359702762,26401.513697529415,29609.119984861598,26379.52604088288,27482.769771037685,26660.044447259126,27332.04154085853,22423.154310005153,26149.73444554372,20417.457129265018,27181.011194522987,22014.782019623857,22690.61120564613,33.580496295845265,58.58252835042949,54.73023488535706,28.189411445903716,7.159244622644146,10016.84212311473,4.422023974930827,9734.93155516356,15014.194452174785,0.18810958268598563,14108.356141249234,15704.50162962432,16935.866392119897,23773.504118621648,18994.981965023497,23810.942711189033,25266.57486762341,21020.226456878896,21745.833753187304,27399.952978045152,21200.546803070323,22129.364465770457,21595.39640803853,27956.44105407651,23383.754470661053,27073.562019339068,25517.15554341457,23235.13119161287,24281.148281744565,21604.567563325432,26621.836585469766,19342.382719721914,39.38438517904328,61.06696910269163,41.850977306310575,34.08894429060698,14.684369061916655,11256.512644040913,6.574711458823864,18955.825205209192,19032.56495813782,0.1150761387554949,20245.60703173706,19543.027453957813,18354.414776072466,19000.50707662199,28185.45261170781,21853.532789411853,21987.147679193193,26978.734224290114,28308.57714806181,26237.284516874297,27261.169220314365,22911.77502710845,21954.73489704201,22448.165055402344,24334.805685466345,21864.967273587576,27738.116781726138,28806.041310759465,22153.584716918886,23112.951511830463,29149.418254879725,0.0,15.36704790369028,29.369174365949682,9.127453809205356,6.990341564660869,4.280318918198961,7285.115005619304,11675.835974891494,14177.050944473342,0.048246606064682736,13081.515272016364,14155.64096473206,20339.38099942409,23185.665543448187,20466.559694373263,24688.00348624056,21398.70164888308,21159.669122085445,22205.172251363016,22215.63956897678,20833.03836728104,22831.04656967471,26528.918676912235,27562.305805403274,27683.034109499873,25207.089818509525,31839.372483531522,23739.47506520483,28529.07907362089,40093.358659823956,20848.554327994436,30.157602739142146,61.7741399245033,43.32476475719232,28.806852835128527,8606.456517127375,13.983084416362686,18408.237202863096,0.5863778955589545,20468.381006934138,20789.70280734959,25068.619890450977,18670.270877531686,0.0331753129828417,21079.722733663333,23119.848430083643,27642.26132491574,22199.08062707061,22205.620425667825,25964.34892422286,20485.34410243711,27918.228471070077,21692.090818127777,21253.545571280567,27569.49179696618,28052.137134292203,26767.6583945118,21943.319605339246,26743.614052469904,26090.937785043083,22759.630881938258,27938.2953948991,0.0,18.801083494809113,29.320983628443738,19.294988084844146,9.985314983580334,11438.11185326201,0.6184279574687346,13824.24552743848,19506.057127724303,0.06127691551023688,21418.27293779193,28860.082354241236,24230.97529002065,24837.966678678815,27229.163955259748,23117.05568107663,21672.496215312913,21749.84993944957,22514.01726397423,28090.360942205138,27931.783706843813,23757.248331378323,26573.31955269337,27831.80675885259,25757.7198302705,22026.921487065552,27764.35371579278,26630.152504589696,26297.985059900686,22857.01003400326,23132.29358886961,36.19608640057359,60.984157706689714,42.79037135860694,32.68020930145335,18.47497417146135,10988.968785515106,1.178478646768596,17416.99380173121,19447.819348854642,0.11404632340762079,17360.378002389374,23582.419739570978,19902.91760504836,40380.974388467665,29207.766594360583,28162.28230659288,32816.674734615524,22279.51438114913,23911.743473642917,25419.411393603947,24952.692300384082,23167.616253657765,28948.543996288394,28365.95599345729,28458.893620002695,22203.69388658229,21640.456652391582,22636.132195408136,22194.713708906198,26255.652138688518,0.0,15.544950092331552,34.047267924752596,25.089121530184755,12.058944894569072,5.6153730008562315,12574.52191992914,14570.850470713836,0.09650438152517035,20112.8495096178,21574.376891425043,21798.87759174198,21076.035698751133,24708.266004988887,24252.705821289357,25514.09238960214,26680.324281101963,23345.85492329745,26630.11571147999,22705.496655830433,21628.958628606204,25593.636197027317,21043.28046996205,26172.769506153607,28380.451112057748,21436.342554529856,27756.010714011674,26857.789236828823,21116.12616497266,22760.697542395843,23982.19084661695,0.0,17.31328955367561,24.895577698100134,23.76241593028416,15.406749697515908,7595.906231101585,9205.897821091343,1.0767041796231394,13862.595021053574,16195.36408579278,0.1252861455579092,15715.989990416196,16035.433162632447,18352.77777574845,24081.13761437429,20471.80471505386,19808.699688544126,27157.641144061512,21207.595993449457,23015.352503174334,24636.2805979924,27914.750377650078,21626.795033669077,26782.678540908306,27192.956415862245,21568.862229486793,27399.60353988303,21750.170863346542,24502.130516177374,22153.86407290737,21256.066873761156,18691.325378319314,33.480987374271805,50.089086273300346,42.08465815449552,27.747192927220073,18.492721362269037,9446.533272760493,1.1429286896619317,11207.541742946043,13901.062665869724,0.12046958473552084,16582.563021665286,18846.299762173174,16498.582525056063,18421.50423689105,23597.044496339273,24826.993771756715,24010.14276099818,21511.433511306062,25551.716166167076,21763.40253440449,23883.92311574534,20940.286272459853,28197.57716849512,23309.150744251074,22847.47229307951,21663.397755671638,27720.87072364386,27034.107471453277,23217.224723434418,21464.87549627512,27456.106823429232,17810.607019794625,32.958474155777225,61.27583146905937,43.292376455139014,25.795744115962822,18.569806438347417,9303.377294760889,10227.515034916341,1.298723134425885,9894.038236988277,10629.5844241492,0.12335795665524717,13641.739349119644,12911.799310697901,15074.925312103853,18276.82242865366,22142.64294027119,17653.26833680013,23741.88562869016,20302.645293355326,20449.50521364541,28026.90483316881,21017.101817033956,26735.69112671148,26901.92567027738,27215.47173648465,26579.73460763879,26967.17674767197,26994.991947942715,20780.025554173255,27971.830836761543,22337.74674518287,22549.40665718097,0.0,19.369637380231072,24.088663410803328,18.705983031297258,11.413219935557683,8883.647112676617,1.2647634180539686,15627.898148860379,0.11701064796965718,17140.175030505412,18136.98823359603,30734.74221138094,34952.44663502468,30604.12589435061,24626.886878330253,24022.96398904928,23798.415429935536,26637.0905699145,22599.89603328012,23239.84079001949,22282.120786773685,23464.068185997396,22768.20054699886,22378.28793884791,22592.434630300682,20429.530876716242,27495.453175398125,22510.639209651385,24121.789209247538,22070.847450200337,0.0,21.366561653374987,33.5847525637406,28.881182608614708,12.326229264263223,9634.985406970583,6.024786988224942,13512.119550118568,9752.417132121065,0.3172722604637915,10839.331193225033,14177.904471869184,12999.504552510927,18440.724703141455,16323.530658335192,22488.190670422988,19023.357454719277,24030.660317715865,20715.856811697013,22271.527686365866,26450.591457268216,21941.59287331385,21212.59651279198,27394.691758330464,26999.62870891663,21532.547033612125,27237.136243568708,22304.540032377237,21233.32496083593,22016.375366890763,26079.49701946497,25564.556661809544,0.0,15.440862729345815,32.10313874695346,20.421748151449226,15.371441859182587,7.898643635429723,8677.828590965057,13443.356956063759,0.3232098077876239,7271.515875129993,9171.802787636443,11503.088345047809,13178.622141758507,19559.066878495232,16761.026117064495,22219.774713352777,19033.946137358045,20156.812698490186,24495.796071156292,20571.10485506941,26786.087485296506,28997.762397624992,26979.112530668215,26698.093141610854,20470.92430776995,22884.889903109928,26733.405250034357,42192.36343336221,33003.848635703034,40553.25814513041,34727.315997912265,11.418591951368542,33.195300883085096,34.15074801532464,23.079557146053027,16.7497549096093,7446.604725395101,12114.664755931139,1.0755042034275826,14189.351210459194,17425.707881140534,0.08165383962665024,18698.491854476986,17253.63120265564,18300.754609434145,19549.727426530775,20640.745718886126,25167.241339947104,21021.548113807985,26380.67732493713,28211.712901809493,21715.069111079094,22897.9091925218,26603.267584366215,26864.77454945577,26535.64802636921,25193.462289347448,24805.685553263163,21140.353894946507,21224.918943020777,27886.423435266453,27098.052925979595,17943.743066123494,38.611108283291614,62.80066707749139,52.729998807171235,29.05767124971869,19.5891826296297,11301.660073625231,1.3559374658356191,18961.141963497044,15955.989154850891,0.03905745373745206,22827.323865313392,28137.152792862882,22240.461146993155,28412.171608712208,21785.80771686764,28011.129477813924,23993.65264164919,22869.784149011386,21598.504477135517,22197.11154019528,22002.704487129293,26451.66941336689,21629.658224740513,24732.625363864354,27148.56722120512,34350.50178003019,30326.627176277332,29180.98435747468,34423.995480539634,33169.951087529415,18.92330689218728,38.763115139351406,14.078535056830129,15.175226482877175,11799.264007215319,11.46204504873366,6.1437349123327065,17883.611609762556,19966.443756474135,0.2386608732633987,17361.767597273425,23025.704610616285,23475.345560826434,19954.30247016462,32457.119453189098,32091.23518201429,24188.21360954395,29260.017475997876,28024.085334719213,27891.377747921506,33422.00702438127,33224.76702461171,31811.847623962505,21826.037122001784,23536.105442800035,28691.577268383826,27637.22376318445,27866.42089392337,25311.018666694,28081.519989677516,0.0,21.475188518402877,32.0799003305731,25.991545888547044,15.835732718913244,7.920392721718771,7576.323371886746,11290.145613998053,0.4020811421285773,13947.956752095264,16430.759850333856,26956.542558079378,22421.462614035918,20975.09233459827,20360.367958905907,28277.90032964839,22954.528402081432,26295.23535315614,21553.257814515022,21743.176829572385,21676.014056640313,21909.60829723762,27490.089651175233,26496.96248805281,27608.74531801336,26642.04877413521,27582.146087248213,22633.82371420369,26289.120991894597,20677.248529583456,21495.411848601387,0.0,19.95663024609796,30.296893901975,23.93583137800554,12.38732640712868,9218.45721883233,12917.60163845066,1.0593100533604565,7321.8482240924895,11639.102762328259,0.12390218646466415,13927.128169968162,13341.611678056857,14510.330805250705,17525.847220766722,28592.580661511718,22759.621200506943,24018.261384115765,23034.215332872383,26477.719282444657,22941.471820079096,22396.25855707078,28138.79288263613,29785.182738606298,26528.263118248073,23170.735637946542,20878.217267391276,27926.760175814306,21621.946819690347,21024.3334249236,27367.669430353686,22937.57606770734,37.33994760939769,64.61548589749617,39.54790387128969,34.33882517775868,18.19791586501342,7713.829910297566,8944.620919697154,1.383693530518148,11256.349265367475,13301.027711152235,0.08074318520347341,15618.128612877463,15917.42420729834,18448.865814721717,19367.236287304662,22795.318378218573,24249.569461567047,21788.229697924537,21545.159220908216,24765.964696963976,27555.76799738779,26438.52452898899,21137.198150525848,21980.544074278263,25817.03894715261,20656.818217659442,27681.331417318255,29521.386727573685,22097.184466082934,20553.89137814294,21832.769183751985,22684.668115489178,33.86584413126982,62.631849937558066,42.49889688919302,33.432439729743436,16.68950059511314,8298.442846177259,8653.373136486662,1.0712015827322254,13932.950398468245,16949.619585464297,0.07823663732146977,19122.943253892372,19988.400367869497,22275.38203660593,19490.36860048153,23968.377184599107,23622.279156355457,25946.091917273938,26569.83645595795,26498.37983461651,21928.459066486772,21905.132957445432,26266.700306433802,26816.905152904168,26023.732027113005,22012.540581695095,28347.117362295827,22540.076109861926,28248.27159191571,26267.064266367477,22111.404479716064,23986.934649905277,33.2408799901842,50.847225776011314,46.16234916018565,35.688486373777984,9181.475440851202,19.218036448568856,13801.35334104847,1.2695683424082573,16238.884077957428,22695.342140870627,0.11773575392132363,23027.62233905858,24596.4883786888,26291.558782398915,27539.82421564832,19847.864426299133,23779.955220907064,25906.44639012138,24062.502555984964,21631.83312849177,26951.97419286188,31819.554164173805,25227.865536971,29326.896696054435,29419.891469148286,21769.800652095077,22592.480655414714,22481.686260524428,22632.8331677372
43352.188315467356,27.366628804191976,34869.272722082416,47.21147318696553,31074.43594227414,41.20474875015827,26077.391113767546,23.018152740879167,26452.609336573692,11.011581990728134,24244.54210384104,0.9806721814124205,40079.059209455394,35054.46215627091,0.09010639071735611,29210.001141927587,26716.590606472728,31678.616506907925,31945.935639280655,29145.77088659164,56055.45761256441,42080.91073589636,28224.061391149968,34980.55175532564,33474.92373869824,31449.36044111795,29245.025074501,28140.96905728027,28779.722919163516,28416.185864411793,26708.71936315307,17790.32190205999,32.45186614190001,39.29625802190456,39.664885867320805,26.025096113753595,10.050386204993998,9695.66790746675,0.7919464338097398,20538.68315507213,18855.195647809465,0.06045962139149771,24075.646769377377,22752.403786265393,26803.730623559306,21532.10892509411,23384.65948641911,28582.996921335478,29057.734130394285,29363.52451605315,29034.06750562418,27473.517167008755,30055.25199099198,23447.930413396545,28092.941876710345,23889.177460768697,29929.432781008087,38728.34745606833,34388.66891414188,27451.754163821024,25239.373785623382,24185.265867974274,27123.766249758984,20.306145116727446,44.44694555258484,38.05133241018899,21.60317078224388,11.177061739896383,5.981049626812125,17161.95872041676,15830.899862552886,20522.75755052944,0.059391664790204586,23536.86549928601,20164.655403053952,21240.310797697664,26293.244891870705,28704.941215476752,28712.65243494743,23444.6114133824,28847.409284491358,33499.02378360883,38801.28879075951,28862.144434991453,26694.690187020093,34033.98958730365,31414.59273985821,30947.86430239596,26347.777375023805,28097.32133643306,29723.61462678168,28714.00692022889,31548.64406258223,24.800317695047667,37.14047474782094,33.5192990611553,20.330558627551504,14.255741791542777,8252.571785266944,11780.292201343667,0.7968423747406861,12406.256179293523,21249.307213466967,0.032355488190236634,27872.96583218421,27979.624576442864,26310.85291780999,33163.84035082516,31784.5440438962,29416.423825488648,32160.60107676566,30715.80199907244,37633.664334498,31424.658171259045,27642.100459788853,31027.099988533926,31426.17354325157,24549.904928039894,31322.94867283637,28313.54611431686,34643.944593008135,25192.466686879776,28172.408488495388,14.662051484357079,30.576904357541068,28.43330047754002,24.53680298301868,10.785164329896649,11322.535032949338,19642.07552418863,0.5391102377444168,18108.94140972618,23067.512677241983,0.051726318851041016,25777.05280790378,27237.450026671424,26967.19803496233,29667.502810302896,29755.219678407815,24117.246788096232,23357.468652613563,28073.393528881857,27007.373035213317,26910.698026499984,24922.606815552288,33073.07873524466,31358.41193422627,25082.105265918584,25217.333087822477,27786.028492557532,24212.395707210635,29314.284161646076,23948.70268088603,26343.32390376708,20.274652372789234,36.148196951139475,40.871926477992055,26.405939091147047,15.5711927695654,9808.895567894257,13484.458214049584,0.9337157814342416,8020.882130296845,12468.284122143747,0.05923281337566802,13441.001006654338,13458.222578753854,18853.987667233123,17985.167130832157,23652.46711633378,19669.17070211688,21800.42960970946,33655.43768179415,32886.6418086306,30901.26426126773,34075.11140172453,26018.950992486163,26823.545327918797,25673.13172114732,30258.381201539345,32909.778146195255,24907.53219884744,29495.817615445023,25610.100761091777,24809.80666072485,0.0,10.838588422995695,19.232741262917553,16.06161431976255,10.342320877140338,9453.972769008618,4.857538638512788,10956.332890165477,7843.482570555844,0.34519830396137136,12629.504258959105,14686.489900099337,14376.034937584904,15964.878609485893,19838.828605665065,25173.834065834013,20520.16045801854,21319.50910749799,22744.206345810973,27595.267731113694,29888.856755943896,24423.254426836054,29229.44365871617,35810.225554639335,35782.43457932668,41214.093776394504,30881.171245677626,32451.494019182806,30077.54856123003,27913.998145775644,14192.147338845054,27.076948803389502,37.31574078581054,41.81872125954465,21.347673610378532,11.071836700975545,11944.423566383706,13835.834148872946,1.012242572283559,16178.328293627197,15677.918631570092,0.06414051880447226,20718.160804436608,17894.48577892047,27057.182659462524,34162.24999764291,32085.817118668878,26482.527940580963,30904.11315139608,29610.610800287122,30326.02115286954,26693.489301098132,29648.471004176332,31290.684296108866,30024.0279784856,31760.419079410367,23316.505444618873,29851.0665771041,24313.33949197919,26280.32692686535,23526.694891936055,28185.746697408078,0.0,13.124731338324056,23.439340298560722,15.910127576088808,9.84721748457048,5.062511567271755,9527.72511655645,10001.846421912043,0.32344477212363304,15843.200728447122,17806.52970393334,16870.238168320942,17195.73868446206,19114.151270078124,20634.66539478801,26548.269439394713,23202.206481346933,28304.575884628634,23604.461837317514,23981.921070216704,28621.11480485297,32098.680304666734,28596.992487436135,29791.087569513442,28897.85447161978,29625.16639991099,24305.32519655347,28344.709701206615,22128.59185380522,29458.2966715384,23859.22934405053,24773.24458694621,23.90257672751327,43.27083018351838,41.166578907599224,21.445723016228325,5.349474305424363,11455.31838870635,3.351736942782706,10964.734126800637,16722.66175499703,0.1396893212390627,15603.933874951368,17281.084189907484,18560.2483872075,25957.003382513925,20710.90130664304,25900.271063839573,27461.421214860035,22819.756214010624,23575.23082700512,29704.226848248665,22981.855143200482,23987.674200391157,23408.08635525724,30303.587162699485,25348.821080804744,29348.703627099614,27657.467486454192,25184.530282755884,26319.27680532479,23416.701909621155,28852.273172015302,21118.73554630433,28.0449090129801,45.129475726887385,31.48968645098545,25.92991323382644,11.268761821750005,11760.901384511493,5.097125989369811,20869.213274924896,20856.864690391103,0.08317946604935054,22104.64240989781,21298.877576132523,19960.849838147198,20634.25450580931,30561.62933147909,23691.849178845976,23835.84600037941,29246.86282647802,30688.786705589682,28441.403045398038,29549.436889098517,24835.78755969488,23798.380142403534,24333.246017006637,26377.889222396378,23699.411287675564,30065.310856870165,31225.502610156123,24014.96902868167,25052.09987726163,31596.1831319637,0.0,10.85175815718668,21.489442234531218,6.6474074249915835,5.197957937380552,3.2433877920253353,7785.471351731741,13213.366194608207,15858.66223338353,0.034487057902370825,14506.162874040003,15585.403124787565,22293.83785173823,25324.56314424399,22319.949772099517,26855.652169334615,23261.982547525466,22977.797266849993,24084.10256490202,24084.07963709207,22584.02027262846,24749.016881634547,28756.680251471782,29875.85049389183,29744.075840414192,27150.004768082305,34335.46198856786,25646.068367983255,30603.111113814975,42880.812633300644,22617.41025307118,21.44992472970584,45.582984961598214,32.577168731648605,21.915250187218845,8970.809370624553,10.74176482939161,20289.036827128893,0.4245892414665461,22443.639525043694,22713.27656714419,27341.37643261372,20309.655186031672,0.023165208318047328,22916.826397282995,25106.403460358273,29974.832845297948,24066.464456511934,24073.062715058728,28145.538921538664,22201.651721836624,30256.549183103572,23509.502357113335,23032.48612481158,29877.082633204653,30402.407476995304,29010.31225603607,23781.205514794616,28982.078191376128,28271.597631165136,24662.587250173103,30278.296833332013,0.0,13.274001535339835,21.447920132843542,14.408262791069712,7.567230456511684,11919.214534701268,0.444289439465437,15260.825552942802,21411.45959052695,0.04390361001787024,23423.463630907117,31113.540092872307,26172.72220869553,26842.939894760217,29447.24507616597,25000.165454897997,23442.25228875334,23524.495138640996,24355.39169167223,30399.811630310993,30241.88961342022,25730.05869371572,28781.156079098444,30145.413679055433,27895.484470786523,23851.93948510026,30067.377849971825,28839.095833245432,28474.286161862,24750.804167596147,25238.168421637543,25.745003573628004,45.001100335871584,32.1710039590578,24.84637993497181,14.16984673690596,11451.566729784332,0.8698894778836588,19210.85720198496,21320.037585353253,0.08277156288117729,18958.62643053895,25707.149845296917,21649.330191777,43187.500511873164,31354.502515263383,30312.366043389924,35379.07177593895,24060.25524719962,25841.377225528806,27493.468755908332,26993.520863559545,25069.601853287117,31339.762153400712,30717.54796534848,30827.025177277123,24055.636083855148,23446.966916590238,24528.04213581412,24053.0536398597,28452.511889349822,0.0,10.98353760429241,24.926575260388987,18.74734257247264,9.136902102878176,4.312876956922884,13983.124480212236,16095.501077486217,0.06932080560355068,22110.080206353392,23632.0393772892,23796.710003130636,22966.828421388353,26876.623414030197,26359.479812673188,27684.380310540982,28924.079010855,25307.41593720092,28864.34985188076,24611.366997683082,23444.044117621557,27737.258227980106,22804.011288688,28357.629905120597,30751.536561232413,23228.65741180545,30076.71958749957,29104.226563911,22879.591338640497,24663.743095219015,25990.844570283363,0.0,12.22075057934429,18.197794730907518,17.732130670429637,11.662429924879708,8195.526835283777,10418.174709015311,0.7878253950752858,15504.05785774837,17942.930777715566,0.09031634928384702,17303.04028481496,17576.31399009813,20038.337278265433,26253.696441315424,22268.973879573976,21534.29256003716,29495.96829813691,23002.11461002693,24951.190732631367,26707.939989387884,30261.570774341602,23443.917522140986,29031.278768462184,29474.412203024243,23377.016616811004,29695.89405044458,23572.44847749518,26556.18577047118,24012.07196677104,23037.999094669158,20407.30741076401,23.836799029237266,37.00746276016811,31.66428127092348,21.108055806409777,14.197727700969317,10354.013854789107,0.84501443074351,12666.198673166009,15532.760372600069,0.08763953009192609,18348.858259220346,20742.229754129698,18079.452175663344,20112.88957055884,25717.129194550573,27003.619344667102,26089.10313701231,23338.12077052378,27699.87396295843,23591.342361579394,25889.571623888187,22696.702449935452,30562.715832788246,25263.19647622299,24763.858221516788,23480.93033371965,30046.617875606174,29301.657355378364,25164.105390950164,23263.79166820934,29756.44042312173,19444.853516066774,23.457624655066585,45.255268990101506,32.56607780605166,19.62088126444062,14.24955508067273,9707.495104822128,10948.379794092216,0.9597949716763167,8985.134571665001,12063.844266314061,0.0896714937862737,15267.90969895142,14340.494124010913,16631.936388852904,20067.101734617278,24237.480272731627,19268.521629532934,25835.568006982117,22072.026443233084,22206.61307582042,30394.129992927155,22784.97189155057,28982.072317986134,29160.038895056383,29498.81653151134,28807.95894480443,29225.109966930842,29254.496638930854,22516.12256089224,30308.777519601346,24206.787989549735,24437.444653973555,0.0,13.679465442327775,17.626115175891773,13.965890783404106,8.640556283738995,9275.582998949061,0.9254056474076614,17208.17421970684,0.08445177962212091,18788.75376067223,19816.756713537183,32922.54578249981,37559.3235088036,32971.955334133185,26578.0549812885,25958.640814042355,25735.409151047694,28812.25084432631,24448.294306071068,25146.351424473036,24112.737804911572,25391.7896514304,24640.089503085408,24221.94965622692,24457.431281757003,22110.32868205262,29745.986373567775,24348.83726780394,26104.96353734743,23891.60392308863,0.0,15.10238147881453,24.59753049181345,21.58578117717867,9.343927106070863,10078.95219616144,4.625768073345718,14494.59121504065,9419.226011064093,0.23746372775186686,12289.94744589736,15865.406653631006,14430.324192009763,20320.8217214182,17894.97737091375,24578.84351349103,20753.511758616616,26143.587291748874,22521.24945962845,24190.4289204256,28686.72735464793,23786.244070059714,22994.917291356996,29694.6749369159,29265.41667956545,23338.159032526,29519.810786648828,24174.36754055503,23012.300077545493,23860.3801388143,28261.61754029298,27701.221991956398,0.0,10.909234713289154,23.49890949827178,15.252221997177264,11.637560401611465,6.058514607510087,9173.191252700366,12021.263602845404,0.24169513898591455,8020.0991084727275,10358.409959990027,12853.313383527395,14584.457430569355,21530.124503825034,18370.880702805654,24260.379544206633,20745.289161158675,21924.96376634506,26622.60034955473,22320.930782858162,29038.923779753663,31436.40841430821,29247.539557687236,28940.50480890537,22186.539979432204,24803.369127534195,28722.661592617045,45171.5140131597,35458.25677081473,43416.6735284984,37320.55040848262,8.035514795267842,24.1234335342174,25.41308948515469,17.423674275663785,12.786668129587934,8526.116268175861,13649.957895614372,0.7924570116858112,15818.462150193573,19274.896319531184,0.05935382050548349,20568.12265734934,18901.53022382219,19980.233136695177,21304.894891231936,22451.900185695795,27358.66588661786,22827.808318148534,28604.70232729864,30584.62082691108,23540.890831832992,24822.95883859083,28838.887741785624,29120.267332704523,28761.38844208695,27303.567332010207,26878.1120922182,22907.920833083987,22995.992386975548,30214.33688814784,29361.99858139087,19586.550714730063,27.475261098759923,46.367921985916304,39.658677988531075,22.100987230944693,15.045853389388169,11783.98888412699,1.0035728355277644,20904.462967667874,17503.895654471533,0.027576241231031664,24660.029480962115,30408.549139366074,24053.659328178,30726.620247413764,23563.38683501695,30300.308253848794,25964.882816434176,24761.235980346235,23386.971825204688,24036.23046060494,23827.805837219243,28651.67355195093,23431.25566273712,26796.39277323888,29164.222639466992,36999.16011934577,32709.567017185454,31522.966884859004,36921.06640534125,35708.00282157101,13.369762815267668,28.34290536764618,10.084891089748613,11.158894937732864,12302.944553477186,8.58963906086146,4.679415072419987,19737.323435544888,21920.447071912928,0.17765829714895612,18996.205608097323,25129.711408775904,25547.50663601663,21692.579219246007,34909.310871337606,34581.499931473765,26114.729890215593,31620.44817243018,30301.132372121585,30167.131362635228,35869.76345144094,35756.86520502817,34287.444425642854,23562.501936090826,25432.553103338043,31020.85727532226,29892.240078554747,30136.412811177906,27394.874670445024,30405.41829439861,0.0,15.17623746657928,23.490892881243916,19.415193886472334,11.991982764462142,6.077689108433095,8330.17746283505,12759.553403928074,0.30087204419899144,15586.289282778203,18180.885740712718,29223.71492811123,24306.45692974384,22736.47225720035,22067.212217111683,30647.798641901638,24881.302150124833,28501.911177882746,23359.581081897915,23563.71005465126,23490.31559587956,23743.461880924046,29791.805815406315,28714.013129084546,29917.994061064914,28869.6181332586,29888.317958777396,24529.543524587807,28490.28131906303,22406.733503518557,23290.552202116352,0.0,14.096398569293854,22.17250367845721,17.87033297836042,9.378077159921153,9744.581495435215,11993.872626798542,0.7751784989428925,8050.38170479318,13152.16124076688,0.08944408542633372,15565.197363509484,14768.241569434562,15971.139597127034,19206.282030798688,30868.65092542998,24592.705508998886,25968.145683613315,24931.916404336378,28654.586541008095,24827.6062841414,24241.400805084922,30460.130538379733,32258.55492090677,28743.71058060169,25112.615573935356,22627.967117558543,30266.526158519515,23433.481538722514,22783.478908788355,29655.90868591944,25040.70304209179,26.55447981847418,47.67150870527988,29.73368502783128,26.105724256412973,13.968830867796042,8112.816372960695,10130.103809661208,1.0238278071277966,12593.032961240458,14756.362244293796,0.05885398064002924,17210.451990013036,17449.325207314774,20157.519031402393,21127.79009859276,24807.453676398578,26364.68183959659,23666.720322344165,23376.28479351215,26849.43428755903,29873.643128173986,28660.638137105263,22911.427522187943,23824.21434217487,27985.44959142677,22391.108015217265,30003.761269835173,32001.82710859344,23954.415729094573,22278.75805452204,23663.047339688692,24767.02320109698,24.106498937015814,46.26560261701764,31.97462760714379,25.440229839639656,12.81777106374356,8041.676024216467,9809.935511734577,0.7926506922069113,15589.110784720528,18812.18591351989,0.057004123838818296,21088.716950970444,21923.49684439145,24348.148748830743,21265.514601779087,26079.98592731005,25674.289505655615,28153.12672077637,28804.29941033243,28724.8217013189,23769.512341703205,23743.821794371353,28468.682445977498,29062.25629028951,28201.941404084544,23853.71195997157,30721.360116394186,24430.678454346595,30619.395370959148,28470.83883452379,23965.04110618777,26190.13200260976,23.680716749811616,37.59455419566708,34.75644550448635,27.16683717853208,9570.980078880219,14.754920362658467,15203.85281433661,0.9376901644517567,17801.005298024986,24786.886216364685,0.08551679006203791,25106.495438245656,26754.745662684752,28581.89217775982,29920.178359917863,21530.333972738357,25779.15934022879,28082.772162704645,26081.317092749687,23445.770764124798,28956.320578232207,34267.24150616071,27200.938325717783,31677.93289130053,31794.02264106653,23537.147247914232,24434.377932728592,24323.239403516833,24489.547140607225
45958.01140834509,19.41664625780697,37220.901408654325,34.73966962281526,33290.433442969996,30.890558175903994,28004.89715597976,17.46171051510444,28445.176174088494,8.436004611554878,26107.90212933883,0.7249380973826932,42876.342863997656,37602.882225361114,0.06552932938110756,31392.049025105032,28775.07339941532,34136.86224133858,34457.977304167274,31209.75479881251,59424.85167557492,44918.90158337785,30227.125122013553,37553.01759285197,35988.54022299502,33631.8315815217,31351.00560259687,30241.956054191513,30770.11761511793,30459.394265499326,28694.975536089914,19442.695248110052,23.02862708054983,28.924815650489723,29.74210475990709,19.748079651218053,7.701642213625746,10267.687027791924,0.5857874568606795,22537.210499065826,20591.06146838184,0.04402374992606956,26225.400679281407,24734.431198474413,29061.27682259039,23327.237578381402,25309.91835126956,30895.259263690285,31402.401223220822,31731.268831592977,31373.023793215732,29682.13403778232,32469.888758180678,25331.73544379984,30346.777206957024,25804.290453016547,32330.6057628951,41504.42353586416,36943.622913449566,29527.283355766926,27188.822110718742,26061.98689480192,29457.594665777164,14.379562429882824,32.61785253161187,28.470511713260606,16.35930370015841,8.54831067214163,4.625788423267794,18989.968414417875,17417.14548134939,22475.028828045186,0.042941590759158196,25685.14153839331,21934.490038374985,23069.143988172233,28502.4509491499,31098.067808235915,31081.33120420093,25344.596992695344,31175.553460111267,35729.84107968289,41519.35335436868,30973.278125108693,28692.626086407825,36655.24719951622,33852.86121232677,33383.205095603764,28422.626153528534,30309.944132821794,31829.6934161341,30829.061235577952,33992.76846724307,17.59482027089187,27.32740643046212,25.128074430956474,15.42265448270777,10.920839417222707,9408.200189588428,13231.74084709743,0.5899361308018058,13784.454180464309,23048.966795901317,0.023191260809120297,29921.59549309089,30077.20324617659,28335.64107126031,35736.76244543953,34278.26103043647,31736.227590126477,34705.40152377921,33158.14757883056,40315.037163811125,33746.32685884269,29719.383751654197,33415.81413026611,33862.77549175763,26465.231961057463,33782.32462053777,30315.1306013918,37181.193118339754,27074.21062001299,30430.001784656077,10.351516867312199,22.338287898721017,21.20469915026667,18.540098148674947,8.236878538402541,11974.978420598749,21566.086192585746,0.38939478921810355,19786.11231557773,25122.128656438887,0.03708133445107486,28018.453144526167,29529.324811051374,29216.449544115065,32114.952909270447,32179.072688567718,26064.132695333188,25242.373445121913,30089.007081183132,29009.569471120383,28936.204786730174,26841.348282564704,35638.287965565614,33814.872384011855,27054.415427139404,27203.16103868462,29981.775706588298,26130.72401372843,31635.35787307655,25843.712949576024,28628.12210764489,14.366357622324593,26.54880519775649,30.59921535264745,20.004365131147267,11.910247091718738,10383.66224087977,11379.771503586457,0.689379333547867,8960.233525580172,14100.110022665758,0.04224395378879997,15020.851783834878,14889.183125510614,20724.889848133018,19678.292017163953,25799.201961114926,21392.053224799947,23662.40848736473,36144.20598305468,35148.21193277211,33122.33887523862,36615.05854800892,28005.399490105527,28902.681172881315,27685.81066711955,32635.95855847457,35512.153499882756,26892.399746345225,31851.098109060305,27655.101565902023,26795.456692472475,0.0,7.638528812878224,14.030997502776446,11.957903480493982,7.809857943650773,10025.130644362576,3.7167355584306767,7574.540572265226,8951.346171039035,0.25742563979489497,14205.450997531423,16331.67588860715,15850.91858463793,17497.877980295718,21656.126718439504,27384.475630144498,22289.323421985548,23111.105728321316,24640.387377110743,29864.014301554984,32302.33194430716,26394.75119260724,31587.965984671846,38195.88822306782,38285.402053410755,43982.35037762955,33068.04909116768,34643.21362210102,32217.5495944482,29974.319456124977,15656.623967484631,19.224807916928114,27.48605297481954,31.36841145190622,16.201273167692033,8.484698781991302,12766.621489323104,15466.23328476053,0.7488802540813633,17898.887974282377,17234.755236792105,0.04670294458564314,22662.555327742582,19501.046246566453,29418.120601863873,36713.048298882575,34544.776351978,28536.561847107398,33326.88177033022,31937.289061588253,32710.682210427356,28809.712732272954,32009.87987084971,33790.48845359172,32429.02501876075,34312.048846928235,25192.04065267431,32251.535994574908,26269.601603772568,28396.477597154266,25420.653061275938,30451.620240020955,0.0,9.249105558061173,17.099049191059354,11.844099610006717,7.4346361767865705,3.872957279244138,10894.147842204999,11257.962558292133,0.24130055065202843,17624.351278510003,19665.680099672525,18516.605090428213,18788.332750215453,20815.191772125436,22429.771967401106,28781.67777768099,25140.668063914745,30646.933276191376,25530.431211621748,25917.951532180952,30930.290603828424,34688.72119002225,30903.936389583832,32192.47569409742,31225.83756944814,32010.651021508504,26263.338595104116,30628.131993407045,23908.573559257515,31827.18155101697,25777.865993661715,26947.30441110591,16.949686655646953,31.816414249919696,30.837291311916548,16.25916176853378,3.990794020426235,12990.2703142004,2.536031736064803,12267.665963461295,18523.166474104113,0.10370926415456058,17174.839741834672,18933.064343013368,20259.004712207392,28236.419001615493,22501.01003685102,28077.451273661733,29747.669462849797,24693.18364093669,25478.502114382645,32101.520901452306,24835.00995934402,25920.89590074858,25293.819063928157,32745.33212854691,27393.158234180406,31715.624165022553,29883.96324923881,27212.444957755026,28439.532190029404,25301.80536696761,31172.4247550431,22973.11269471715,19.893902847584528,33.20000283831356,23.596558997171876,19.656030738560066,8.623229514635916,12461.719837387951,3.9419591768845543,22874.58290189324,22764.640461402032,0.060150021300261,24045.32262020228,23130.249041339146,21634.667149216628,22335.373739336308,33033.95596743925,25604.394490835948,25759.159204911517,31606.52450616237,33165.06334796229,30734.406546093353,31929.91083382426,26837.360661562594,25716.346200317537,26294.31814293396,28503.316745965167,25607.740861406986,32486.23689402579,33742.515491180646,25951.429564079583,27069.350959980005,34141.540966724024,0.0,7.64289139776843,15.670009704020714,4.831178711370329,3.85664932196835,2.4524414273246222,8871.849730826752,14845.968117210366,17634.495889308728,0.024657306767688545,16004.429419869677,17083.939006585002,24337.94101286314,27557.814218833166,24253.661140356267,29114.500828690507,25203.034932896702,24870.850269222272,26039.332075804432,26027.951929271207,24405.64688301867,26744.332733590654,31074.24709133984,32282.620001688054,31879.1115751784,29165.04402114974,36925.73655010022,27626.295638512194,32749.911179114875,45761.93543160935,24458.279943618276,15.200531606272923,33.48417420794632,24.3955181493358,16.615252280380925,9489.481617632187,8.228479316818367,22261.302810177283,0.307436002525723,24509.86824356122,24721.946713700305,29712.737313001704,22018.017829925626,0.016175323208198502,24830.672948817497,27174.824201365038,32401.874958988243,26009.250915475757,26015.890932202212,30414.689257512928,23986.99449469701,32688.89610726947,25400.01575912,24882.914391172562,32277.40528709866,32847.2128971805,31343.172530291937,25692.994652968053,31310.49625326458,30539.766122143403,26641.93612039728,32712.39206758512,0.0,9.34721308962677,15.635562852699216,10.725593255833976,5.719456148935009,12606.308849128272,0.3191475310951921,16768.40497165576,23405.63891882779,0.03145425825964021,25518.36542899215,33451.69949142185,28189.300562746943,28925.725819019983,31752.16601687743,26957.000626718018,25281.458874649074,25368.728892218012,26269.136760177822,32800.48521365334,32643.767184127104,27781.546367259325,31077.088143897505,32551.38290361818,30118.460292146883,25749.583726798453,32462.15134916984,31136.040474939644,30737.09376107502,26719.961478068883,27435.768907329213,18.24433893612633,33.0578655262841,24.08827657395604,18.825685959960268,10.837345568923034,12112.000316936766,0.6418456230327769,21092.628512769057,23278.280731181636,0.06007971092465437,20627.241211893997,27923.513479903755,23469.17574988966,46088.30633891551,33577.357176390455,32541.534029264865,38037.78270815528,25909.451558636756,27845.878395712338,29648.855419202755,29114.55911612451,27046.611604786398,33825.86064817453,33162.773121205966,33289.7877353516,25981.74851251784,25325.887398231407,26495.873350860602,25986.096039964785,30737.624279849508,0.0,7.73939912234123,18.184796208360076,13.963274902974796,6.90396316735163,3.3045284552035348,15466.49114273036,17696.000215473578,0.049809761333838236,24201.836893434596,25783.409140102503,25882.1222025965,24938.83170969667,29136.16746041879,28553.988030879867,29943.24429109562,31258.410853974598,27348.093656033692,31188.571824327773,26594.034826581086,25332.252582121295,29967.077442568483,24635.47449838728,30630.065902026916,33217.73648430484,25092.92316537349,32490.591268182572,31440.877140102406,24713.769292314668,26643.184730268003,28080.268267097617,0.0,8.603837997750176,13.256198535368023,13.189889355343908,8.804063039305838,9334.91310448538,11705.411572766512,0.5761832095005626,17237.34280574778,19780.015494018553,0.06510791886906811,18966.415807455156,19187.87137321969,21797.936863128933,28520.071256826686,24141.744050678404,23331.940417789956,31930.848956536982,24869.5046519638,26965.18754072624,28863.221661076637,32703.099951229007,25334.330998107976,31370.50608186289,31847.757759697695,25257.94177352665,32084.57510552724,25468.023683123996,28692.90829160644,25945.104212614933,24891.646750734635,22198.637696212154,16.906140396194953,27.218263183209043,23.726451346631926,16.002418729466353,10.86946398032183,11784.225597914985,0.624501118250974,14214.061124146137,17254.98271420528,0.06376346671722664,20204.52276571138,22729.009646409406,19732.635252460255,21878.550461170333,27928.401427351688,29271.6926020521,28254.370969591837,25239.238453152037,29934.72327005419,25492.983893057626,27976.071601257492,24523.844138114768,33023.09140167289,27295.884503531244,26757.411153556222,25371.66733265374,32466.038712124773,31660.51454200506,27189.3609187532,25135.086680672837,32149.300491421014,21150.822320814725,16.63281811257591,33.272341714056765,24.3973838327016,14.873142916693828,10.903734136400098,10276.205745908175,8615.655725125702,0.7090313930465795,10285.56051951586,13588.842254561749,0.06519160819910177,16985.624747587433,15844.139446321666,18265.452885337596,21941.01485524852,26426.98280917433,20954.47281502973,28017.70716814974,23915.321451077987,24036.13115657875,32857.31471644794,24624.223025216896,31319.05802097829,31509.143315468526,31874.12717926717,31125.860137292264,31573.808704299994,31604.800779156736,24321.861913688226,32739.469223036172,26150.912690533492,26401.37893748051,0.0,9.63516279534019,12.852849412133047,10.393821884785973,6.523808579024056,9823.728055858912,0.6767942271199778,18864.547093877172,0.0609529330451409,20513.01645740152,21570.905343627423,35185.56303128253,40259.95073930262,35428.002886079266,28603.599497741452,27969.310243980413,27748.176954522114,31072.770902494445,26369.33927442667,27128.011486728006,26015.614209619365,27395.603477630117,26585.917743095557,26138.581381037486,26396.38308236229,23857.562642383626,32085.036886199254,26259.17170624582,28166.47290195608,25784.516158953145,0.0,10.644988606325317,17.950556642618498,16.080038114409522,7.0634026291539245,10688.718535794213,3.543047844228623,10301.599909947952,10770.997515984622,0.177651608013777,13831.632725723908,17647.768992913985,15935.830384609606,22292.16500292531,19538.62910656641,26762.4061275365,22558.95733526773,28345.532869714385,24402.060304347695,26188.615525951358,31013.588764965418,25705.338400577966,24849.12538116424,32087.356128432995,31622.484735495786,25216.458890798247,31894.328039973858,26119.44790731241,24862.83102655281,25778.534185029323,30531.398594002345,29923.63049194467,0.0,7.686586794685021,17.139944777697046,11.354170862293834,8.78632942334415,4.6358981199392835,9803.737054496669,9277.466274574293,0.18065924570916853,9124.940787510073,11617.179091703063,14278.447290299866,16061.52550108264,23595.78865779192,20054.542659223232,26390.615672215317,22530.28999389724,23767.440100926455,28837.929619423932,24142.172435814864,31382.711052539005,33973.49902200889,31607.522040812848,31273.32949700741,23971.182921539894,26799.059241803683,30783.297222851223,48252.284622816325,38000.68522244973,46377.76116741809,40007.15391505427,5.64276629523969,17.464940344455645,18.83900666894228,13.110398668730042,9.734369470269826,9678.669777550005,15276.819277628056,0.5836558673278712,17536.082068635238,21217.316763413637,0.04314665554257513,22526.82410655932,20624.577104297194,21733.429895488287,23135.501447483304,24339.209883602594,29641.558308675983,24708.504303598587,30918.720559456473,33053.33381869762,25440.404118778737,26825.69619525447,31164.692538964406,31466.664997839172,31076.752621018826,29498.52180672137,29033.672606801614,24746.445184166878,24838.026829139548,32635.559923958866,31716.76087102447,21301.303203446103,19.478170058234745,34.080023124950515,29.704987629364773,16.75184590920146,11.523294242717613,12467.998638866444,0.7424652307416163,22942.5710113805,19123.449078930353,0.01947389845771983,26563.49207240047,32768.101987281916,25937.90215706293,33131.68157869853,25410.669554311095,32679.389805391176,28013.92275798455,26727.827952092004,25246.57058362035,25948.536768198523,25725.616755342315,30939.548012871335,25304.912257528096,28942.848450534068,31252.049387731196,39746.17645203263,35182.62068053028,33955.33767455199,39505.561375753816,38339.60981365282,9.420350086863198,20.6393311813644,7.207338056152191,8.182682189904739,13017.964953384808,6.420588697087432,3.555904922274213,21682.429474534743,23965.65334790089,0.13219057284248906,20704.155379074873,27325.690402256114,27707.295643745812,23503.440590888073,37450.79358718772,37164.809954500815,28115.055508392237,34072.43087089736,32667.11041733694,32532.12332440439,38404.014736767065,38381.9400540619,36855.79154263879,25365.4243684889,27402.473540100502,33441.03310496237,32235.68157636379,32495.27690140923,29561.153225803988,32821.68998538019,0.0,10.695287342793227,17.14034472922814,14.455369163599292,9.056023092348873,4.6524125324278724,9479.293595277655,14318.824193439486,0.22503615856762202,17315.573908490747,20019.562779304822,31582.417049150892,26267.522474664078,24568.856722238546,23842.749929135192,33113.04908600478,26885.7156928097,30797.485681602702,25238.581212024033,25457.42597618982,25377.525848772366,25651.009888014647,32186.047506259398,31020.127521986433,32319.978456965804,31186.61129606911,32287.069062402654,26501.492122630294,30779.924979500644,24205.671765512638,25157.675471310093,0.0,9.930259982672064,16.17022974752602,13.299046145708266,7.080472545310597,10414.353349150339,9005.992020894364,0.5669888734832208,9160.901082149909,14757.650739756893,0.064569002720136,17294.318831275206,16267.32239513456,17501.997143385444,20963.634250202253,33231.877051143296,26496.778048647917,27994.12059353466,26904.72629862958,30917.439672703353,26788.242727182176,26159.571658228037,32873.46176502078,34830.56723437781,31047.994755673117,27132.626453659486,24448.117616375945,32700.404701148615,25317.881737063006,24613.293097273003,32036.007284558313,27236.064877122986,18.815458607277506,35.01333115082945,22.264142520839624,19.77907972578745,10.692379323538713,9251.44884553238,11389.335044986348,0.7572452140279413,14004.692546712085,16287.235704580697,0.04290332962066251,18880.05518654386,19051.594422289603,21941.831414406923,22964.921604354062,26904.678525907046,28568.220996259242,25622.875424829363,25282.08327450208,29017.03797877313,32285.106800447058,30972.404619381763,24757.14987749827,25742.123576290556,30241.289568842316,24195.29624489325,32419.731196656914,34582.31243765656,25886.578408799338,24073.113129356203,25566.986655613484,26940.80373931845,17.09478856918981,34.02200534337428,23.958979664171697,19.293043344331622,9.816803608757363,9194.976391026787,11039.017462186855,0.5863067127533549,17338.253454093272,20771.825336023183,0.04153877671962033,23150.64628263164,23947.985506984238,26513.111113776155,23118.014815444454,28280.726008266418,27811.75351166723,30450.237336083817,31128.964382622675,31041.063856139583,25684.7670206094,25656.601024034586,30759.28530043587,31397.867165024913,30467.68333300977,25768.821769647315,33191.0735438274,26397.40957631924,33086.064132106156,30763.37442021224,25893.278974912962,28490.115013880568,16.804560991285367,27.667515732128965,26.059633909524084,20.607869720000696,10124.896399616988,11.295950229278297,16674.20754940664,0.6922798522770128,19434.851452206214,26970.605424216945,0.062121237488184496,27275.19527099921,29003.753120253317,30967.86223461794,32399.184064066,23281.242331209316,27859.043763748687,30346.86211549374,28181.44304633588,25332.73142121707,31032.54710478149,36805.616092208875,29248.290810186638,34119.608222693874,34260.267184948636,25373.461259564643,26348.44434440648,26237.27704319196
48639.88135581953,13.730312739749564,39649.26218110978,25.457769762303425,35582.74743466017,23.071695967394803,30001.121816131006,13.204931181368206,30510.08893682129,6.4459758339360125,28040.241927115097,0.5357185967396442,45767.978679229775,40240.71436329784,0.047662908948004595,33652.68958218459,30909.94262276084,36686.95690344093,37065.08283398165,33344.34162160802,62892.5762127796,47849.49419179595,32298.85200937717,40216.74686603158,38593.14464787228,35887.51158634661,33530.200399307825,32418.57434871338,32827.05788178042,32573.531195445707,30752.46309656055,21168.43582495308,16.28692605237524,21.203783600660472,22.219140230162882,14.938443502627209,5.886558939458635,10988.700907386105,0.43315997349343455,24628.510456582808,22403.352546314934,0.03206077176008217,28467.072239438625,26799.221445598032,31410.089405750976,25194.230363594186,27311.326790688094,33297.44654848207,33838.02961200476,34190.810164678405,33802.5781944085,31976.12848210322,34977.81034107365,27288.31763367982,32687.5681916286,27793.236501340994,34824.418861486876,44376.58138165095,39590.118692021795,31678.441262057935,29210.782243588303,28008.827396904653,31887.728183960062,10.151631112498391,23.842345799678338,21.223857780047336,12.349789582767924,6.520885531208908,3.569420217283433,20910.469944714096,19079.113104028474,24515.986751839548,0.031061813895128035,27927.22297230484,23778.760859750924,24973.492810861833,30800.76211329191,33586.99810000101,33543.87965146247,27318.601294844953,33594.03465424479,38032.56246327512,44329.424045624044,33158.92074592261,30762.655155911336,39373.738214799465,36382.25058101755,35910.77210630462,30576.103950752553,32606.41706859339,34007.853901023904,33019.268997089464,36528.069155011784,12.441400808903268,20.024899998831796,18.76737762781624,11.662898075603703,8.344323174782586,10639.527980667577,14767.488107493375,0.4366042133864701,15235.22548818265,24921.76945586077,0.016627981334564453,32042.86525260304,32250.59165646934,30435.4784156512,38405.79745139474,36866.143579432784,34144.06395542024,37347.087619259626,35693.915185709055,43088.67437072621,36150.72955330668,31871.91826165764,35893.10149425069,36390.343796174195,28452.493943708327,36334.6375773011,32385.069156015783,39808.09882898576,29023.72447086113,32774.59866775354,7.289137828277462,16.258654717862463,15.757103062039402,13.965812523354849,6.274454066636049,12805.04254211602,23579.97800473694,0.28126005506771495,21537.54835099481,27264.385193272712,0.026583910438909016,30353.282432550095,31913.768396248703,31555.783511096906,34659.39435873811,34697.82166833519,28086.580338194057,27200.41022727028,32174.492551954783,31083.352672652127,31035.198661159902,28831.236443705766,38299.29783487829,36363.95272576089,29101.364249566665,29264.244451409457,32261.013171811726,28122.176916290944,34044.85438145436,27810.870053570477,31007.92525857011,10.147814919022126,19.419781256012577,22.82252765559898,15.106538380956568,9.085969720117015,11109.742256671885,9177.016285367576,0.5087984723836647,10187.69630776988,15832.257073136418,0.03013541085046149,16688.464029510917,16392.42380301639,22684.279441913583,21447.568210385303,28039.17215644055,23187.257795454796,25600.67869608973,38721.74175142311,37484.9804713357,35420.48908884923,39246.297242286346,30064.913415399893,31059.416229970226,29774.43411742636,35103.4469488712,38213.54401316821,28953.351300657985,34296.83778638589,29778.644652190644,28857.538201068637,0.0,5.370622198900954,10.203519918628535,8.87601176218468,5.882305456541392,10737.656702909444,2.8374171429171064,7452.184076695516,10132.369185717615,0.19190230377277007,15874.028904383767,18064.183068278857,17397.810085658188,19101.144169113282,23553.052765666987,29688.139581309733,24131.630811814084,24974.975134531207,26612.477955917544,32222.3759617574,34809.502997557414,28442.761450568298,34037.98711997651,40658.47515372906,40872.97623446686,46840.578672082425,35329.73369268359,36906.547173811145,34431.08701267545,32107.993547059265,17192.995817690582,13.602986277040138,20.162004787758733,23.44154855841199,12.256876222464587,6.485122845212612,11817.328460584771,17187.41993731819,0.553855171809983,19706.374199860144,18865.274627961404,0.03401105319257133,24694.144603249966,21176.658508207678,31877.800208761357,39355.67944524463,37094.51281421972,30667.305972211703,35841.06882549859,34351.95354398774,35185.5866345037,31006.652775091334,34461.75982555711,36386.34692554804,34926.670158746616,36962.25588943954,27140.118705565423,34744.82611691671,28301.549182634244,30594.560119632846,27387.92309233112,32805.084703265355,0.0,6.502660845079289,12.434241554984993,8.790910416411839,5.598747690158404,2.9562350928129697,12352.100149151327,12588.360038359264,0.1799518658266422,19500.362274517072,21617.12742406533,20239.610450865122,20451.44688296131,22588.73165956875,24299.738652292646,31105.275002191003,27156.889709352137,33082.39779023506,27531.92296336223,27929.12498292036,33329.04109445579,37379.24264092813,33300.35774732596,34686.93414478961,33643.99374074422,34488.495405651076,28297.1945056571,33000.00132214502,25757.402245621914,34287.66583295871,27770.691968457413,29212.79067812524,11.980232589761217,23.2992587058779,23.013690021067024,12.28809750576723,2.9729395955901325,14621.697899596878,1.9157427506040399,13643.727065145535,20415.70860949605,0.07698094244292923,18821.073741899138,20660.442088941967,22032.135367119576,30611.750975926352,24365.308155647443,30342.483340655508,32125.31961159271,26640.5087376571,27455.647615319886,34591.835137656075,26760.011251500935,27929.029566842724,27252.594534051288,35281.67595161879,29516.765930788046,34174.3236331079,32196.64283176843,29318.8752166103,30641.914435858413,27259.8779353648,33582.29133455316,24905.514164960387,14.065381936707277,24.324574285173473,17.61612357899392,14.85334427403365,6.581580041950232,13341.117207149497,3.0416239180747047,24971.93408611423,24755.89227117061,0.04351624689287983,26067.64766265048,25037.14184957768,23375.866709280752,24103.86477720298,35602.4325195883,27591.168725381758,27757.08729278952,34057.71926334317,35737.40707517964,33116.29501896026,34402.591054491604,28916.4943327116,27708.633070784028,28331.381433184317,30711.088256172723,27589.95599478185,35000.89489319303,36357.079953833025,27962.96632311263,29164.704759985605,36785.4917591607,0.0,5.3707550496787615,11.391805360019358,3.504814602611334,2.855763509117369,1.850725471822031,10029.156423251216,16573.641742697975,19504.55191224894,0.017633650463187725,17576.31490950539,18651.24861012437,26471.690482798826,29885.418767215702,26267.693799143508,31464.549464308246,27221.85880499679,26838.828129202277,28070.86078407026,28047.2564455142,26297.91819845166,28816.994125543053,33481.619196516396,34782.614328791955,34088.1413137925,31252.20757771184,39610.19616812859,29680.15687679166,34969.47926952059,48736.72705475007,26371.163399635716,10.737882591914614,24.49762764863962,18.200807018036063,12.557481263917559,10148.321736069965,6.286751661463163,24325.035152008266,0.22261849568952927,26667.067162486714,26815.713247017946,32182.702531614916,23795.35880921354,0.011294689617737252,26821.26238826685,29325.110653103933,34923.38766598664,28027.440003962074,28034.105077098273,32771.79993214567,25841.372421018266,35215.26924356778,27363.63102414777,26804.830370363503,34770.4597586482,35386.55339484778,33766.2392172794,27678.687019859568,33728.86823813526,32895.44325797789,28697.67749261079,35240.58109765844,0.0,6.567411017385362,11.363997847964278,7.9616486625496,4.312293568479394,13480.478027442065,0.2292410957180965,18346.983783577347,25488.595112626823,0.02253434809010152,27702.978332047016,35874.56054988987,30280.71035217489,31086.324451458113,34143.926777394125,28987.561196536702,27190.11597300011,27282.55120018062,28255.252469490995,35292.381692232164,35137.41641896448,29911.711352009133,33461.11574709057,35049.71443254084,32426.64729435159,27719.854212160142,34948.67421338683,33520.986429672346,33086.40785753974,28764.481965421473,29725.095045944618,12.888130848517664,24.18679519094524,17.96940713728919,14.21917803603891,8.26705801179722,12952.126888494768,0.4734264988239301,23062.307734083497,25322.548786339787,0.04361466729590723,22366.22234645451,30231.51064339149,25362.454279386333,49083.39186959469,35876.33057774179,34849.78626421769,40792.807531264516,27827.103315460547,29925.246984193516,31885.571383487208,31315.80705807898,29098.645508155616,36406.83948060986,35701.63146102975,35847.18129422614,27982.031172570365,27277.21809731509,28539.62584054758,27993.840909221446,33110.989310187564,0.0,5.440777606043492,13.224915781202018,10.36960940493367,5.203620010878786,2.5262487811108874,17024.621907483506,19372.34788467592,0.03580205430976176,26388.11957086142,28028.486179864958,28055.114190139582,26992.045563676093,31486.89814415467,30836.230475909404,32290.684331266068,33683.31981046075,29467.88807979577,33602.78162882102,28653.50014252446,27293.584022105424,32283.093840792466,26537.67009905989,32990.07749687257,35779.050881275034,27029.139815233983,34997.62575606069,33867.74096540305,26618.660025995167,28699.022447542822,30250.461937059736,0.0,6.044095201323021,9.627073555154,9.782856213967,6.629662316669555,10548.431853021973,13067.608412344944,0.421231647353912,19062.449865051796,21706.618234701742,0.04693725962621618,20706.116558336784,20870.10531199712,23631.57653033894,30880.262060908066,26090.115228367144,25201.643261802506,34462.28311926174,26809.76611926007,29057.34292745896,31102.125613058663,35239.3379083123,27298.035461570045,33800.36048111044,34312.99308588261,27211.637699633728,34565.646705131025,27436.896480232987,30912.298079583157,27952.960810439057,26817.009841957595,24065.316234663744,11.951333979716793,19.93711052049891,17.712382301676552,12.093646590778265,8.299684635176048,13306.93089269949,0.4613768346057365,15851.12909588643,19067.72969068535,0.046398367322593365,22149.55654113838,24806.6394390123,21458.1317554468,23718.486908725532,30230.86119474261,31631.213543911712,30505.946258736756,27214.78655919083,32256.264087454372,27468.327128839188,30143.42304785325,26421.711336997814,35578.70387514907,29407.214826175845,28828.131089197825,27335.608752473916,34979.133233199675,34110.67903133337,29292.991306843513,27078.76053366563,34634.6870283271,22928.513434038476,11.755449567557212,24.363378078101068,18.209927646081674,11.23896676369547,8.32189263277465,10994.463850660497,7350.126364295987,0.5236092034015633,11673.842005879731,15204.57838889226,0.04740117260347747,18794.88449502768,17422.735277630163,19975.47480155792,23898.561790547385,28711.150549599293,22711.12189329052,30288.30311219304,25832.530316890035,25938.059455920396,35416.459003731165,26534.85521803294,33746.64823568796,33949.23893151381,34341.40367975215,33533.43818510229,34013.272959779424,34045.90436862037,26197.24361256121,35263.905947066014,28170.12084813414,28441.20950770183,0.0,6.771176771537461,9.34353232556687,7.713176317025517,4.91341990639877,10513.843754443778,0.49478360464625576,20597.01677137136,0.043994105419972354,22312.96312069329,23399.43412386675,37523.793957729125,43054.32832652174,37972.268550188826,30703.52042768909,30054.97227886345,29836.71884035881,33418.650744418905,28363.030938346925,29184.82097678442,27990.75000089708,29475.50966459656,28605.68526702931,28128.183113279625,28409.290032116525,25671.23275770927,34512.604713292574,28241.642524977022,30306.317303073487,27749.584157793895,0.0,7.485372487460738,13.05802243455847,11.94290396441511,5.325783814555914,11449.249380812063,2.7076491554005053,9418.093856337777,12213.374185480287,0.13284897754469777,15464.387032704682,19524.991489718122,17516.023130310452,24354.75454766279,21254.485865293176,29038.878512559393,24439.694184672626,30636.497051612383,26358.289345854762,28266.08750294315,33431.17568822068,27698.875864868613,26775.22078221371,34572.73533288176,34070.83287670765,27167.446608428872,34360.688003543815,28139.781132649372,26784.917807857884,27770.837505535852,32888.840180593055,32231.78216177437,0.0,5.403378567906301,12.46254320981297,8.427453761125465,6.61685601627551,3.53938476334082,10473.721328148637,9874.002142310677,0.13498092320631355,10301.05351834184,12948.110182775548,15778.490065365217,17609.82635329837,25756.059340395885,21812.01198631722,28610.48309737883,24388.948635573746,25684.241702234376,31141.7838807639,26034.82981393952,33817.44930365254,36609.03422072702,34059.05998004505,33696.56720591698,25824.853134093035,28871.960245918395,32915.31214073689,51434.67526233208,40631.13399060801,49436.52106188946,42787.126517627235,3.955382750406913,12.602597125708211,13.917762659036592,9.835233963264974,7.391863203787936,10904.265253517535,16995.248901972187,0.4297192754875535,19342.210965784187,23252.9692127879,0.031367582102644766,24574.596202106935,22422.771844080646,23560.344885813483,25041.54709528489,26302.674812606532,32015.918606121482,26663.636070158143,33322.73202141062,35617.851877169116,27413.608971916332,28906.12126251273,33580.68197590255,33903.967544859726,33481.74056316484,31778.325713480946,31272.367097013397,26655.92694819518,26751.02226951278,35150.09254269953,34162.3397948804,23088.00053227161,13.764383936551294,24.946971414956106,22.166448316144102,12.657289355974113,8.802152406544824,13335.200407137208,0.549097688493529,25075.466094634914,20814.64942822735,0.01375523758316361,28537.71163962846,35215.81133661042,27893.189633647955,35627.355602566524,27327.655874750064,35148.374132441066,30140.772466300317,28769.5600642487,27177.300752382504,27934.03046297604,27696.13724149852,33315.2927961281,27250.628009113447,31171.99239574992,33412.04746599774,42591.550778090765,37745.788166311824,36478.09672655365,42177.48039177734,41064.77206377486,6.622207934465868,14.975358515494754,5.14061319603896,5.985395154802941,13924.967440342756,4.788083102142914,2.6963678222270286,23718.92972673212,26102.062584438034,0.09831888337626844,22485.616910206078,29613.641591056916,29954.71258401398,25386.88658509081,40081.56760073946,39841.16525109547,30189.19046407388,36615.96557139943,35122.019470365274,34986.353633228995,41024.76088035966,41099.99157171294,39516.88897495032,27234.804419196003,29445.866753087405,35952.104757304136,34667.548256611575,34943.01316461734,31809.854332770883,35330.335062622245,0.0,7.519690945131026,12.467156180898845,10.73078202120825,6.8214764684903955,3.5533510248646305,10702.63119606806,15967.957982532289,0.16824263577733883,19135.810629232896,21946.790966110162,34032.64892119838,28304.65924879664,26472.245729712853,25686.98109497644,35673.65166195784,28967.769030136034,33181.958864316024,27190.25820489339,27424.324594188063,27337.64481531873,27632.252318509425,34672.81472373448,33415.30566675847,34814.698505716035,33593.028262566746,34778.39939812399,28549.669508331164,33158.05197320743,26074.063315565694,27096.781656182608,0.0,6.979411079969226,11.756387845050373,9.868400432821028,5.332387121292483,11216.083589352007,9380.961772865607,0.41454798514040264,10343.148961517047,16455.5712592983,0.04661311984757721,19114.49257326533,17838.854155156856,19102.90344402593,22797.903878977424,35682.259038651646,28471.838819454028,30096.1861138798,28952.645015751987,33266.278677530434,28823.38114920143,28150.771116500127,35378.78656255927,37501.219679019436,33441.11564346235,29230.768277118943,26338.668763843496,35228.39580370161,27275.147414711828,26513.775990377544,34507.96522627032,29523.661572800927,13.29005132275841,25.613338323094663,16.60957262080395,14.939018854841096,8.163132646172762,10464.825660605613,12722.314625672578,0.5598821559305007,15491.328021782349,17893.648092012943,0.03127949014431335,20626.938202469937,20724.23185222283,23801.8029637353,24878.630804588578,29086.992926743973,30860.18693155501,27656.69500538013,27262.554663878018,31268.775770606284,34790.15901420701,33373.82397581848,26674.365216456827,27734.271776625326,32584.55887939925,26069.382906687395,34929.241197783485,37262.84271476306,27893.672505197213,25936.956602645434,27544.587131526372,29206.00973015359,12.083094200178879,24.917534063613427,17.886612722663976,14.58581498514007,7.499057511908484,10425.530376137856,12340.618987843496,0.4335383308671114,19180.378406586475,22828.537852974165,0.030273374476474983,25308.73124887596,26061.866355647864,28770.26913144217,25047.86924147763,30570.597427468216,30034.671174390307,32837.42376319628,33543.831372828674,33447.106299078565,27674.22310320537,27643.470646435144,33138.50886980893,33823.73777711037,32820.95781388868,27757.870010722345,35756.257644595484,28440.26947577988,35648.27787535673,33144.67102343284,27896.11808589165,30886.8836837177,11.885067144767861,20.277345504148276,19.464904238861283,15.582519281925626,10828.168672806021,8.625042975265197,18212.417546258566,0.5109223957914988,21140.422540501106,29246.499764427404,0.045132114696472256,29533.721837319248,31343.51075139449,33449.46895297328,34976.841328092734,25100.589501712013,30019.60849146676,32698.716248488665,30362.88041674355,27292.71509976858,33180.65377250974,39434.67792231829,31369.922990377552,36651.92269023446,36818.6251007946,27278.742687046324,28334.679890448388,28223.799179549806
51397.79815789066,9.681595682300868,42154.35503944876,18.58766333659018,37951.37791734467,17.173645336627654,32066.065094221285,9.957162207235319,32647.34762477208,4.913497964185589,30041.561497169823,0.39578106915533684,48753.966655151744,42967.95857008108,0.034673508613870495,35991.92281316626,33121.19827650928,39328.90049321496,39767.25222872377,35549.53135497817,66458.6312241784,50872.688561150695,34439.24205324083,42971.73957486451,41288.73701333003,38216.40045559267,35782.60946463387,34670.82394084588,34950.543719150985,34758.59665425094,32881.18204456499,22967.543632589084,11.485795381712807,15.48714108654552,16.54340566424638,11.26805169413712,4.488497930255958,10177.808658283831,0.32021596261817353,26812.583027623077,24292.06888160875,0.02335248548139816,30800.66144984903,28946.774527636248,33850.16837304106,27133.08728073247,29388.884804674697,35789.55877571083,36364.61929674609,36742.14851530945,36322.73070920249,34355.50049997142,37579.016739670886,29317.676983036476,35115.314830725074,29856.015605742035,37410.87207678342,47344.8209934287,42328.156249858584,33905.22788269405,31305.254184232064,30025.78737428247,34414.16680430768,7.148113758186619,17.366569873914585,15.769248680800724,9.296503254073192,4.962413659580361,2.7483792196318886,22923.463311305408,20816.802730590138,26645.631321912522,0.0224789630715183,30263.109801020608,25697.46786718176,26953.357265766477,33188.17838429673,36171.73209077204,36100.297776732055,29366.62431983123,36102.85286689194,40407.18793438552,47231.50086452561,35419.072297433195,32904.777395530626,42189.462633153365,39002.76084593056,38530.56533449853,32808.21076669584,34986.74014374782,36258.09608145108,35284.63020476342,39154.546125888366,8.772375200134956,14.620294520471964,13.969521536071033,8.79443485230241,6.360338302114291,11946.555158504392,16387.533982531502,0.32303054306182444,16758.57010244855,26867.71519334532,0.01192614411895089,34236.77511072066,34499.78980732111,32610.36495098265,41170.94536869076,39548.19169088512,36639.93292136994,40085.65936320689,38323.104819707914,45954.57595524325,38637.86625465103,34099.70398979919,38458.962080487654,39008.87845650124,30511.69087599248,38979.88754312635,34523.36177818882,42524.66172494615,31041.00823942419,35206.19913778778,5.121314459402156,11.794674896371307,11.671189243613084,10.490575642444027,4.768188735314693,13798.248676699915,25683.750960642203,0.2031678271766128,23363.249515977415,29494.28228774346,0.019059551613135647,32781.54067197557,34390.78078226341,33985.19993590786,37300.82715870588,37311.46661771025,30184.589716678856,29231.578999058675,34329.84994119682,33228.72263980855,33207.67964978917,30892.271298975462,41056.108343182685,39005.65295947337,31222.95173320036,31400.58332599697,34623.7408882278,30186.75441489816,36542.773686779496,29850.173992869375,33482.733356542754,7.148732866861044,14.15399272817423,16.964548067877796,11.374776069526268,6.914524963760782,10545.997595982977,10058.605736171237,0.37540806283377404,11493.92561648295,17664.725273555727,0.021503551347511196,18443.837743682456,17967.944611271185,24732.156448574813,23292.995710496212,30372.377702310645,25054.784414081423,27615.240235884467,41388.044986899455,39896.947424321384,37795.71490209954,41968.82748455681,32197.492768369255,33293.750499185524,31939.002072067753,37660.84637272923,41013.949686051645,31090.38686178572,36833.03664742181,31980.730019957657,30996.05118651335,0.0,3.76853736203285,7.39922351103629,6.570608355450413,4.42003474121079,8189.4921028385215,2.1615670346441873,8517.884919604096,11386.551614591579,0.14300901207558256,17635.23797951614,19884.011439114456,19016.70944064568,20774.67717593859,25529.60674734752,32084.825919329724,26047.082627504147,26911.117326127664,28660.478082231388,34670.352711720945,37410.36991569464,30567.285200719223,36579.50706463016,43197.986346623045,43545.15712249503,49788.778659753145,37666.22505022537,39241.49467431318,36718.1608159118,34315.020418578504,18801.2628894629,9.596838940137339,14.734960244026945,17.45844611812292,9.246113836926305,4.944817415228609,8883.943136528502,18999.39410654593,0.40950506323546054,21600.7869703605,20569.476805077997,0.024772339312312118,26812.928630958755,22921.322563844144,34436.22148015497,42090.14343672907,39735.02650539404,32874.76031589387,38446.674316901175,36854.6042474856,37750.73442509856,33284.309429553294,37004.1108682985,39078.259711977815,37516.9633984432,39711.040206944286,29160.739603292204,37330.93694412949,30409.182228564205,32874.574494301094,29428.504985101597,35246.14008714127,0.0,4.5626738908625875,9.016690046365847,6.507232973154214,4.206308075614481,2.2517621180324134,13901.582037395438,13993.038862113437,0.1341540519387371,21471.23371646834,23660.87167711175,22039.254249631675,22185.081082699635,24434.770932408075,26244.565449462625,33519.061112924755,29250.871417659106,35610.96942675969,29608.937092538956,30015.441422434935,35817.366276735054,40170.24465738441,35786.25656066254,37274.46292159001,36152.322985508006,37058.69955233871,30406.89292821241,35460.317687420546,27675.077912898403,36839.749517363605,29837.707268437625,31569.70338800419,8.444204219493077,17.0004525391873,17.11708942469094,9.260158973425563,2.211856482450469,16349.601144895787,1.4450182739730677,15092.917431853357,22400.288161172833,0.05713044826771341,20542.635875144766,22463.217427693286,23879.640351944046,33082.9993054465,26303.795663032295,32695.367264820903,34594.371661088764,28661.731504171847,29506.667329816835,37175.169556859975,28756.859019671236,30012.075198673603,29284.412765626625,37912.6186319151,31719.644170627653,36724.80203135564,34595.50623404305,31503.821059321715,32926.42354281181,29290.91961481273,36081.872910545484,26915.939957034025,9.916405456855436,17.757176219948672,13.107129026290446,11.191922386867713,5.011225958891469,10993.067152534823,2.341905646606063,27161.266827587853,26830.620119696836,0.03149691819612008,28171.6175372424,27019.556000848137,25184.448518339577,25939.727619409336,38267.05898792623,29652.17188248342,29829.630264013427,36600.44709802041,38405.817887241734,35587.06846399875,36967.47755110054,31073.188573141902,29775.240753803006,30444.43588775771,33001.20375301903,29646.056687800145,37609.28485437186,39069.195998113275,30049.579305780822,31338.161277278414,39528.03550927374,0.0,3.7668898368493946,8.259382273392255,2.538559782202245,2.110820768194957,1.3940867306667137,11257.391429005136,18396.387071071033,21468.83030220416,0.012613954990206372,19221.81934294713,20287.33193540567,28695.08626154528,32307.3767893916,28362.047748461246,33905.79807618783,29318.454163825743,28881.73084679002,30178.688689699502,30141.993185821044,28260.834218927448,30967.00105749173,35978.79656700148,37375.83347520352,36371.16505625647,33411.49543776861,42388.840842652986,31807.652082821645,37261.81538503212,51805.1875027228,28356.06062112352,7.564916563202209,17.858673742768936,13.533489413575627,9.463471053484655,10392.125595005073,4.791605429254475,26480.23385262184,0.1612167235973817,28915.236281820173,28994.5761670971,34751.27208845336,25641.678123895417,0.007886928054329263,28888.594715631043,31557.262815574966,37539.370966293114,30121.031721970896,30127.705149746926,35216.87094543688,27764.78550080039,37835.6685919985,29400.348152196646,28798.234062384403,37356.24604785327,38020.42896999716,36279.512316998465,29738.282615469147,36237.19414598818,35338.62903866859,30829.81136681362,37862.86392355196,0.0,4.605600917098087,8.237391765854495,5.8948821790151005,3.2440189144982243,14526.461240540211,0.16466113745450317,19996.561988707563,27660.32817192405,0.016143798913533854,29977.30234007173,38382.12326827637,32446.95157697938,33324.735792074614,36622.52735771605,31091.84716435404,29168.22358380644,29265.96206252881,30313.738819611757,37875.50106604748,37722.83731793233,32120.553647965164,35933.238888677624,37640.408265823404,34820.04547740065,29762.750941185317,37526.94644262279,35993.933697443514,35522.22845125617,30884.36562965392,32106.146837483753,9.079817425572596,17.633001910122925,13.359903581575207,10.709091454572945,6.291244884594354,13957.309942862572,0.3491049583595292,25119.894865928276,27452.841750827713,0.03166681673548924,24175.569834220496,32631.141335760127,27329.16578026702,52172.75710391071,38251.4227193174,37237.12274824842,43644.14624526665,29813.21051767097,32079.482990972334,34203.61664876169,33597.264689422955,31225.70356339476,39082.69865070668,38334.12298481983,38499.20585390073,30056.48406401273,29300.95901384129,30659.299604875046,30076.28824762969,35572.606980364006,0.0,3.817310221092835,9.591206973878313,7.6804783075920176,3.9130034352379317,1.9272227249515417,18657.516774471685,21124.544085093246,0.025742476327442258,28668.928238633867,30367.270496576562,30315.685965759876,29126.469983326628,33928.81546523785,33206.207147761794,34726.70043105231,36198.80588031348,31666.799208487166,36106.97926536052,30789.762945513186,29328.038437573938,34685.30742265204,28510.59809070584,35437.66468965755,38435.479752143,29037.307361386935,37597.82305113393,36384.81803981292,28594.26353968199,30831.256247043468,32501.425580169696,0.0,4.238006966310383,6.97268002887792,7.2369839441494275,4.980855727184601,11836.083080893559,14504.765227750608,0.3078495590451145,20979.37903566043,23722.738999765144,0.03383983949875022,22522.14253745984,22623.015806430427,25539.25627989547,33334.26885355957,28114.08741264019,27143.401092074815,37090.27078631116,28822.899011915735,31227.656892829516,33424.65184533397,37870.28464559147,29335.030912527207,36320.8419662048,36870.11818157898,29238.104395132246,37139.10884925592,29479.066868822156,33214.35513440133,30035.641760243412,28814.088368338034,26007.34302611878,8.42496699163633,14.550814721441817,13.178209689556992,9.113415217293614,6.322163486175588,14922.129739142623,0.34076592067239275,17577.40258838689,20971.00130204029,0.033767587613746805,24183.959585501358,26975.11913193837,23255.941684622976,25632.69891322443,32624.508496723334,34082.18217024594,32843.82900444707,29264.765088640175,34664.49641515896,29517.37206892407,32391.625963675477,28390.304046584588,38229.55325321677,31597.187444156778,30976.018028441595,29372.754593180176,37585.90143883087,36652.1508233633,31474.99655522112,29094.8132271877,37212.60003383997,24777.92685573803,8.285275723610717,17.775581301462566,13.546096142211097,8.468509170584754,6.336190877722331,9985.489114723163,8411.341465400714,0.386570333182233,13149.979030756609,16911.052669305594,0.03447105636085518,20695.688941272158,19076.281617936398,21762.002137513886,25939.742540513882,31089.983494006512,24538.468864315302,32647.35583911202,27823.653040669233,27912.397973845367,38071.56285477683,28516.8684699987,36264.84296211514,36480.325743192254,36900.646032966266,36030.69308823452,36543.50273336913,36577.80740732175,28142.267657511205,37882.0876916909,30264.412462351687,30556.936364637524,0.0,4.749358100767483,6.774006478165742,5.709056188354356,3.6921468014386076,9122.668869971521,0.3616057104268266,22405.58325218941,0.031755434717222655,24188.593750547534,25302.34305425516,39937.23856183957,45942.456270460956,40604.75232646189,32877.81777113143,32215.62691869147,32001.034808557768,35849.89037009969,30429.369297831836,31316.779894642263,30038.145178744697,31631.508212329714,30699.392074886662,30190.75485295332,30496.152131019728,27551.33902802954,37028.68985484772,30296.24972399754,32524.49674069965,29786.807919610867,0.0,5.2529924857974315,9.47218216264542,8.846314405599097,4.00617591011531,9068.989862427588,2.0648848496541543,10780.227019557682,13746.356019551089,0.0993054552011742,17188.210366839678,21497.07414404342,19170.902429112306,26508.590355630633,23042.54764709404,31408.26066855972,26395.722306831303,33016.47983744287,28389.936584149647,30422.844851400983,35939.48812441373,29766.856462931642,28773.20349450542,37150.812550262184,36610.46110320103,29191.122185417866,36918.890677358686,30235.367216565926,28778.56042146072,29837.290100333867,35333.94230006513,34625.67700144548,0.0,3.790909134608303,9.036442847153397,6.238516477039792,4.971494101200521,2.696587086130031,7176.624067479082,11253.458774211176,0.10081230730705733,11548.437300968028,14351.203233207481,17353.441708723454,19229.35998721654,28010.93655163693,23643.288684087624,30919.98181969717,26321.265086188192,27675.36857026883,33534.163133574635,27998.902917232124,36343.13853309426,39343.014010462626,36602.15337538386,36210.21793563407,27747.550617091616,31022.072139878317,35118.706346274055,54718.68593170696,43349.60307528959,52592.95321191253,45660.468216201516,2.768374172776533,9.067735738025883,10.250545035364677,7.358097463833893,5.5999329154580115,12202.902696078447,18805.246768646764,0.3162889421274379,21236.84884164042,25381.853667653966,0.022806447637912584,26711.438943992172,24296.11444317255,25460.97810767076,27023.03183463668,28342.2949727076,34481.74677895435,28693.20361782721,35816.73671316109,38278.17500232555,29460.505391245777,31064.234040365605,36086.85605260009,36432.174973766174,35976.35226852501,34142.97905228892,33594.19556285356,28636.36612516889,28734.97870809526,37757.93474436985,36698.73535295866,24946.642701206583,9.699943723105648,18.195535658797866,16.48518382978775,9.535965051836222,6.7071848730145165,13089.21861121171,0.40596895867459143,27303.148217431128,22577.496702362518,0.009718287385861063,30582.68818264608,37751.67718735159,29919.521757933057,38213.64231901772,29314.34579633386,37707.261234998456,32345.431941381474,30886.43231681631,29179.16233149115,29992.711544937487,29739.367295687847,35778.90790172125,29268.402917493175,33483.82460888644,35644.216874266625,45535.28309752016,40399.06947453008,39091.24404086397,44936.82345341181,43883.48957193711,4.646055184630987,10.831212928467673,3.66032099232701,4.368508359336256,14946.540856988378,3.563084461858081,2.040533606741222,25846.824192137025,28329.674781524354,0.07309770233107989,24340.590201490937,31993.564975178313,32289.75745682114,27342.917201854227,42801.63291199281,42610.5658212577,32337.134757260526,39251.052273936366,37665.85953120658,37529.82228910902,43732.00188221871,43911.01975798126,42270.73672257743,29170.642088212135,31562.73274229875,38554.07223234757,37187.84011929809,37479.62160080223,34140.97799134572,37931.353526124796,0.0,5.276452097346005,9.042768860860203,7.944636029348284,5.126325243854075,2.7082260563923093,12000.190265206265,17706.95477120648,0.12573092458905097,21046.99944500465,23962.570301128744,36574.410544253675,30417.867252141525,28446.639279623283,27599.90571463542,38329.606369760804,31127.462162103835,35655.33072602269,29214.612060505977,29464.405908645997,29370.672495518644,29687.189172408376,37252.10746783156,35899.54756340065,37402.15420731561,36088.86903275152,37362.30896594142,30674.075681690407,35624.6623001834,28011.908153677734,29107.87075673389,0.0,4.895921174229609,8.52399793376984,7.303565923963036,4.0066631989155255,7717.027687253385,10701.87820120191,0.3029914518354514,11597.125342894591,18245.92279939109,0.033652214120255965,21025.718589479846,19482.836849501447,20773.8584990485,24709.0909171242,38219.79688795503,30517.887821417225,32274.342244648735,31075.672555703597,35701.10355548934,30933.02155019915,30214.999179901188,37976.1049309952,40270.51225483164,35923.07324396938,31407.04104431372,28299.620559961182,37850.49946617851,29305.278571668976,28484.92758810199,37071.782511055426,31903.49312912562,9.362054965046358,18.67021594366768,12.349795173895782,11.25126136851277,6.2171801306353,11752.946818180388,14129.042551719895,0.41383790543394955,17052.939386451257,19575.599406590532,0.022808060859185204,22451.10103779127,22467.237497114453,25737.43367938752,26868.917699296297,31354.39687890936,33240.57964548389,29768.17906399647,29317.69896163997,33604.64766305848,37388.799769453835,35864.896206415426,28663.073539063615,29800.65894317918,35015.25752309756,28013.3680005997,37532.29127321488,40043.417939912935,29975.698018288218,27870.288474389727,29595.848767427342,31562.641173602402,8.516887365471597,18.18381901369306,13.30874988013842,10.995790566670957,5.714872218982895,11733.337979549678,13714.740088704502,0.3204883357635472,21115.485642200147,24982.323464372843,0.022066538905355117,27562.971849703405,28265.13939038233,31119.622801828787,27055.077879878623,32949.60018491545,32343.042493824836,35314.686002113755,36048.90038095045,35942.94903013585,29737.880589491106,29704.430661573017,35606.35315409667,36339.8681265459,35261.76484672127,29820.85668319665,38416.91241869841,30559.258152728504,38306.03660071088,35614.72864418558,29973.55843912383,33380.43801212116,8.381591326655156,14.806181014424109,14.489170709472985,11.748228768900637,10829.703844888658,6.569622780932669,19818.48280489238,0.3769689401244548,22917.71856290966,31614.569236996074,0.03279420882177742,31882.075137205764,33774.01855610828,36026.71233282584,37653.15015199807,26988.37548424644,32260.853523383,35138.33456168942,32625.62920397269,29325.72179977934,35400.64058141694,42154.42699648896,33565.83486629052,39274.876293922294,39469.09638860441,29252.991530359264,30393.084570854302,30282.805812590374
6.810151911073774,44736.17998367129,13.527493719417667,40396.32489102349,12.744356375843862,34199.726990250594,7.488480286778783,34856.95223794085,3.736992377552002,32111.860839503028,0.2923312760313538,51834.30679176356,45784.614845710836,0.02522861869352007,38409.74871805004,35408.84036066065,42062.69301066068,42564.48548839364,37825.32399892296,53988.48469144206,36648.29525360453,45817.99571935073,44075.31731936827,40618.498189259895,38108.232798574994,36998.704830589006,37140.575127229626,37014.590641915034,35081.13238010322,24840.018671018057,8.08012500957984,11.275121700108974,12.280219385544157,8.477386937502203,3.414911507884982,7675.382320314127,0.23666953395660906,29089.42821218663,26257.210474263284,0.017012561444647457,33226.168310512614,31177.09044458906,36381.51372446065,29143.80832979626,31542.592393229377,38371.595945376575,38982.17027744481,39385.28388348609,38933.48133759769,36820.25009138695,40273.50795397238,31419.813491869805,37630.017124246435,31992.627766219674,40089.96540878471,50409.14237119743,45157.73558695993,36207.64321767527,33472.23793265002,32112.866826935373,37036.91052682003,5.022067457255024,12.610319903008971,11.68148665673783,6.979979500296753,3.7680730964931297,2.1119401532443343,25028.948514191816,22630.214361034377,28863.962538264106,0.016275315193356045,32692.802024540604,27690.6110606675,29008.737352886157,35664.699762164375,38852.26978054901,38750.58558000967,31488.66606765417,38702.00809805271,42853.71749301409,50225.58381107337,37753.73277964044,35118.99280526569,45102.420454577936,41714.392007065806,41242.58478018548,35118.94660135841,37450.9133582851,38580.419957415645,37625.14485859982,41872.19937987282,6.170370547417275,10.639804188009874,10.366586807142209,6.614113183038936,4.837289200835989,13329.28172309887,18091.878472211814,0.23894081763872738,18354.488023262005,28886.804008354975,0.00855679491096139,36503.32506744375,36824.79769873192,34860.300677254665,44032.2061973276,42324.40536479349,39223.834487975575,42921.11675562102,41045.71648082715,48912.741917362255,41207.736962875744,36402.740936078844,41113.395888977015,41718.37947273878,32642.822757909926,41718.074518013535,36730.008467910884,45330.88180622091,33126.06192570217,37724.8031947588,3.5914340010053922,8.531498352571576,8.619686430374724,7.859973298402553,3.615557172499043,9473.705107477092,27877.405060301542,0.14677428533328363,25263.215810525544,31811.819939851128,0.013666135647049181,35303.227862802596,36960.361969095495,36504.69881854794,40039.25130917375,40020.00753669288,32358.16083078758,31335.879760487085,36555.07924890924,35445.67937258966,35453.64775261798,33024.452848373796,43908.71949047879,41739.97308514928,33419.17787804049,33612.177662447175,37069.95885583655,32324.456509550095,39129.11578905195,31961.624767472727,36052.54640156282,5.024474357433306,10.283184964971964,12.571635051373123,8.542212684973272,5.250203851582409,7821.169660487401,11448.012418942035,0.2769193749986843,12878.921451719378,19597.514623923682,0.015348719964778969,20286.972926349496,19615.745550274998,26868.52086811671,25214.574517496676,32798.81859872522,26994.63308067984,29706.093106748936,44143.11568948372,42384.11279172917,40248.01631498956,44782.64927482031,34403.13754901362,35605.68398052721,34179.51453104373,40308.156830048676,43913.37051853303,33303.506429728426,39459.69469216803,34261.35766920305,33210.9956488066,0.0,2.639908034876743,5.352310698880624,4.852155153022811,3.314085718089356,7196.698084620309,1.6434658548223182,9654.780536988455,12713.893457660932,0.10653912176364443,19489.078222928536,21791.16100111395,20707.616649600415,22518.47700077164,27585.788663481097,34574.53464420446,28035.67886905574,28919.532303110704,30784.38775605227,37207.94455144562,40104.932698718854,32768.32244306003,39212.5258186328,45814.4218017498,46301.94471749522,52826.9503406417,40077.52316379298,41648.056123607144,39078.771004157235,36595.40007068271,20481.4251828016,6.753540870494961,10.73337899254598,12.962636802422887,6.956579951749509,3.7619367132040162,9242.878425976185,20902.155792443747,0.30270566142243943,23582.12628578345,22347.361768141873,0.018046398194547484,29018.90741086896,24735.038413475846,37093.38441604471,44916.44027333591,42466.317425500936,35158.924878153906,41143.698244538005,39445.24117208183,40406.12558221193,35642.68269565881,39636.93299907391,41866.22681288103,40199.9047378505,42558.40179944246,31253.903345854647,40009.868476213254,32592.500741562453,35236.52072115901,31542.39873958737,37774.7863916487,0.0,3.1960871958180834,6.522274783239586,4.805133295949098,3.153379149785577,1.7118102228287972,15542.593506937332,15471.999029554658,0.09997888286004762,23536.965604363802,25796.912858811796,23915.536486727873,23989.23534943042,26353.30959064341,28264.252358911046,36023.036109882254,31422.613188835665,38232.64818576527,31761.473599151916,32176.900850724676,38395.26615066622,43061.72723939106,38361.63282959355,39955.06202449864,38750.825303739504,39721.26346157139,32592.433862770053,38009.081089233594,29661.600561086987,39483.43260423166,31978.911893602344,34018.042540742776,5.9377447994165955,12.364708044674718,12.692621938378382,6.959999628647906,1.6437260279541561,18173.980050097125,1.0884626042152226,16615.23706358476,24476.905129134462,0.04239128826068425,22339.526141571565,24341.390359267327,25801.51966668081,35650.16399017595,28316.472559005593,35136.10304615792,37154.82561133797,30756.851940480927,31631.561257873484,39851.52415906401,30825.55326385491,32170.03279624121,31389.273758654166,40638.160169435876,34001.79295369922,39367.05935976578,37080.55345606267,33767.28248588926,35293.0595108896,31394.930405311392,38671.16948302007,29004.390070938072,6.9744495566431155,12.921155210818151,9.722630057912063,8.410985199328996,3.8070791550530805,9072.642129188325,1.7995460559768546,29442.58112631412,28988.824006980707,0.022808084079297374,30357.23224397805,29077.49149515051,27060.41257639309,27842.962265955357,41027.83537245305,31787.40396214093,31976.788118583223,39234.7080101941,41170.29578414857,38146.72688120882,39624.57032365107,33307.44338285349,31916.169249374463,32633.481506654138,35373.66323650409,31776.042940461877,40311.40677756229,41878.86362402139,32211.268512084145,33589.72051185844,42369.172217063126,0.0,2.637726125717866,5.974080489794957,1.8361443564723803,1.55765442572015,1.0483286598139288,12556.554748088512,20314.204102329535,23527.33105917439,0.009025614357691215,20940.942720194907,21992.1889824289,31008.12834910251,34823.68828536087,30536.722988309473,36438.24666432925,31492.821009383555,30999.55842198549,32362.81579269216,32312.162150191733,30294.39494444602,33194.35352943668,38565.77920279507,40062.27744092276,38728.18280257033,35642.90760132003,45261.6705736734,34008.78125660215,39626.91952564946,54967.31677552756,30412.97160808167,5.317289023508602,12.977552687985197,10.032546656531082,7.113107954005705,7340.3827383522785,3.6438684750670953,28726.898912018012,0.11676659900941387,31254.375601561605,31258.53547393778,37418.44598351706,27556.975773971262,0.005507572942898978,31032.669930910088,33871.280688778126,40249.82485990769,32290.026069502215,32296.691150148155,37749.90229738655,29757.23373404338,40550.09415256162,31510.167143266626,30863.12546723526,40034.76415471385,40748.83962262863,38882.99182944913,31871.7814397968,38835.47397682331,37869.32346421549,33038.33774300579,40579.240545265675,0.0,3.2246777960084025,5.956966344720822,4.354569614641536,2.435332014543979,10173.228426038882,0.11827842881876122,21717.139587046415,29920.83809671947,0.011565626553256415,32341.337453066284,40974.38764658135,34688.024237160396,35640.95984086948,39187.96775784321,33269.858530170044,31215.781707068076,31318.96147926259,32444.595810540104,40549.84333509928,40400.02988103067,34408.07325512739,38493.45756865866,40323.46440346586,37298.65484129405,31878.273913873978,40196.96803687773,38554.882278253164,38044.55554222429,33079.61247076621,34578.92428194663,6.382116078733273,12.814324694184828,9.902802571009945,8.044424504598636,4.777055739320658,9609.510760790889,0.2573726249271493,27265.3899083034,29669.159624645403,0.022995908491606005,26055.283675191953,35122.40555700966,29369.310252531734,55356.40204186358,40702.63360111728,39703.54348135704,46591.79885016171,31867.773165268045,34308.58641604879,36602.991215026195,35958.93201015643,33427.78577050384,41853.43815846501,41060.247692576195,41245.861414375366,32205.10718684492,31397.110147810006,32854.89464384301,32233.438055189516,38122.477290378825,0.0,2.6738053319093695,6.938901527465701,5.675145905144248,2.936260765804471,1.4673602582069232,20365.175743694886,22952.588816725554,0.018515953548933362,31044.262896751934,32799.76209023732,32663.83752945739,31342.10496864826,36461.91942366831,35663.918046437044,37251.29259045436,38804.86906353277,33944.82704210787,38701.16473394626,33002.82323554727,31435.615828526836,37173.718188147206,30554.258473325124,37972.82748038187,41187.023096908735,31117.425803832335,40291.18315340227,38992.10836333203,30640.579833375137,33039.88612876993,34833.15919642751,0.0,2.966945944014396,5.038187105285838,5.341076709328104,3.734247466341847,13197.866788100137,16016.882018983502,0.2249241023779716,22988.130317573672,25828.377789208746,0.024399099905475525,24414.49374482433,24446.602856519614,27520.976111798514,35882.09163478121,30213.66060349756,29157.21390860689,39814.81195768526,30908.903329930796,33476.12943683791,35830.800357902546,40595.940163066516,31445.317350979447,38931.95053714601,39519.13304678682,31337.3418600222,39804.96153790192,31594.534848891497,35599.079456060965,32193.14706202799,30882.88232987596,28024.71807057726,5.924894069119949,10.585544726804779,9.774948809301371,6.8496232031871305,4.805078605646925,16629.822137244388,0.251625310868332,19392.881601647507,22964.797548270097,0.02457932181320154,26307.731898800306,29234.44872518762,25126.06503998878,27621.186474667033,35109.34333329389,36624.598481054774,35268.01920672279,31389.174041500053,37159.42025316795,31640.11871331228,34720.68034872416,30429.62226687508,40975.639535876,33865.80235747405,33201.07197128752,31483.104854772526,40286.34332901837,39284.92991809483,33735.37666388601,31183.244761239053,39883.03950795963,26699.062585913383,5.82569687724852,12.927643504028598,10.046250784676657,6.364340678464072,4.81363864825599,7657.863094923817,9549.973080567828,0.28533132823371515,14713.971594146491,18708.26509580176,0.02507231833044424,22688.03808632087,20804.778467240383,23625.034893205484,28064.557105148004,33563.481642395986,26436.513728104077,35094.86534890667,29888.68962241558,29959.146710353652,40822.62626958493,30570.262781114183,38873.64220025982,39102.40375050382,39551.854238909524,38617.62484668894,39164.49802506912,39200.50989526087,30156.934048538194,40594.01445691079,32433.787533186136,32748.559508287588,0.0,3.325839156061764,4.8993794381987525,4.215790392394596,2.768649027814504,7234.707458956917,0.2642038611748177,24290.246536331328,0.022923089462925553,26139.908346964257,27279.632134792668,42425.89684361389,48924.334571120264,43325.454214898426,35126.49152806846,34451.27416346446,34241.12485911899,38366.48977953679,32568.3543528814,33523.888240301545,32157.79974316223,33863.59912082959,32867.03816666762,32326.296600058577,32656.96937907189,29497.881453344446,39633.292310864694,32422.99330330738,34821.011214834565,31896.187444404066,0.0,3.6801102952503952,6.853932192072374,6.536709107128688,3.0070280353002987,7660.060235724763,1.5716217712574383,12234.324317632238,15369.943018197026,0.0742028844781468,19003.10272812889,23564.01695588988,20900.46828101516,28753.672426828845,24902.814451969007,33870.552595537476,28427.041701743765,35485.48122720587,30497.002019232354,32658.887571324845,38538.52607354454,31909.280194767052,30843.073518039353,39821.58778057428,39241.36941497593,31287.48562176523,39568.93606141848,32406.206159062065,30843.758867361306,31977.891969423377,37866.704952418564,37105.31501095801,0.0,2.655217494888478,6.536177857873097,4.6070648124625135,3.7273278347775163,2.0504783976029684,6991.452772843051,12723.079244836756,0.0752646438334205,12867.092135388639,15826.458242998866,19003.30222037458,20920.126402837148,30360.420291515056,25548.37275253444,33319.111839170335,28327.23934574058,29740.820705029804,36015.06737785614,30034.391745692676,38959.77874086415,42175.43839121569,39236.802226829255,38814.28168615869,29739.275370535634,33249.39492368347,37393.4798394627,58104.31663094098,46156.092476494465,55847.05761748729,48627.179010777094,1.9351081514648678,6.507970087937196,7.528919671597985,5.49121095975237,4.233257335625005,13574.582105232743,20706.81287765179,0.23274185023422875,23219.99569620394,27603.97012801184,0.016583746182007347,28937.352332215043,26244.60490157291,27435.329561060113,29079.955665538688,30458.07036390582,37039.042827174606,30797.20694660578,38400.734634707886,41034.30319416695,31581.09337676707,33300.03452881309,38683.21476905699,39051.28728455853,38560.587737099304,36592.48182314532,35999.1580043221,30687.762715088014,30789.896144886963,40459.086528969805,39325.947545259245,26877.229710251027,6.819666976941771,13.228756556055016,12.222692011949444,7.16547063311459,5.099306708923948,9503.0915394929,0.30007169301512104,29625.617379769126,24411.990901335867,0.006867925252348163,32698.42170145334,40375.69953950541,32016.898529918242,40890.54172805215,31370.73931906248,40356.05111306336,34627.901183228016,33078.44470979484,31252.155320946287,32124.580014082858,31855.306917910304,38330.39332965076,31358.236982667273,35878.345089943614,37948.55761253785,48577.373410320826,43142.46460518504,41794.77961748295,47783.590560657234,46795.76233813959,3.2542001549630966,7.812055672174193,2.6025462298092643,3.182176255021859,10211.583505890938,2.6463677044452956,1.5413585645786079,28066.112870749446,30648.489939159845,0.05432605061200838,26269.07525292945,34465.4605546203,34712.43026216728,29371.532441178326,45610.989520947776,45473.01166498752,34558.88838795217,41977.69097850818,40298.630599860866,40162.52929204449,46525.73774234424,46815.02461286687,45117.33478552013,31172.937375537294,33753.07150773454,41246.935530092655,39796.55716442335,40105.10220996391,36554.52420152848,40624.74537588783,0.0,3.6961767534511436,6.542805280159543,5.867748627386852,3.844195150433121,2.0600609650137973,13371.97080269227,19535.814559462062,0.0939242600748489,23049.14035580601,26066.90078436056,39207.70191831678,32607.146484698722,30492.03737196983,29581.523788112132,41080.913209413666,33364.7950887131,38217.60126672271,31311.642778861788,31577.669919563614,31476.608889372113,31815.820449711493,39923.92573855066,38472.853211912996,40082.34556176452,38674.13360662341,40038.79776585491,32874.71064270802,38179.755960428556,30019.20627984875,31190.942772963943,0.0,3.4287717398663364,6.165438924571223,5.392588758740126,3.0041984000355404,7388.077992533888,12109.769947241115,0.22139326613738725,12922.830226282544,20128.705360035274,0.024296763764889182,23027.996879918766,21199.27047816834,22514.86230845315,26697.195364642575,40844.49059905345,32634.925054537503,34528.58898584146,33273.808918484414,38221.91430658006,33117.163930175346,32352.255848431225,40665.41687032857,43138.44496181443,38493.86755719423,33661.444755243814,30330.973004729003,40566.715688579294,31408.275207934446,30526.74789044633,39727.45913891368,34375.559546097065,6.579949070963137,13.566242949546405,9.154876035371213,8.451860083127226,4.724583871002423,13115.81231825671,15609.5188231283,0.3058133295561535,18689.526640718806,21333.089648313464,0.01663343974920693,24352.543692507854,24280.611356964473,27748.723561363604,28935.78228847723,33706.89038240321,35709.39913804589,31957.327600678385,31447.516167787922,36024.65365612972,40081.029066187555,38445.62131117259,30723.274845318625,31941.285075952113,37533.38549993726,30027.25152663017,40228.88142295111,42924.03811310619,32132.65494807234,29873.108744589084,31720.771563316404,34010.69806966488,5.988962248971699,13.227456463471702,9.87273330445643,8.26789779537764,4.345577757602146,13118.399201262255,15161.380764769872,0.23686311640619806,23143.575160934277,27233.18217021921,0.016087140783664338,29913.36808511397,30557.804611187636,33561.172124936005,29139.64073064743,35417.73428060811,34736.86746997084,37882.02405283624,38644.17140698799,38528.59204931143,31875.73947946661,31839.4810694482,38162.8181532991,38946.25821333149,37790.10443150755,31957.78178707023,41173.037866136205,32754.37560716511,41059.34030816859,38173.54728247047,32125.600034609506,35970.77799909095,5.896386473790101,10.775724593619048,10.75196222408407,8.833815866514524,7791.450166936112,4.992771990652571,21492.40332530809,0.27807079546006985,24766.739519431878,34074.81384192296,0.02383316224893401,34320.25517065876,36295.27653439469,38699.59237417563,40428.110535782005,28944.600278812606,34582.778859497404,37665.717055096,34969.68940802331,31431.75152124934,37692.5075315031,44964.86331472089,35836.02643792556,41988.46903375737,42211.68104837808,31296.207789503464,32523.658385624225,32414.296942313653
4.780463689860009,47394.737013777354,9.816584974047027,42917.58835569663,9.431430921634421,36402.10750421895,5.618370420614601,37138.902776327624,2.836323217721381,34251.1399541147,0.21588044669279882,55008.99908906525,48690.68319018711,0.01835997703396908,40906.16729683593,37772.86887521495,44888.334455778095,45456.78261299127,40171.7195534424,57196.882582670056,38926.01161046827,48755.51529949026,46952.88556598698,43093.80478734827,40507.07040113121,39402.21701794276,39397.15210601634,39341.51315843798,37352.314103175246,26785.860940240003,5.672457318792179,8.185110135314694,9.09077588430661,6.362722789905142,2.5927943678544554,8011.515028610311,0.17488849468422768,31459.04601027347,28298.777324278548,0.012396173401311905,35743.5928214294,33490.169196456474,39004.125460009745,31226.393510785547,33772.44955635213,41043.5580574793,41690.68255410094,42120.21626920833,41634.830079594096,39370.37725634979,43061.283983978145,33594.72716017981,40231.6750721927,34203.072982773905,42861.69885749076,53569.54551495711,48078.85670332582,38585.687267001595,35711.7334888422,34270.06575486335,39755.9593514971,3.521736776138992,9.131544949019464,8.630117400420698,5.228333695504873,2.8553475204238126,1.6198208454477683,27226.925553373323,24519.347995361197,31170.980400894303,0.011789287485141646,35216.29964286483,29758.190440208145,31139.63307222088,38230.32624689482,41628.61116933191,41494.743061295325,33684.72653831378,41391.5003477271,45372.15113916082,53311.67288526732,40162.90219254437,37405.30138511653,48112.61167907317,44517.14406442328,44046.830443365485,37508.31145474025,39998.93671220522,40974.82552891759,40040.81295859867,44681.02891696515,4.33122834406319,7.720846866894711,7.671807704953684,4.9624597500409156,3.671377503899527,14787.707674451012,19880.52157653431,0.1767026621739185,20022.979250623015,30979.03590088972,0.006141532031824766,38842.51512277231,39225.615330701745,37185.28559446724,46989.57993730525,45194.784601157895,41895.76865523714,45853.45979650199,43861.750169066756,51963.172257083206,43860.34167798081,38781.029100496606,43856.40291971877,44518.84684488681,34845.88958946066,44549.19850196265,39005.00922518201,48226.75907281005,35278.885529695064,40330.41083866659,2.514566842476439,6.15540595630063,6.34945127100103,5.87532554407551,2.7359918501418803,9150.036176733054,30160.94030371496,0.10604950114964594,27237.447234639196,34216.998149595725,0.009799987718850203,37918.344005031155,39622.51195674495,39114.28015901713,42874.66681014172,42823.44442528309,34607.29368052022,33513.312511555516,38850.18047509205,37734.222870995436,37773.10296964634,35227.78109190077,46857.13127676662,44566.91310278863,35690.04268408706,35899.02746076006,39599.667074637946,34535.28320024673,41803.88068827175,34145.22237738052,38717.364393630305,3.5245941530270826,7.449939868750208,9.290652222064105,6.3995645218308805,3.9782151833273587,8057.837489588754,12927.273739954602,0.20422682301953174,14342.68381347917,21630.625124240287,0.010958974116225071,22217.869577512032,21335.82662002783,29093.372700539272,27212.304631386698,35318.494845684276,29006.80379525003,31873.23730868314,46986.95385917589,44946.47657355903,42777.3933275193,47687.762613076855,36681.84775733297,37995.21667399529,36495.97149435429,43045.37832082952,46911.8065106124,35592.7100044861,42176.81192062456,36620.527599926805,35502.371587948386,0.0,1.8466639156296432,3.8631731996329246,3.5752830979884913,2.479934260505481,8240.553574402069,1.2472582926890239,10862.870928848597,14114.39471492567,0.07934568824014139,21435.54963462096,23785.63175427734,22470.53171252239,24332.543643612433,29721.598514067726,37157.265755933964,30097.419536468864,31000.220065480302,32984.20697738019,39835.15148093141,42893.19134663004,35045.8731775907,41937.043381984426,48507.781519109296,49143.339019467465,55955.093714748094,42563.62803338646,44126.23152169301,41512.91757741175,38949.13250337186,22233.482697706666,4.742514376828593,7.795767937957839,9.598010807968517,5.221426110480939,2.8561070463292575,10544.351585508912,22895.704995011645,0.22371515591199756,25650.392146128994,24198.92951715304,0.013149059035778702,31312.080942980578,26617.806057102804,39849.2890164306,47834.56995506513,45288.385574540436,37519.79965899182,43932.14060840906,42123.86431777642,43151.760105843816,38081.77257340791,42360.226217883326,44750.24822825771,42975.4941769685,45504.34066693407,33419.60993325277,42781.62071316802,34851.50472162899,37680.39880020658,33729.60435578845,40391.023616787636,0.0,2.2356487151078452,4.707638296592878,3.5405097450715073,2.3593606196616337,1.2989588586546394,17275.134557777008,17025.240540682917,0.07448620676789713,25697.557938203463,28025.25096916546,25868.45716215371,25863.90968315367,28344.347634274753,30358.799380637913,38617.19999306348,33672.11502288179,40947.434067251794,33989.53248320112,34413.50326778958,41062.7407162493,46053.690386948096,41026.486554119016,42728.73145351549,41439.50069543871,42476.18713334913,34853.81730933003,40646.291527584195,31716.97019018767,42218.71509356289,34194.30584395158,36557.80813634098,4.166872985141618,8.967548146763184,9.386054019590654,5.2186460253638876,1.2202642399964636,20094.83461520089,0.8188474879510863,18210.685960339742,26645.559513380937,0.03144956764879454,24211.744541179527,26294.96088366408,27797.773311329867,38313.24503011469,30403.338843567333,37664.69068466656,39806.68146234031,32925.87004658435,33830.329399489856,42620.89894426816,32966.093984051964,34402.90235954554,33567.17751313392,43458.30056418108,36363.21228000278,42101.09561833832,39651.7844978273,36109.25949631294,37741.822340091785,33571.910306860795,41350.18105197693,31170.864506672526,4.89527710327787,9.375380813365739,7.192349402893427,6.305966217326706,2.8863426709960587,10132.080898446351,1.38019652929977,31815.87698229303,31230.503933022235,0.01652400040899966,32624.49178285744,31210.948332484793,29003.758883441304,29813.56871684105,43884.76167316876,33996.864964354274,34198.560856498916,41960.50199986424,44030.84076590014,40795.27027059047,42373.869372143185,35619.25876184637,34131.4185574984,34898.518289873595,37828.466706627914,33979.91475276704,43107.260662764325,44786.08283155736,34448.0339420226,35919.38246372567,45308.901882528866,0.0,1.8445331107602259,4.312058572000124,1.326473748065087,1.1477493811615394,0.7870737141827479,13926.64638050134,22327.092836473483,25680.054183159635,0.006459836693293437,22733.68504124872,23765.819751194063,33410.81674547052,37434.35325512351,32791.71951868821,39061.895228732516,33744.95934167022,33192.31085478869,34623.24209304822,34557.763338626275,32398.600375007376,35499.05154137791,41242.56710389717,42841.94622594966,41159.19455273408,37946.444068366116,48228.68536118983,36283.54439813317,42064.791691372615,58223.114873164326,32541.896360510167,3.73017755989707,9.404078047857825,7.416976683983608,5.333709046192022,7317.7482302349135,2.765310006379993,31065.03033019678,0.08458642318121115,33684.485121711004,33607.591167539984,40184.22421680599,29541.251759441082,0.003846246039190596,33253.488034103975,36267.164272713424,43054.74934683036,34534.423046556025,34541.063078301966,40370.89398799468,31818.71712074725,43358.545925257145,33693.08799735772,32999.504584916074,42806.014079229964,43571.7853527422,41576.6777546314,34079.183492842516,41523.70773064067,40487.52653461861,35323.256621187276,43389.710962799596,0.0,2.254777870146349,4.298908075498305,3.21003904349584,1.8247521412138274,9545.149121942746,0.08496704654847775,23508.716578593896,32270.124887013095,0.008285936653354947,34795.08367103068,43651.3536848048,37003.92833271795,38034.996597842706,41840.247977775594,35521.59529398469,33332.79034278501,33441.549450381965,34647.823442276036,43315.40849938756,43168.99410825948,36774.27017349584,41141.771787033686,43098.88284546822,39862.47538603178,34066.42313022613,42958.73899615163,41203.83217210128,40653.389130444106,35350.22248875836,37143.42737933325,4.4771864968366675,9.286404900973178,7.320321029542141,6.028404738674048,3.6198961764127544,9250.339532664357,0.18970947305254537,29498.79286120887,31971.502407792872,0.01670231473260684,28005.36386936888,37705.3033071401,31482.88769618046,58634.326683453284,43229.96322314143,42249.04846354354,49635.76534594966,33990.79125825176,36612.557259422894,39083.695082280734,38400.80902027941,35704.89212948284,44719.05800388483,43880.00558429885,44087.14797565006,34427.90054106695,33565.67149922123,35126.41095745146,34465.29033190093,40760.600240232015,0.0,1.870217569553102,5.009231071566348,4.184369075799114,2.1990418004266794,1.1151817632959637,22147.598815153116,24856.482079572845,0.013322883299431282,33514.12354521561,35325.96096084723,35099.56888123211,33638.950519640995,39086.21001944606,38209.36317193514,39864.4608094722,41501.50936011862,36301.971580657875,41385.33803457823,35292.681012626716,33616.31619496412,39748.32613727797,32668.651246917732,40595.56586904552,44033.68091557223,33269.49514257019,43077.706062865735,41689.61193596037,32757.608907074613,35324.912092722225,37245.66278583316,0.0,2.074355975649629,3.6327990457965273,3.9335089501245437,2.794239010792845,14633.782974641703,17603.95878604363,0.16429796435572652,25088.703710791528,28023.534603032556,0.01759385329760005,26383.170180430247,26340.866462264672,29576.736026048082,38523.730404572976,32388.834800939243,31243.081711398725,42635.90663338404,33067.779073305246,35802.76055948415,38320.571150764394,43416.30446073745,33628.894776926776,41633.68619393404,42260.0376815061,33509.35009430358,42563.20477106905,33783.30042044102,38066.471044562044,34425.47671579281,33023.39172657136,30117.4413680392,4.15825667302551,7.678943387339391,7.2307454069787545,5.135874682864114,3.6445124353131835,18430.008087004775,0.1857661393519667,21297.566135668294,25049.11842937477,0.017894385701772913,28520.87348103523,31584.628218760052,27068.501821544225,29683.949593053345,37685.36570445424,39258.46247633824,37778.5168655639,33588.01341777048,39741.03560148135,33836.567062003814,37130.5862029993,32539.665997869306,43816.962723126766,36213.05956612766,35503.29291773562,33666.65953725095,43080.45890376215,42009.01631552799,36074.13163283819,33344.0551358197,42646.00545068608,28691.920624564547,4.088067885592414,9.37530063704535,7.430348865859605,4.771620351992496,3.6494809861458815,8079.8186326400055,10760.8592700097,0.21056517921875692,16365.819696049382,20596.21566838074,0.018239527197716727,24771.931930173818,22608.225825542104,25564.573068632722,30273.005484449757,36131.64499476773,28405.25648465685,37630.831641577,32027.640062129074,32078.305665445256,43669.649248155474,32695.038151379384,41573.04595012202,41815.472953448545,42295.02829758193,41294.23346046555,41876.2588348794,41914.01183243773,32241.24278564218,43399.6862427257,34678.24606063747,35016.07893865203,0.0,2.3258110453768053,3.5360655696123806,3.1065407289838403,2.072166673672991,7830.648393192327,0.19299478340378406,26251.006623797104,0.016548782926087174,28166.90690994346,29331.301365479252,44989.768803052066,51999.96322849968,46134.37421549846,37449.54169850019,36761.91401318245,36556.988992042476,40968.448972730206,34779.98610349561,35806.14601376225,34349.71369414968,36171.78239009618,35108.623542372174,34534.80835459539,34891.741776273004,31510.860033653982,42326.4120813435,34621.873262906534,37195.86072547824,34077.72273217349,0.0,2.5744943653011405,4.948516783026365,4.819523294952427,2.2525914923050063,8713.710200138115,1.1940009962575924,13780.385750561445,17084.1351814181,0.05542514761595845,20909.064116572332,25725.819925257496,22704.720686019024,31090.000761257423,26835.286279918077,36425.75429349267,30533.65236941001,38043.50122090136,32679.485651102877,34974.21566271474,41228.28953561314,34126.14706037485,32984.83085281552,42585.06102381802,41963.55781203235,33456.53691747097,42310.82415572319,34652.29796013779,32980.51314555966,34192.64311280438,40487.128137653344,39670.69619031196,0.0,1.8571600043746996,4.7175024273227075,3.3949106756594825,2.789075894070187,1.5563462717847854,7993.4411289262225,14282.86355418741,0.056170807227517765,14257.018021603675,17373.8752121497,20728.071600318584,22682.1256001602,32804.51056003026,27527.264191657676,35807.87315579833,30406.87141423091,31880.5981065173,38584.49661360841,32141.296299321177,41667.369926962245,45106.30736298622,41963.006534381246,41508.75845749083,31800.0273944251,35553.92859733382,39739.632620302844,61591.56736003412,49050.60219422262,59198.83427861374,51687.258901353984,1.3511973643429764,4.660620923604363,5.5163940520529655,4.088768148569767,3.1937634179297154,15019.303480980425,22699.94722898727,0.1712271821561256,25291.65152947474,29919.318593861524,0.012060364090625223,31252.33636677554,28268.243219281725,29483.39924598156,31212.318587990907,32650.00098620117,39687.80675078223,32975.64605649385,41074.72578605099,43886.23645269329,33775.37292848021,35613.5227278552,41369.75812527326,41761.30447723677,41234.44696888775,39126.834026050106,38487.25442141899,32810.116717952544,32915.774579887904,43253.547896499396,42043.97637178215,28879.761559404942,4.785128893310627,9.590523275677302,9.037496524171464,5.371335319888255,3.868791773568423,9662.847951814336,0.22174911962954347,32042.87358164892,26318.13202514739,0.004854920780816387,34884.91219605022,43087.87839307188,34185.31994960351,43658.05382966978,33496.83644293593,43094.743766635765,36988.18019183996,35345.59724318429,33396.279720747916,34329.63587041216,34043.95610816588,40969.749079916626,33520.130204635745,38355.55383892145,40325.069680811415,51717.82171649276,45975.97355827672,44588.7034564106,50717.78171351361,49801.59036238228,2.276125721775706,5.620749159705605,1.8481968688777553,2.3139890814543356,9928.65674690834,1.9620393586692517,1.162287089985841,30376.795762569396,33058.508057344516,0.04036045954585405,28271.072064521624,37029.328329382886,37222.731000052416,31472.7323030631,48509.63742760436,48428.50278228492,36854.45135614881,44795.88168511487,43020.33267632813,42884.47464203539,49405.968460736214,49812.006136369775,48056.683163778405,33241.69028117148,36016.88304939478,44030.694650539415,42493.69939198735,42819.454992102364,39050.492963319186,43410.51061191133,0.0,2.5855169404638834,4.72369571320624,4.3244133077335105,2.87708750132217,1.5641557094563223,14817.972808526076,21454.53734729904,0.07013729630901215,25142.23336163697,28259.782415805625,41932.52304338769,34872.496946468236,32608.44000675249,31631.835315406573,43927.57218091644,35679.767809963836,40868.770486416084,33481.35035996084,33764.116626940915,33655.453996879136,34018.14615041878,42688.26953589175,41135.22261229548,42855.27256906278,41348.82198418243,42807.86579786449,35151.57439138401,40823.332953942896,32095.95769407875,33345.99770487277,0.0,2.3979690722085496,4.450000137791529,3.9731509287364415,2.248196468799296,8449.721540287057,13604.637010983228,0.16173203728571015,14320.263611680903,22103.918941230855,0.01754360881240519,25121.327444582086,22988.155041157526,24325.91487223988,28762.217221532555,43556.34017194692,34822.95051881486,36858.92633745798,35547.05410409444,40828.7109308026,35375.80828913001,34562.54112209023,43446.722380559375,46105.01779996778,41153.49858313688,35993.97940990923,32432.726098146974,43377.04447090398,33584.13732350825,32639.23689741057,42474.99510984503,36939.86082371525,4.615644509080283,9.830086698783102,6.768112584807687,6.333959158949522,3.5829454119159463,14553.422160834574,17163.74343989779,0.2259386163052428,20401.08978458499,23166.11881718174,0.01213233647816127,26331.26616661969,26164.3534317729,29835.67260966353,31079.22457213137,36144.47343722551,38266.64540924099,34224.140615425866,33652.006282321876,38528.79374982002,42866.84690440814,41115.999290089974,32854.969135221865,34156.15017494414,40138.94280991834,32111.033484778796,43019.011646992156,45904.703234342815,34364.54329454958,31945.417413243504,33919.355519193545,36550.18041834104,4.2028798283918345,9.594870762739339,7.303964705528944,6.202046900006114,3.2976252862333784,14580.714041275585,16680.541016039606,0.1750241673217589,25264.646962788873,29581.11397051327,0.011730011228083455,32359.919955107656,32939.86201806378,36094.917100763836,31301.557793784054,37974.9997145462,37216.146102828294,40539.437915363735,41329.64445094129,41204.03535660531,34087.799773131876,34048.6218700607,40807.90386741621,41642.90803746715,40405.9765682475,34168.645322343094,44024.63398690885,35025.62183908971,43908.18899772987,40821.126938287496,34352.242872348674,38657.90364462706,4.139436026575451,7.8196251124065705,7.95644474704526,6.626249541986813,7844.596259560108,3.786518393194245,23234.179107505686,0.20507945781902712,26687.485410067773,36627.233579208034,0.01732386412649354,36848.261937678246,38907.284686253704,41468.10907702264,43301.722479444536,30969.263885410503,36985.38449980998,40280.863728708406,37395.0610288954,33610.80426417859,40056.25462276822,47865.98687701407,38180.49770528266,44792.70090973969,45046.3790801156,33408.391464478926,34726.40133475816,34618.27256871966
3.349848703536519,50130.02612976696,7.10559442956917,45515.16831136409,6.96244328732201,38673.20663612632,4.206073550469031,39493.19923993238,2.1486115658620664,36459.39884100483,0.1593975846358649,58278.04354705679,51686.16360350991,0.013364018111093078,43481.17854952393,40213.28382017215,47805.82482856718,48444.14360251665,42588.71801853647,60497.88223483468,41272.391123832036,51784.29831528309,49921.44175318619,45642.3202498578,42979.12227230252,41881.36050290715,41720.27465551114,41739.36420381978,39694.727213781065,28805.070440254935,3.975210353139739,5.926883392747476,6.713174318597462,4.765203303268671,1.9648625226495802,9138.396986921698,0.12921454666222057,33921.43642188359,30416.769431654528,0.009034198414751497,38352.93498259936,35886.0107832385,41718.00357968834,33380.84282370033,36078.45629404296,43805.44511201899,44490.15612671446,44946.94567247618,44426.776935191716,42005.88199485996,45942.344829688176,35842.417987966495,42920.28867456385,36487.351255404734,45726.072422901576,56826.030424707766,51091.51959895626,41039.36003067303,38023.740852808565,36497.38415806641,42571.313278338894,2.465709644541643,6.596464289202853,6.3604208820482455,3.9078544606552232,2.1596279173341775,1.240174972422407,29517.39442884992,26484.203633570593,33566.684909803116,0.008543793475406548,37833.602655993294,31900.20600580369,33346.04442377064,40885.057838488094,44500.75625712075,44332.77022058902,35954.80573181005,44171.32961591511,47962.488872825736,56489.76808710747,42646.58053614495,39763.70313508315,51220.03630663907,47411.017018002975,46943.30232403854,39976.305326841364,42630.81020550818,43441.31279595691,42531.63450475997,47581.03473716534,3.034973813996393,5.588509432063581,5.663527052565731,3.7151374887923865,2.7811695909735334,16321.833012560819,21753.463295498987,0.1306513102321348,21764.043784531583,33144.41087094957,0.004409606089546195,41254.34527670635,41702.24270323059,39585.31970262038,50043.06658862373,48159.32939997833,44655.73542315465,48882.68848584982,46771.20588442672,55105.866974406126,46595.68039996622,41234.56848305247,46687.98317271292,47410.280572945325,37120.89137064468,47473.25949497368,41348.36405000217,51212.293524713576,37499.479051402894,43023.022069511164,1.7582339778472207,4.431159146313461,4.66624606739144,4.382513758540775,2.06651805270569,10463.17572324898,32534.356690882454,0.0766378245407853,29285.943788318385,36709.81691697724,0.007028431442932735,40626.88909866126,42377.23074521178,41813.94395731544,45807.0736616098,45721.77728348087,36931.988265876775,35763.87725226397,41215.15361974524,40094.35313502591,40166.045300874226,37502.25602955638,49901.34370204615,47486.47301239142,38035.546151340066,38261.132720935624,42212.865544632004,36819.23448698808,44567.06838443886,36400.966822592774,41477.187332745205,2.468400636029515,5.3839404409303135,6.8490075784182745,4.783842459376544,3.0086225895369756,9195.977948628699,14496.389699208934,0.1505900475935039,15885.212701762324,23764.05677450554,0.00782724587596683,24236.52769717007,23128.187820529678,31406.711945842504,29286.186052166282,37931.40644318781,31091.296557792008,34116.672841687076,49919.55949597597,47584.03876981099,45383.84593968873,50684.167499326424,39033.62339332733,40462.34857958974,38888.37296199944,45872.51084507177,50009.25766228973,37957.99758605876,44984.38833279141,39058.23981212896,37870.17900393871,0.0,1.2902337572459919,2.782969859675291,2.6292225752575478,1.8523623467396069,9355.074666746339,0.9449486877053803,12142.15609518452,15588.055386385797,0.05907595045749652,23474.65221459341,25867.423698604616,24305.45462941159,26216.87710446097,31937.0362991074,39833.019254518214,32232.30462974351,33153.18061323647,35259.935746215146,42551.973500178334,45775.1458594282,37399.93740431124,44753.05975468503,51278.06549870155,52069.340028411745,59173.208782072325,45124.53965900579,46676.02086857079,44020.60053567536,41376.21771664597,24057.435434178107,3.324315284260319,5.6475889922035725,7.0890702790108,3.9104830144915987,2.1642415178710293,11931.519826958918,24980.041714249623,0.16530887982149833,27805.584551397125,26124.180052111493,0.009582576241915445,33692.44922729361,28569.625494724998,42703.93528131262,50844.53248191674,48201.23095251252,39957.38465840759,46812.00140851434,44890.47368456937,45987.63799599423,40601.57906280056,45173.99052472675,47730.32395810784,45843.73171579722,48548.85680941912,35657.85936548655,45646.19365499376,37186.19416876381,40206.20873144382,35990.12183370481,43094.8517625581,0.0,1.5619684102192581,3.391347061593659,2.603582677657041,1.7620819919461483,0.9839976326189007,19099.205189914464,18652.76339549822,0.055476778777000114,27953.010717987312,30345.886008172743,27898.01627590919,27809.10408386939,30407.885063302103,32528.206514643218,41301.55276246845,35999.376919797505,43755.327071219246,36293.11374468657,36725.24867362965,43819.78997348427,49146.13410005551,43780.8177342389,45595.47120864054,44218.349160605634,45323.470567671924,37191.043267892324,43371.94900247232,33841.18680020044,45045.596985357275,36483.88911948532,39189.000174798806,2.919176713513785,6.487469206845196,6.923818830196577,3.9044188744772255,0.905053348120351,22112.164840207082,0.615293794816443,19879.264122118308,28906.251313912264,0.02332841376783068,26159.291073968652,28323.929000883556,29868.401285891225,41072.242425262724,32564.394516717508,40281.130180346816,42549.9392140958,35168.7858224821,36102.97175466592,45483.29391247245,35178.4811802624,36710.68388858659,35818.124029065875,46373.039816150755,38803.90214953829,44926.91080707325,42309.19935933692,38529.75209059274,40272.712030418355,35821.859319460935,44118.907617416044,33415.3632642374,3.4299969382619393,6.785500752295942,5.307484363243077,4.71749053177766,2.1841353340272707,11520.07510344927,1.056704769754885,34281.15439552458,33555.65989782141,0.011976982571537398,34973.39615388055,33419.92651285099,31014.48743948421,31851.54697206643,46837.837890073344,36280.554889123465,36494.9484777605,44777.82906703082,46987.452832496456,43532.69863214371,45215.374696576895,38008.63471012054,36420.98867817482,37239.54623741609,40365.614163390506,36257.672124715646,45996.84650997796,47790.85362072119,36759.875595596204,38327.14713288011,48347.22450567096,0.0,1.2883905510160059,3.106673728249404,0.957256014658883,0.8445734913508571,0.5900507961249073,15367.666326243625,24435.053273502883,27926.999674159895,0.004624740929915106,24600.046306108565,25608.224241701162,35903.15145064929,40139.371698679504,35127.037339597424,41776.743769397624,36074.86916068574,35459.98814519961,36959.9675907677,36878.79675112466,34573.45051061152,37881.095093315416,44009.16027030777,45714.83983028423,43664.20030674771,40322.10483890686,51289.885205202285,38631.94150741471,44575.43188220158,61572.58179563311,34742.83487840902,2.612483338417405,6.797739264371193,5.4698721416196125,3.9907220306636386,8360.921194195593,2.094550895897621,33494.62810715814,0.06128679885117883,36205.56484226838,36041.7432479037,43048.606788320154,31594.506080304862,0.0026862296637072867,35551.04902521271,38744.913567380856,45954.14442706111,36854.22265313233,36860.82093420835,43079.84601726128,33949.23566091198,46261.02391008509,35949.110714469905,35207.37141542685,45669.995821401615,46489.26616033785,44360.570092545255,36360.48877460631,44301.895407440265,43193.23824987795,37684.56800135809,46294.27517615372,0.0,1.5748233339751072,3.0966725983396395,2.361877119562247,1.3648500348612085,10921.422981759415,0.0610432827367966,25371.29296335001,34708.18854280491,0.00593647184078373,37338.54099396492,46413.02138294673,39394.66386365203,40506.8460629943,44579.36801751322,37847.05745579801,35519.24949095724,35633.72597588692,36923.421714819546,46172.19655891232,46029.72999961877,39219.14440307049,43878.18154380271,45966.66359183049,42511.507111613864,36327.19859024177,45812.259320444515,43940.78337898789,43348.729215915635,37696.19568363036,39799.6561296436,3.135669424687982,6.713151895826462,5.398081663345745,4.507823337657834,2.737862216039283,10578.741608174354,0.1398138127523949,31820.103724644683,34359.87010027011,0.012133523344488124,30025.810416751283,40379.834586151424,33669.8981112132,62006.531028679834,45833.41158538984,44873.63769480795,52776.045732630504,36182.26479662211,38991.39552109463,41645.728250525295,40922.8957197919,38057.02264033179,47679.558186966155,46793.396659987804,47023.065537724804,36724.8641266788,35806.64306807497,37473.8485457004,36771.84507776391,43486.975829923584,0.0,1.3065975571343404,3.609320489854273,3.079201075520093,1.643972182226028,0.8460753095309391,24004.785988846368,26836.223873635114,0.009589776021798982,36078.51018402492,37945.867108406295,37622.88002108405,36017.00663630483,41801.6872525711,40842.542524256096,42566.205088105846,44288.72677007103,38738.2328241372,44159.49916725644,37659.33627675152,35870.139536885785,42409.13127004433,34853.776411483675,43305.87985564849,46975.453208133484,35493.515377600495,45957.39177952431,44477.328757697935,34945.35076078041,37686.33413890035,39738.93634838668,0.0,1.4486871681401843,2.6146274597594816,2.8913586965618907,2.087146490718675,16143.83164051826,19265.995528930984,0.11998929994047566,27281.09921531399,30308.20944123657,0.012688057048528122,28428.171844277596,28305.80662366561,31706.53602264417,41259.18516293486,34639.61000496524,33401.00450045031,45553.554813407485,35299.52624203909,38207.55026076823,40893.96422391952,46331.37753860426,35885.76319036919,44426.04893656891,45092.832085736845,35754.1290979764,45413.83854875728,36045.36358347071,40616.529899904584,36732.63072153784,35235.61655842424,32285.512918504577,2.9133779350268387,5.556450924395953,5.335587459190817,3.8425201879184963,2.7589879223229654,20322.687588423796,0.13712161520355223,23291.45619044924,27223.963945354302,0.013029987659815738,30823.384332206122,34025.65761265568,29083.252029289302,31820.988268383364,40352.5756102044,41983.774156096304,40375.321980970395,35861.28321745144,42409.342460099164,36106.717114998675,39621.343526500896,34720.435239567254,46753.52281496905,38638.959070117606,37882.68086778588,35923.418640615455,45968.24816306222,44824.410015662754,38491.261462077644,35577.24435092961,45501.49786201933,30756.500971691505,2.8638653784280352,6.782130988746342,5.482130322172661,3.5697328147107523,2.7616466105727593,9212.547343243583,12044.00003372633,0.15536495301798145,18105.52333646528,22574.90438704255,0.013271357846292036,26947.370472831004,24486.623692841567,27580.616663795598,32565.08767841914,38794.47355112174,30444.697133973616,40255.254717123,34240.50435980972,34269.87483912017,46612.631790488456,34891.1945807943,44363.054211701725,44619.533352026396,45130.168208983465,44060.51892956435,44678.78516279995,44718.31321885235,34395.19386882316,46299.103049135636,36997.7880447057,37359.49465573083,0.0,1.6246106406600513,2.547368328868328,2.2847980997856454,1.548161208383041,8917.931024922134,0.14095152073933168,28287.863514586745,0.01194818131465682,30269.589439485142,31457.350746314933,47628.8544401541,55169.34224259919,49031.51232826198,39846.9682824266,39147.54646784541,38948.62720732823,43655.767949679954,37064.26454967448,38163.55321502439,36613.88703170703,38556.05802012949,37424.148202000324,36816.29011656377,37200.46932262308,33590.27476895815,45108.04916628414,36892.88960279502,39649.04527263066,36331.41378291914,0.0,1.7988683975084794,3.5659012574821234,3.5464215712073504,1.6843573385778245,9896.902089601128,0.9055590870431671,15418.411318345303,18888.932509214308,0.04138431398844515,22906.09453216999,27982.48305214627,24583.659644123887,33517.57535891638,28839.963130941254,39073.86576242529,32715.554309830033,40690.539818529345,34937.38747976122,37368.829125570664,44008.77851061951,36417.45705975505,35198.47549883392,45441.23227999345,44777.026294370284,35698.27607253508,45144.554960272806,36973.6426197931,35188.82325605575,36481.543530476876,43195.21185576947,42321.82053950733,0.0,1.2974421759679968,3.398396219424497,2.496811859230172,2.083264767060089,1.179285461427299,9062.50406171478,15932.811702263145,0.04190609694550625,15718.214959613131,18993.45414065998,22527.74984855548,24515.357579185697,35343.20735718255,29579.963001457323,38386.26576958116,32560.16129165918,34094.700774731326,41242.45084083144,34319.61657811763,44465.91209138851,48135.6209257742,44780.76629803983,44293.648249630496,33929.80668876,37935.6731608294,42157.16468879447,65180.438118986385,52033.13222847408,62648.28319529187,54840.707887932185,0.9426290424794607,3.3313464018019374,4.033020985052013,3.038289596368197,2.405103422033895,16537.06682332149,24784.64982265319,0.12594821598849706,27451.816341452828,32327.89906520301,0.008771911270275193,33656.39104767368,30367.029396299,31605.187162435082,33420.12060199334,34918.086839593656,42428.03854977722,35228.52094749142,43838.710167190424,46833.97477790458,36043.344046385195,38004.698637491914,44146.486121248905,44562.22655180093,43997.92996389033,41746.03566100331,41058.48481414427,35003.428133762485,35112.61401309808,46141.31884695864,44852.82183252738,30954.23824866832,3.3519275026779605,6.9355406768137575,6.665896294501517,4.017628631890378,2.9295479602754524,11033.035977038633,0.16383854212535,34554.91682307051,28295.920073797093,0.003432931268692848,37142.15966643674,45888.21374805101,36424.786016988866,46516.178623870626,35692.6371679542,45923.33919571567,39426.26896721728,37687.889916984655,35611.535530896035,36607.87911392539,36305.31486645459,43696.97515251888,35754.08258339859,40915.450855819945,42773.75307908732,54956.62801603596,48899.5963338051,47473.015557646904,53739.39691198093,52900.9736446652,1.5901471468230304,4.035512589355715,1.3111437709925815,1.6800740846077242,11351.593978293413,1.4523286040962515,0.8750292878330829,32778.87286759687,35559.72913607837,0.029974534242660097,30346.580636267452,39685.168299466066,39820.65967047654,33646.51678750855,51497.57663196256,51477.03917314992,39223.82366185045,47705.62439375644,45830.965760608364,45695.658339081725,52372.694037394656,52901.96432848998,51088.78185735227,35376.9008051147,38354.16736727946,46905.349593687824,45279.26680199008,45622.67994721761,41628.88427671782,46288.649234195334,0.0,1.80644283855963,3.4038257354680996,3.180781385737861,2.149406873973771,1.1855946749708268,16338.196282707682,23463.123134717403,0.052355291295634446,27326.278462497536,30541.215195463923,44748.87391946642,37213.91863745008,34795.847183971266,33750.84029651875,46869.5832842691,38072.38032585603,43608.83838510282,35723.73480380311,36023.746030777904,35907.207818039715,36294.166274530246,45545.13885985484,43886.655764548115,45720.935229210365,44112.934165428574,45669.51306197015,37504.66692771838,43555.3932807264,34242.16239636772,35573.035552460366,0.0,1.6751170053463347,3.2058340955155606,2.9217228253961105,1.679453008178785,9582.60957907722,15186.479392428244,0.11812478909279582,15789.425499089672,24171.56354297782,0.012668647346525586,27305.71028346981,24849.490538469006,26207.016190408693,30904.156487794142,46355.34560663543,37081.96421424931,39265.35429949829,37895.40811253366,43521.49342815696,37708.95462706314,36845.85500087822,46320.021461687626,49170.23076929172,43901.966321797336,38404.645008309955,34604.87984021507,46281.48581315256,35832.864918390376,34822.3946089947,45314.39042384951,39596.3969619802,3.2324481805751084,7.105369864065209,4.991421453484097,4.736540046487393,2.712002679095749,16065.776345913984,18791.71640202837,0.16689556838210634,22187.62881804982,25074.686913195357,0.008850708428519713,28387.268460126787,28118.46372153972,31998.28082428731,33299.24455025872,38667.146043376284,40912.31845906921,36568.61810823892,35931.169305241834,41117.06794412935,45746.253284115606,43876.030143167576,35058.156408773335,36445.25424015524,42831.92945304081,34264.71387504559,45902.68194533802,48985.413303622816,36671.36305771994,34087.21448035299,36191.60063505878,39181.088219630874,2.9444400543128206,6.9425292686755995,5.390381653198985,4.642331315198908,2.49766040653485,16120.282499589666,18272.2208425137,0.12930813915722214,27478.701047763927,32026.118865255026,0.008554516113842815,34902.627459684474,35411.311611010766,38720.857729312265,33540.82906928849,40621.396486729725,39780.878392397215,43286.92758969624,44105.31951281034,43969.27895201749,36374.06147048692,36331.85306341051,43541.610296448,44429.81759895285,43109.38125694114,36453.44728901523,46971.700781016356,37372.99684850229,46852.58266939472,43557.46761163667,36653.48695234133,41441.8149487295,2.9008936341622173,5.659913012385289,5.8729985161941896,4.9593435055156805,8960.005094029473,2.866183342091637,25043.810151485177,0.15122384045183512,28679.956234817328,39271.828448851316,0.012594781574848724,39466.09543826421,41610.04301168534,44332.26244136687,46273.985982985665,33062.36630404014,39468.670444320735,42983.77458252664,39901.74406658895,35862.88002856707,42491.881855212305,50857.797683368495,40599.24866836182,47687.57192186925,47973.19048381697,35589.54255528564,37001.313418256104,36894.73269180837
2.3439124396529807,52942.0473316401,5.131778628828667,48189.064758025874,5.128362955076852,41013.024385972734,3.142505183706245,41919.84162875512,1.6247610760263287,38736.63750017344,0.11767671256764681,61641.44016573818,54771.056085679214,0.009729498322617514,46134.78247611404,42730.085195532294,50815.164129027966,51526.56845696978,45076.31939420518,63891.48364793593,43687.43379369585,54904.34476672922,52980.985880965876,48264.044576788496,45524.38841208891,44436.13528548215,44109.94277571401,44208.14377806043,42108.371711920685,30897.647171062832,2.781664097039438,4.282096788157964,4.946456305227909,3.5617108047920616,1.4863848255595808,10339.403907175287,0.09545574721364958,36476.59944701701,32611.18679639123,0.006585327154155472,41054.19479402252,38364.61520493511,44523.14808349644,35607.15626854061,38460.61260630187,46657.25710899567,47380.59099528536,47865.47209328962,47309.32190439055,44726.76430691743,48916.69049110246,38162.88597522986,45695.857931359904,38845.46258411215,48683.086105017144,60178.59710044938,54195.724273851265,43568.66150868957,40408.26002454913,38794.82203654455,45482.97230734541,1.724037712802663,4.7550359286801696,4.6774908984352415,2.915158037292829,1.6305727384082072,0.9479286961964907,31900.35514062162,28524.781275662568,36051.07606499055,0.006194665340972375,40544.71106392599,34116.65775745414,35627.971407535435,43628.89453694418,47468.705043915514,47264.66705789074,38298.90364814299,47041.495902616734,59759.869416593814,45204.767810442216,42194.19805516555,54424.694337275636,50396.01086780491,49932.000422204634,42522.928217661756,45346.53383819399,45979.88175853362,45097.6094970837,50572.216840473404,2.1235457744174804,4.036054576199923,4.171687609547816,2.7757972897705754,2.1030895815404573,17931.65773742829,23710.703629105847,0.09658547088048089,23577.681624987705,35382.92891853452,0.003167250406865447,43738.81552924586,44254.67981631847,42060.40300171407,53192.666151283025,51218.0397612548,47503.734791728086,52008.802823664504,49774.083626907064,58340.82606933099,49413.753128832,43763.359083746436,49608.136647959465,50392.68065691434,39467.82810146199,50490.25749704664,43760.072942371386,54287.48516193148,39787.842490825635,45802.6368872925,1.2280086996823816,3.183672737712378,3.4220951660726278,3.262704445263692,1.5581505858416833,11864.331050752382,34997.65422180403,0.055394052842461905,31408.705471563102,39290.27624199568,0.005041382657712846,43428.86314369291,45224.51833449598,44603.69021344285,48836.47186357799,48715.00611128623,39332.244586857254,38087.57398261244,43649.99868286881,42526.07016468105,42632.47474630166,39847.87766134064,53041.3567663174,50498.65281395765,40455.68827979951,40698.49344297388,44909.55426581872,39176.31036977414,47418.67887755331,38728.85810310947,44332.015218907516,1.7263253102884406,3.8823974496168505,5.037862123091841,3.5689038897128706,2.2713148551393485,10409.277199075019,16155.360296705037,0.11102359355425737,17506.50811656884,25997.809574719442,0.005592343578089445,26342.947285323608,24992.82915178054,33808.538604026406,31436.21877983542,40637.553391235815,33248.111368305756,36436.39970576074,52940.932599883956,50296.79938048504,48067.374151497876,53771.86393356903,41458.46445699669,43007.07969731059,41356.71893397917,48789.55440277543,53205.72397356504,40399.36917444637,47882.42392866857,41574.49430580948,40314.41789677758,0.0,0.9005626046944545,2.0014016382822555,1.9300554915362609,1.3812905055761988,10540.261361653116,0.714766085571437,13492.636035996224,17134.875472041313,0.04397185409131198,25606.38596284589,28036.536834095794,26212.385400268035,28171.477383317255,34232.10201860012,42601.79513995722,34440.33414887969,35378.413946379216,37611.574062557134,45358.41060918637,48750.79623711335,39830.51512322165,47660.57493673463,55079.94774432806,47760.25804065099,49297.42416424049,46601.81987894805,43876.655710505045,25953.28339221592,2.326670666209903,4.082067773723527,5.224275553350203,2.922821621536766,1.6370646802239655,13404.38315032621,27155.165950157676,0.12213287300071003,30047.70350158785,28123.113373017237,0.006984819373007636,36160.01226380806,30590.496726342437,45657.32321069076,53946.32785389075,51204.8535594172,42471.67987640123,49783.280644853854,47745.069272460685,48913.75925266314,43202.10216383679,48078.225919604185,50806.45400243142,48804.617354336646,51691.9502268976,37968.651642556004,48603.58730169048,39596.569082966926,42813.950514870725,38323.95117333648,45886.27082896007,0.0,1.0902041155863669,2.438966949762038,1.9111995691699735,1.3138179458292214,0.7442163339026309,21014.805403349703,20354.567594000568,0.04130646186814716,30303.32394371536,32758.817975833645,30004.21382799432,29824.81855157758,32543.92187772546,34772.473760926965,44076.09441809716,38404.39887958279,46656.327197667655,38672.21738360825,39112.137068244876,46666.413922371146,52339.05837871329,46624.626369953236,48555.28128987381,47087.37069924026,48263.11376453977,39604.11173845696,46186.05351389799,36034.25039112531,47964.07827961482,38847.66172020358,41911.61865611626,2.0421525063842103,4.682935235308351,5.096220963148626,2.9153349576920884,0.6707002266713595,24225.97072511571,0.46183677470201906,21620.971548920454,31258.980530728433,0.017301774559651,28182.165739938948,30428.294710925755,32013.40359036487,43927.15617562005,34799.639578456125,42985.421533198685,45384.598866604436,37485.59926817421,38449.4883234017,48438.70906367686,37462.71485248621,39093.377383364365,38142.11330645004,49382.37792534486,41323.862562305774,47844.50492597058,45052.79804059154,41028.760268728685,42885.72858186931,38144.7774431118,46977.34917933741,35737.88634363268,2.3998126490619494,4.900155893096765,3.907923839868497,3.522155493902749,1.6498650215374802,12997.137167737992,0.8076951209090971,36838.41336600877,35964.29190137823,0.008685293360086272,37403.945357047385,35704.426036249104,33092.59824452181,33956.89703163147,49887.06402316681,38638.4737364485,38865.95098236798,47686.68921169385,50040.13198393751,46359.011965868514,48149.086296952206,40475.571227675995,38784.879611403725,39656.56534928161,42985.10560679184,38609.31505630768,48980.164319203184,50893.175991512886,39146.79347280493,40813.01451932177,51484.1400864894,0.0,0.899068780571467,2.234592054169397,0.6901625551679339,0.6207172890511193,0.4417340969038329,16879.614585315365,26638.085413417728,30268.16753217516,0.0033118860263061504,26540.02651477445,27519.402453950195,38485.13246463885,42938.74361602887,37542.67645103714,44582.79228632457,38482.55046643011,37802.590293218265,39372.99228585058,39275.262387686904,36818.94535125845,40340.484185249195,46865.55870202689,48680.95825392647,46243.200064611236,42769.88991294227,54445.270105710755,41053.972584446776,47158.84009813636,37015.78716177822,1.8271542956047802,4.903054892937067,4.025042783655438,2.9799479431224687,9473.578169215862,1.5836696642883292,36015.69224290211,0.04441458794869591,38817.61476323373,38560.99171502895,46011.59369805954,33716.7387365626,0.0018762153856777706,37925.35290423629,41304.528572780415,48948.01010059995,39249.42488923114,39255.96471786732,45876.758385186346,36148.78935453758,49257.52810704542,38278.235294603204,37486.72595876759,48626.709381228786,49501.282045415595,47234.6688431907,38715.697285088165,47170.03700722208,45986.4586099935,40122.27188351823,49292.93318532804,0.0,1.098878246644404,2.227050194529853,1.7348572844870322,1.0192002258820845,12390.349184223202,0.04386084640777843,27304.868741314764,37235.029064094924,0.004253378882185313,39971.709421869,49259.39074100713,41860.23082996265,43056.50823632426,47405.327877056065,40246.24501560997,37775.159151584776,37895.491055777464,39271.390628170644,49120.20751367357,48982.23755510855,41742.695943851344,46702.68683896572,48926.80664255266,45245.750018040286,38660.6002939209,48757.52900975637,46765.73589891297,46130.57579863885,40117.5320553822,42547.61053287768,2.1930718675041274,4.842403615031298,3.971865193069362,3.364122730267363,2.067132010128923,11996.236892878089,0.10302834239560739,34229.32249861084,36834.26270207712,0.00881626132979723,32116.623317339156,43145.999394043654,35930.34149762996,48512.978687862524,47577.31117515024,56012.640010204275,38442.193780379115,41445.10120106401,44289.090719759886,43525.19210869389,40484.17730305065,50734.938707708985,49800.42091964306,50053.6141005996,39095.99794368049,38120.02485437122,39897.207408589835,39153.10229277848,46301.60405945354,0.0,0.911930013349648,2.5962799358859168,2.261947013760559,1.2269830906666717,0.6408743815366535,25936.73726477465,28891.814198912376,0.0069052186879053155,38737.422813179845,40659.48053291451,40233.7709490132,38476.27331863977,44608.35112304343,43563.456103399905,45356.52542635529,47166.52129339001,41253.61077254583,47023.648131980895,40102.78902792168,38197.08585429184,45156.133586446274,37109.63396702295,46103.769440190794,50012.33997459251,37789.486508923255,48930.24030337799,47355.258828544735,37203.80539449254,40124.152267304285,42312.97988408803,0.0,1.0107914276032184,1.8787761057082812,2.1216556130578024,1.5564391854283315,17728.01278572981,21002.992247645572,0.08761521757048821,29565.316831141066,32682.40230382079,0.009151250884344144,30549.498736366382,30341.423340722427,33910.37610158677,44088.45590986687,36965.98621557553,35630.982275761664,48567.75649775561,37604.144836132335,40690.49854069015,43550.97957736791,49341.15939666695,38215.92259130668,47309.0387650506,48017.516259479045,38071.678871040654,48356.86287096663,38380.72433798058,43249.256022088586,39114.60907926311,37519.55682543461,34528.93272197341,2.03823573298364,4.011723002252719,3.928443362057771,2.869162581301105,2.0849366200906996,22307.86064150144,0.10120052629252908,25374.551765990356,29489.334096208706,0.009489727520146233,33215.26445231299,36557.536906874484,31170.315663224006,34032.30250065708,43110.97305054438,44800.53352032898,43058.4345529423,38208.98344054295,45164.340829021385,38450.56887229686,42192.95231922894,36971.92999196892,49785.31981140286,41143.50086944389,40339.2358214383,38253.38216486605,48949.7111069186,47731.11101849913,40986.76615160439,37882.81240656881,48449.516741959356,32892.80362729427,2.0033980139290963,4.895436093210059,4.0358266528118945,2.665297907890575,2.0861496523902443,10419.554707399275,13399.39537171772,0.11461975286591018,19933.082515394188,24644.331251787182,0.009658335196514446,29214.35371429242,26439.972069138774,29673.165678694113,34940.80368705615,41551.967311458,32554.835676054372,42968.13457554468,36527.282515457504,36533.85423137841,49651.57389658387,37158.73206935893,47243.666984998934,47514.584946237395,48057.27397311415,46916.48125398535,47572.077008830776,47613.414054504705,36618.78729808115,49292.26487614059,39392.41348539084,39778.806659524,0.0,1.1337211110693557,1.832105831120442,1.6775329631241687,1.154789050437625,10075.87228698877,0.1029257703458259,30400.81720870025,0.008627486612047363,32447.9559355893,33657.780277299695,50343.15375491999,58432.4716134188,52016.86855318899,42318.77127984772,41608.17152745335,41416.039504976245,46428.446710386015,39421.189691417996,40596.10984408796,38950.319755834294,41016.426010929514,39813.61214555208,39170.741885963704,39583.15201812211,35736.12565925695,47978.2035656866,39236.04232297282,42180.56485629184,38657.260596641005,0.0,1.2556466996547224,2.5652069266657938,2.604961205831385,1.2573478374469318,11155.392981074387,0.6856949191984466,17148.401020983812,20784.335001585656,0.030889506552676884,24994.193974921876,30334.006336556205,26537.28515532976,36036.3962198057,30916.84500503853,41814.88700233534,34972.74752300384,43426.59702008982,37270.70750520738,39842.72795989262,46879.99299856364,38783.21019290762,37484.00745609454,48390.10154910052,47681.77486198975,38012.70308695757,48070.12847506734,39370.240138028,37468.689198849606,38844.59322244086,45990.95610676696,45058.68805854411,0.0,0.9055208242453826,2.444036003000636,1.8330705760601298,1.5535042926833935,0.8921548461258665,10198.641571208726,17672.92368906396,0.03125318921826201,17250.68294941701,20685.19502852971,24402.336965085255,26419.82233991363,37976.51068297192,31706.46918193339,41054.289680518814,34787.10897802539,36383.12870967187,43988.93005952524,36569.35258208203,47355.40523414296,51263.37907957965,47690.08151780501,47168.9510625777,36128.61325354034,40394.6286141702,44646.076044937596,68870.92890779779,55103.68257924883,66195.40436752171,58087.52597051169,0.6571053369500478,2.3772985862152454,2.942804744485407,2.253511173352378,1.8081240082078587,18127.87213225594,26960.920658649564,0.0926281698727138,29700.490132138202,34829.711542036304,0.006380965124027067,36149.516374909435,32540.96343262472,33800.69331042069,35703.36170754597,37262.32792408328,45259.73822415959,37555.8316195985,46692.68777812617,49877.51816980082,38385.00673048203,40473.56225772324,47013.39875698393,47454.053508250974,46851.03672210705,44450.08672800491,43712.849182497914,37267.69696251783,37380.41444451748,49122.39938034751,47752.48392749493,33100.659778041176,2.3446663487431123,5.004524943567047,4.90577149431695,2.9991017807046862,2.214361963155766,12494.038051511294,0.12103125841001901,37161.7471040339,30345.35504728497,0.0024281706877095992,39470.164112612896,48776.70560444278,38735.296732074305,49464.91611065469,37958.14149411729,48841.837400303084,41942.16750936,40105.32273119595,37897.92275139064,38959.309744622544,38639.38319277642,46512.07154745748,38060.0941189558,43558.03614063911,45294.607807365566,58293.792308950426,51913.3329317702,50447.71592119186,56848.43615605921,56093.91218498834,1.109812912895231,2.8919950571823145,0.9293397764526554,1.2181461972665804,12869.78472424684,1.0734476905328727,0.6577734482652805,35272.34418583187,38152.1531753614,0.022253638177466593,32495.60096816694,42432.98046486984,42506.21627343965,35892.885894514686,54574.80713402237,54618.62083758249,41667.005305057086,50706.91910443288,48730.52985270158,48596.08038318349,55425.914472319564,56084.899189227464,54213.630866241714,37578.56894736695,40764.92446138859,49870.9003595379,48153.25939443156,48514.77707530964,44289.69814172439,49259.16124273981,0.0,1.2608593113190618,2.448605049673827,2.335469221778752,1.6031154178489193,0.8972137890210696,17932.641225237086,25561.57192171716,0.03906755485514549,29601.275658387705,32911.199123335464,47656.75454655296,39631.41155764424,37054.258903626156,35938.538731448665,49906.94651947167,40542.63263638969,46437.8049627829,38038.79611038861,38356.55813107458,38231.870352853846,38643.88082204588,48494.53371043993,46727.152668670904,48679.33354220729,46966.47015036185,48623.73955817188,39933.988251711125,46375.936940779095,36457.82038671567,37872.05631572673,0.0,1.169026800770476,2.3057027239487544,2.144816376969845,1.2525374692399345,10786.742108904373,16855.297091576165,0.08626053833591778,17330.31588850885,26331.639165276178,0.009149267913052095,29581.145396581927,26783.276970102786,28158.16626295959,33123.013163427335,49241.50690311897,39411.966140840836,41747.872871962405,40318.870943802096,46300.261798643136,40116.60294397474,39202.19748479518,49285.314113713306,52334.08386978623,46739.270773175595,40893.441550446005,36847.43423093331,49280.03971532504,38154.45799258083,37076.221025198734,48245.64508092711,42345.1679608919,2.2606451702630146,5.124787269975107,3.6730769138806174,3.5350271059043554,2.049151977193117,17652.874873494944,20493.437709520036,0.12326200537932593,24049.14374111329,27058.79393635432,0.006457797373782157,30520.550573029133,30142.94222626494,34236.54820523494,35595.84222285928,41274.90820085551,43646.41828753054,38990.76007911754,38285.0052365478,43789.47623905774,48719.248205309945,46725.7138704054,37332.83666597303,38808.59727158542,45612.34542930466,36488.29269743054,48879.89231798873,52166.16832094619,39053.11423758341,36298.49994591754,38537.506910912096,41903.42147353438,2.0598482774588187,5.0123420694130445,3.9694189969721454,3.468006135157327,1.8884413315646777,17737.1045762045,19936.42024419216,0.09551911873329393,29785.737415859447,34568.196854444475,0.00623981177480057,37541.490598844415,37972.153390028594,41438.9940105813,35857.454557160745,43356.92459715868,42431.064338677585,46124.493075833765,46971.19659259517,46824.32283554796,38734.52457153172,38689.17464949764,46363.937440394475,47306.98689778863,45900.31849758846,38812.187687086654,50014.23824845871,39796.50063540286,49892.52132316313,46382.56930251797,39029.33227458748,44322.511911398266,2.0299149836197787,4.087431020901557,4.325347091717195,3.7042681666975352,10149.531140927733,2.1656877294413333,26921.296457246568,0.11149646635421942,30744.151993680545,42008.598450852805,0.00915845678332854,42173.75567241665,44403.55151068958,47292.05246720831,49344.9010464054,35223.907534701495,42032.63669302965,45774.44961655069,42489.73852110399,38187.9788144148,44999.38922883534,53940.29573378418,43092.279327163036,50673.08207014605,50992.1152594822,37839.66106192362,39348.39463611806,39243.677311579806
1.6380240496277119,3.69895109982712,50939.27769568199,3.769869608310243,43421.56075375818,2.3435951451003443,44418.82994279586,1.226607712838533,41082.855931620514,0.0868655090042742,65099.188945109425,57945.36063669504,0.0070848980001774675,48866.979076606265,45323.273001295354,53916.35235716043,54704.05717635065,47634.52368044853,46171.1396200597,58115.65465382866,56131.51794932606,48142.86882049039,47066.54136566779,46747.851881159935,44593.247597594105,33063.5911326637,1.9440499269013711,3.0876614902401696,3.637440359611475,2.6573462070572083,1.1225855777920783,11614.53578937108,0.07050831141069176,39124.535085673706,34882.02941848865,0.004801220837090911,43847.37225569886,40925.982461546315,47419.55897143404,37905.33384530639,40918.91849312884,49598.99404840932,50361.98715981367,50875.79553164867,50282.46498719059,47533.024192522236,51984.320968221014,40556.13112196989,48558.38284258085,41277.40696889617,51732.73990383747,63627.24554218196,57391.47072801081,46173.59170105121,42865.2910040639,41162.37939029778,48490.93643851664,1.2041046990763253,3.421242992698701,3.4331609317456646,2.1707459974673466,1.2291305442574285,0.7234148605621642,34375.80768868842,30641.080921637127,38624.15386645659,0.004493521392615423,43349.624866662925,36407.54569515949,37985.41402351527,46461.83634226307,50532.45752971622,50290.4335732005,40717.02028731258,50001.99920783198,63121.97687372635,47837.46401543615,44696.78614536372,57726.58577098286,53472.12561382907,53012.92473786378,45148.18012720142,48146.10761026265,48590.5324166477,47738.73793556988,53654.57522688934,1.483995303172993,2.90913172747225,3.0666853068564532,2.0701890938354777,1.5877234054494407,19617.181849053424,25752.24257735489,0.07139116726309512,25463.892771991385,37694.59004364456,0.002275756648740412,46295.92588039084,46882.926669965374,44610.535491748335,56438.37862528314,54370.91568498729,50439.766760957464,55231.802809946035,52870.38339650777,61668.04954185782,52314.55986457813,46367.400902578505,52616.86334545839,53466.04709679384,41886.6997819126,53600.192508181535,46240.135902289636,57452.33398446375,42143.975847963295,48669.25529201062,0.8568729249003602,2.283474527274656,2.5049806395417393,2.4247645799953945,1.1729533363610072,13353.50215924326,37550.832896479675,0.040047535593492944,33605.73228437334,41958.37612465103,0.0036166267581016825,46324.266140126114,48164.37472459756,47483.51892739938,51962.861416046275,51803.13090869917,41808.06264346165,40484.40270260093,46154.71566446276,45029.373959960874,45172.39130592864,42264.645987253534,56277.17046958037,53603.452507487316,42950.4690694654,43211.10962687482,47689.73323819809,41606.510848604914,50358.71216761509,41128.896218930626,47281.84805211725,1.2059404598018375,2.7942596837968736,3.698289271405856,2.6576705866472907,1.7118833264398658,11697.735240927712,17904.185532442905,0.08184248831997214,19206.570057898716,28331.883524881992,0.003996943490497607,28537.128341972646,26929.75061378043,36298.85267509098,33662.40281439412,43436.9356898283,35477.24822679129,38832.41790090413,56051.07317089986,50827.97796294673,56950.85191580468,43956.37094834105,45629.41002715783,43901.00941029348,51796.508993940486,56501.2054444383,42916.82476964897,50870.91870825604,44169.29108096838,42835.08826646499,0.0,0.6280510989282142,1.4371722019924535,1.4145318834589413,1.0284303376797213,11796.113659122402,0.5398424520313604,14914.310751283712,18754.85497189221,0.03272035965085492,27830.750879378393,30292.97116075086,28191.32402509172,30196.344480181277,36606.795672545886,45463.59341225098,36721.50809387739,37675.920064908525,40039.12192640616,48254.46280795554,51820.14247968547,42337.606334321936,50659.588928133206,58175.162167216426,50470.783178322024,49256.57560722984,46450.44648494907,27921.026571820108,1.6263413141059198,2.9446021648260903,3.842281163627079,2.180618014712225,1.2362602951536088,14962.94155561078,29421.077702735805,0.09022191971594976,32376.74899670116,30195.729479870275,0.005092303861727668,38714.77005252391,32680.419751955113,48709.45280456505,57139.95607098714,54299.25339525447,45062.685312972724,52845.978317427594,50687.65108145037,51930.12387585058,45883.341876516584,51072.93240251562,53978.63836122846,51858.15109258679,54933.62091936951,40351.98676446112,51653.80165325819,42082.62946423832,45503.62415048728,40731.09237468344,48765.28081599356,0.0,0.7602922580852268,1.7514227448998165,1.4006973510054619,0.9780897654884982,0.5620231042414374,23021.935198082727,22130.653136189958,0.030746719839475238,32748.497615387598,35264.046872148174,32187.049818409094,31911.05308627823,34752.45807754483,37091.60111948915,46940.824959949605,40887.18090223766,49650.43444659699,41126.84339996617,41574.16845163526,49602.612562909926,55632.46322292146,49557.912461262,51608.1616972153,50046.5653113426,51295.11672395267,42093.022721023925,49088.605061861206,38296.16096296227,50974.15897633552,41285.62364610634,44725.663580293345,1.4268976292975484,3.3737803591731543,3.743591371158878,2.1728483817873037,0.49664922942882594,26436.25226992676,0.3463008796990948,23435.80824074618,33703.74716382945,0.012830177209838867,30280.36853909041,32608.05801379067,34232.78022475081,46877.98628118667,37109.07402878318,45777.564743222174,48310.66041986621,39876.31038366064,40869.8791056972,51487.1443978814,39818.7950007234,41550.98284387887,40539.145345286415,52486.314891763424,43923.093518305235,50853.8779750303,47882.58054159116,43606.284030720744,45580.87199444467,40540.66467781341,49925.50573774105,38138.433744858354,1.6769837737538174,3.531730958503091,2.8717075420758005,2.6249401100466287,1.2442576802752972,14563.267091312518,0.6164029943986075,39487.653893745606,38456.39994369271,0.006301217420891994,39916.13939235795,38064.44690267912,35238.09129855411,36129.618895536194,53032.44007244916,41070.62150632937,41311.56837032135,50687.08243385332,53188.878220223305,49274.21027176492,51175.0041732691,43020.06831451274,41223.09135718511,42149.57562547017,45686.941036831944,41034.84354754315,52057.214090440015,54093.04994393244,41608.7875736488,43376.984623050645,54719.6486249842,0.0,0.6268883221246229,1.6049989582374031,0.49718372355869683,0.4556820204654492,0.3302688130776899,18462.49115771656,28936.189256218022,32703.55775720544,0.002372388171826595,28553.62566724637,29499.35438794115,41156.75978743918,45832.46900717161,40038.63685300736,47480.04077951336,40968.00325890334,40220.11729884465,41862.31617829688,41747.16024831298,39135.08489694817,42877.21881717926,49811.76239905452,51740.30149687638,48896.193826324634,45289.79929047234,57694.84006271524,43549.63762922935,49815.01633917695,39360.753210617775,1.2764117461957147,3.529694050353386,2.9559984650911035,2.2211386485345046,10655.719155295717,1.1954185076335726,38628.22273742866,0.032194578665912736,41520.63488460705,41165.33656891571,49073.18494602418,35907.94972821431,0.001310567446513243,40376.39967117472,43946.009288912115,52036.34636744689,41720.02975485243,41726.494429278864,48761.63109176989,38417.37820162405,52348.05851613817,40680.4617377576,39837.56821493828,51676.15475871148,52607.83300797543,50198.974006567754,41144.80902428809,50128.13252998612,48867.18761496526,42636.368267667705,52385.68499032257,0.0,0.7661674478916961,1.5993514764845504,1.272326605904936,0.7599411951447598,13951.927729334107,0.03151920193444349,29309.443912488146,39850.646450883134,0.0030476308138164617,42694.58895474292,52190.46175898601,44400.6292316498,45683.98311783258,50318.12755640415,42719.157973420595,40100.519324667606,40226.84469005359,41691.730182329324,52159.44136367131,52026.51677472881,44344.92479583841,49615.28767252272,51979.31199763473,48065.20410531105,41066.62824126352,51794.54806408718,49678.689731876526,48998.92887861378,42614.231604013905,45387.290589035496,1.532036775547903,3.4863007040458536,2.9167046739193836,2.5060656444277525,1.558194715014057,13502.825386775563,0.07591325968961819,36726.44918310735,39394.6802132139,0.006407244915455882,34277.802571132495,46003.79773081678,38264.21785543074,51268.66453055948,50360.06890457042,59345.548178670935,40770.57820952276,43973.674299331025,47013.7824899845,46207.69818698538,42986.35611763946,53885.199566113304,52901.0783632646,53178.79366427445,41541.30199207202,40505.81685810998,42396.487546119766,41609.06197694462,49204.48492882186,0.0,0.6359470351640553,1.864810177295776,1.6589577285993895,0.9143673295965735,0.4847070962102587,27943.452642937955,31023.25305540461,0.0049739894243636725,41490.86143268039,43466.80123437187,42932.24166501956,41016.75056664582,47506.20163086305,46372.10390936656,48235.42182422053,50134.89293007554,43848.10542588376,49977.784928751586,42623.0392661372,40597.15514718228,47989.33308648383,39436.223913535556,48989.23462267243,53144.341214949294,40157.40853653846,51996.25163442678,50323.40214850077,39532.97280821099,42638.36647793404,44967.79339293724,0.0,0.7047091205415248,1.3480942016318467,1.5544274155356137,1.1589267004701456,19386.326410276346,22814.948942187395,0.06396661048840693,31941.356558272757,35146.113190785225,0.006601158891153743,32747.1508566966,32447.71661343512,36188.25626287588,47011.542645369016,39367.96343277016,37933.01503733277,51678.511686428414,39981.63485558497,43251.60539924989,46291.617211109566,52445.65003492553,40619.37297973925,50282.65567937913,51034.090202732696,40461.99941349634,51392.27773769709,40789.38268397062,45964.649411114035,41571.4117889686,39875.212527602445,36847.70077844569,1.4242429542178268,2.8907902616492245,2.8866568117963665,2.1384866537347484,1.572983755693512,24385.527246237718,0.07468014497408372,27546.85286229163,31845.228881937972,0.006912693829672283,35696.51384135584,39180.26610141647,33329.69272334835,36317.8922898745,45960.55802547416,47708.74056903627,45827.85458147958,40631.114087044996,48006.03070824801,40868.12233389837,44845.41258118345,39294.15025507432,52912.353712428194,43726.68496410651,42872.957778692886,40656.55011000272,52024.84773533126,50729.119324037114,43560.64570141841,40260.7593027373,51490.06209050618,35100.82859137283,1.3997834186988298,3.526752868649412,2.9652106383453334,1.986418590054594,1.5733251573256313,11700.840725107082,14827.045283983867,0.08455006541081955,21848.4972328361,26804.49626261464,0.007030331813267801,31572.881654558074,28468.270954433727,31842.220113328265,37400.15351036078,44404.12627577652,34735.672110899126,45769.47121684203,38887.97452907244,38870.24384221997,52786.47556644172,39497.650617073275,50214.88427001365,50500.627736081544,51076.34558997397,49862.120433728545,50556.13437297188,50599.3143393948,38912.02307341614,52379.17172374057,41862.12238269286,42274.014950031546,0.0,0.7905205526490624,1.3157697129421044,1.2297520770139805,0.8600788303953665,11304.472179392233,0.07514820059737586,32589.867706137622,0.0062304081514607725,34702.00639825594,35932.58995843354,61789.3513409585,55090.4428902795,44864.95069076352,44143.78919200627,43959.225884986525,49286.485254848405,41850.76152872617,43103.81590095296,41359.011866531466,43552.88636249625,42277.01537302744,41598.163662795196,42039.78986277011,37948.412704550385,50936.8752795509,41651.33142343994,44790.41947646178,41055.26317333911,0.0,0.8757243319219767,1.8425598275819626,1.9103407779947843,0.9371354695220011,12489.18287455789,0.518429355654181,18970.354858476967,22770.342658532136,0.023048101844807215,27173.36244482798,32780.389778487304,28565.597219636635,38646.46334392539,33065.93190220991,44648.818013222815,37305.23200893142,46251.67282558279,39679.44572744135,42395.91216568061,49841.932999445555,41223.406459832586,39841.426724597404,51431.66883113926,50677.80351489072,40399.81796073842,51087.544700106795,41842.09051484248,39820.11097394122,41281.79218869635,48874.360890645796,47881.29874742231,0.0,0.6314662555897836,1.755086887937967,1.3436363087003347,1.1566990937753892,0.6739269542891199,11401.85365740806,19503.19951458985,0.023300481444215544,18854.42199101531,22449.09787575889,26351.832949907915,28395.51988234401,40704.42053739837,33906.78273308586,43811.944888611295,37087.714473329535,38745.88191133894,46823.93426968981,38890.50431121438,50335.8493552256,54489.58182440255,50690.95219367678,50134.666896332405,38396.44708876612,42930.79495735621,47206.3666887322,58262.25324654687,61427.71314909251,0.4577780234554691,1.6940690952374011,2.143579886582786,1.6686190881099414,1.3571904843815004,19791.719407783774,29228.759736976386,0.06811367447328431,32037.672901530863,37424.75602436141,0.004642354699094166,38731.712348482826,34790.04532825889,36069.91768993838,38062.041904648824,39682.72423967004,48182.90577392933,39957.57807281509,49636.65861885823,53016.866628382,40800.36098077072,43020.11358854919,49970.49603247832,50436.78534658693,49793.767243537906,47238.98722705493,46450.347526479934,39602.92320421859,39719.17587414612,52196.789496666024,50742.96265668482,35319.026147523495,1.6381398415162813,3.604164910433767,3.603233311742167,2.234715384896814,1.6709960914965896,14045.85417523232,0.08939518341625405,39863.36442453908,32466.436945611025,0.0017180211733511797,41868.92553457868,51753.35396224722,41116.85209485982,52504.26629002196,40293.34942142521,51850.238380398005,44535.8758182681,42597.895685818155,40255.441382231744,41383.92776250363,41046.16108713137,49415.03826473245,40438.16481130739,46283.30969337893,47887.63386564615,61729.31459523617,55017.18335217202,53512.804547045496,60044.89944574844,59380.405983351695,0.7739327025144952,2.069161656587202,0.6582338750853461,0.8821427026582892,14483.228984768619,0.792334325261431,0.4937597105563404,37857.209717274396,40835.780175193606,0.016516001597400756,34718.13306022007,45272.764825594204,45279.40080894174,38211.83962408149,57741.32893378381,57853.24777558266,44183.99628576873,53799.7658171442,51719.024952607775,51585.74077434069,58565.62976551094,59360.810718582245,57431.23019044674,39846.694707928225,43249.15433172216,52927.34694808964,51115.67716931177,51495.746376378454,47032.93455833889,52322.04663754477,0.0,0.8793162589695968,1.7588237922268752,1.7120708372805946,1.1938447517024466,0.6779567735869912,19601.307636114292,27749.883708298305,0.029141970714209302,31967.224949307485,35369.73419942024,50656.16492464731,42124.97570705071,39383.67516571716,38194.930620196305,53039.66188652415,43090.52474156482,49355.67021945634,40426.53427971734,40762.552927830926,40629.44160132152,41067.28979296568,51536.45408764702,49656.71332466384,51730.46750805356,49909.42993898223,51670.54528646969,42439.53836336224,49284.96393410096,38742.9316651226,40243.059994671865,0.0,0.8151736475555029,1.6558878920326718,1.5720280122202819,0.9327343497737434,12062.119129768516,18611.09010842699,0.06298247319515257,18942.93477993843,28584.145808125926,0.006608307715079992,31947.632783918445,28789.514336058866,30179.36508989256,35418.78724843213,52214.82406139756,41812.956298589444,44306.482054850305,42817.44259789973,49165.01604226114,42598.75323986482,41631.56857384111,52342.60033663644,55596.57710145131,49665.41193727165,43460.36903631738,39160.38927030168,52372.7061774214,40548.91654607961,39400.71614602266,51268.759081077835,45186.173820450334,1.579175711241797,3.689249827440655,2.6976234801137657,2.6335667397634253,1.5457796910755275,19314.717743577443,22268.90736237279,0.09102304233671564,25985.6345537754,29118.43988665863,0.004712640980391019,32731.112505326735,32237.788945948556,36550.474752506416,37969.01758993306,43967.7599096632,46468.94489462498,41490.56652806174,40713.514076239764,46546.01863460517,51785.83166799117,49665.05047180346,39679.00990682095,41246.179269234686,48480.19073870988,38781.76995193365,51950.64276494424,55446.968286312935,41509.79683414001,38579.27380993714,40957.0743467535,44717.18018005155,1.4392752232116557,3.611784514666863,2.917271972130498,2.5860670941186785,1.425495570297312,19431.180271120087,21673.139221074984,0.07055024721701185,32185.756067075432,37207.34793808163,0.0045522624194242935,40276.50937258748,40622.387355117266,44249.325944570934,38251.43425740081,46181.584045833064,45166.70394166941,49052.134373776295,49927.27569029575,49769.16700719673,41169.189076266295,41120.58662832208,49274.88529925563,50274.41593397446,48778.78829018945,41244.86651655735,53152.24638923593,42296.13319979141,53028.004959035105,49296.43201093143,41479.77883908713,47299.99453263336,1.418671408361605,2.9459497610751515,3.1790817859989677,2.7617166790597976,11413.174400254886,1.6337000402211568,28866.638024789845,0.08219655293882099,32880.072686657426,44837.5435852125,0.0066610358241414305,44971.24264013558,47287.81018326643,50347.47915454698,52514.46766970372,37453.8875773946,44677.283245936735,48652.88883078059,45159.04439244049,40586.10062172176,47578.77674363733,57113.48102826112,45659.589681686324,53749.231354570096,54103.15340711128,40158.74698439286,41767.64498834402,41665.10642803396
1.143531769000481,2.6615473833797947,2.7662498529640986,45898.81573948266,1.744873238759355,46990.1641820546,0.9246054856128508,43498.05413534606,0.06411476113360186,61209.077256557386,0.005160205902926555,51677.768351000595,47992.84723746134,57109.38951296459,57976.60976065929,61418.227976581395,59373.037958266716,49772.57874346406,47149.35487080132,35302.90232505755,1.3572359854310956,2.222527173506802,2.6700468392407792,1.9793198436276984,0.8465367140269715,12963.792633509076,0.05207524642123086,41865.2433378537,37229.297297946796,0.0035011661865988896,46732.46736762838,43570.112553072126,50407.23624350113,40275.37555399767,43453.37395452389,52630.65593025994,53434.34462029936,53977.915987553315,53346.20618359185,50424.661651674345,55145.23626104384,43022.153428186604,51507.863408226694,43783.184409756774,54875.033819362565,60678.75896143492,48854.15060775797,45394.83379135288,43600.05621932608,51595.20567185259,0.8401814929010473,2.4575348376772657,2.515446765263346,1.6137861837047223,0.9251293473295458,0.551260653930553,36943.75207305032,32833.102571494266,41285.918314201255,0.0032610297350757246,46248.34406420408,38772.86981891974,40418.37227171015,49383.88325444479,53692.01371452285,53410.0697665183,43209.15564931885,53052.83953156084,50544.66915112674,47271.46740567768,61125.71060776077,56639.36125607546,56186.07527101597,47852.06105546036,51029.53152171414,50455.01982021851,56828.109896413145,1.0359857623464148,2.0932278595179286,2.2503285877599257,1.5413761609569943,1.1968189225666954,21378.405347436223,27878.080140246115,0.05276152128503141,27422.677225542626,40079.394246279706,0.0016358017638338493,48925.67633014129,49586.98326417131,47235.717172723154,59780.20401062408,57617.95717117582,53463.83133084277,58551.68844469443,56060.10519322885,55298.10060720461,49046.69393954868,55714.163265209725,56630.37989258383,44377.50641199649,56803.064528378345,60706.83999231041,44567.87912281588,51622.877283665504,0.597431665047411,1.6353596044426812,1.8305798595170093,1.7991417620611183,0.8816639354899501,14930.689048721613,40193.892714909394,0.028959191282754548,35877.024226749105,44714.11656494332,0.00259492105349879,49313.09808796085,51196.79991551651,50453.430099185025,55186.24231901467,54986.151675719666,44359.442435689976,42954.36341222943,47604.264520865385,47785.79497975516,44752.561007295066,59608.78481183505,56800.87209298042,45519.88852033772,45798.98127263844,50553.40246177012,44109.83592348039,53387.168254624194,43601.08117005622,50326.68583237441,0.841601636589638,2.0077114286743627,2.710063638272549,1.9758077977619326,1.2882783916702483,13061.35207418678,19742.86540642254,0.060324515150620935,20985.398525751953,30766.278624993192,0.0028576835855184694,30819.07086711718,28938.95220652934,38877.65415903622,35964.738155842366,46329.553338965256,37778.707133248616,41304.727427117265,59249.981209023674,60221.13144603336,46527.3428673604,48329.33956913145,46521.24439094238,54893.37461856696,59895.702074909546,45510.36437166654,53949.87267155382,46842.63013760566,45432.190113000936,0.0,0.43769451395820447,1.0306429709031426,1.0351959765805807,0.7646223720895995,13122.631559154197,0.4071524634959296,16407.18024104698,20447.9938859385,0.024341220943613077,30147.74696419092,32636.726678569838,30242.27050388264,32291.478395053044,39061.1172609447,48418.414071399486,39075.826464736616,40045.6989688244,42542.579337762225,51240.13009648584,54983.18458714458,44921.21103761209,53750.10172888077,49097.59003997805,29960.66497299067,1.1355905030262297,2.120336624419756,2.8207562908488253,1.6241625058354636,0.9321545164063244,16607.19504281263,31777.776971984018,0.06664081024184917,34792.72103673708,32342.0283726706,0.0037132986337501386,41356.72259344118,34839.39457156303,51860.32406293546,60425.41713320591,57484.430460024334,47730.4009681221,56000.09442623556,53718.21911153843,55036.73186555654,48645.29820083994,54158.10997346107,57246.877034498946,55004.33293054765,58273.86888683487,42807.86473120192,54796.83670969689,44644.37531257801,48275.22963829351,43211.54543774569,51731.88172365856,0.0,0.5298460898127774,1.2560388138574266,1.0250667654563432,0.7271230252257873,0.42383651774358966,25120.594574113533,23981.02002206639,0.0228799724546282,35288.531733004034,37861.57269711632,34446.52424715351,34067.80768797134,37033.49366276019,39485.588590329775,49895.744388025785,43447.72298776211,52737.648818007285,43656.99179376034,44111.34282380082,52628.38589510061,59026.34863268001,52580.6760081652,54754.112430664994,53095.932996912656,54419.47944591062,44657.77621559322,52079.60364636195,40626.91851571133,54075.83907551939,43797.774897193616,47631.13494733005,0.9959981433595921,2.4264534563379896,2.7450698024567357,1.6167655993163526,0.3675079298062052,28743.00947464024,0.25942211697081635,25323.77419759549,36240.55121321532,0.009512884701765754,32453.899471423036,34863.21890947831,36526.531189049034,49924.73274196258,39492.69786769867,48657.55981041728,51328.12387388113,42340.91916894141,43364.14410155239,54628.59991508607,42246.721624973965,44083.50027013009,43009.220145575,55684.85071540642,46601.59501753666,53955.02995425243,50798.54686233578,46262.32337656895,48358.14226814441,43009.52102356576,52963.37729262695,40617.005467914445,1.1706683442174182,2.541065963417813,2.10648263682579,1.953040684038241,0.936948650932045,16218.46487417285,0.4697257332496349,42228.87597873509,41031.984024764824,0.004573667097872125,42509.97825981224,40499.98911214106,37450.966601581094,38369.71256378059,56273.966037920385,43576.998198766094,43831.80064162062,53779.00873350923,56433.69154135383,52278.293549832895,54293.12832552759,45642.12597063078,43735.62391551898,44718.577065981764,48471.1204535108,43534.257598422046,55227.99582368844,57390.47547797985,44145.85789812779,46019.05744406672,58053.750121155346,0.0,0.4368136688668859,1.1513219170547724,0.35790367126383993,0.3341811312080303,0.24662856496877317,20116.296043447208,31329.36480190376,35233.170349250744,0.0016998797612860074,30640.843763524324,31548.08004367405,43918.03341905027,48820.5478721077,42614.91854550806,50468.48924896399,43531.22753810543,42712.56916207876,44427.939268106595,44294.49033300292,41521.86914768066,45491.2989891056,52847.77136139065,54892.86955913396,47881.832971497075,61038.59507621574,46118.93664176245,41777.73302492768,0.8908033420963494,2.536737774777219,2.167030566155418,1.6527974918500856,11907.344152435158,0.9009631134818928,41332.219590737805,0.023342232865490156,44314.62520638834,43854.77780956399,52233.38053221405,38168.139055259984,0.0009155380409713525,42904.18932602799,46669.35571577594,55219.15322760191,44266.03724999623,44272.410068442994,51734.464137011884,40755.00220217139,55532.61513736332,43155.790043933106,42259.89818393893,54818.33195384971,55808.919048017364,53253.48558267641,43647.82399220609,53176.18197573239,51835.42526479323,45226.8571538065,55572.53059113729,0.0,0.5338391081614171,1.1471178238350408,0.9318004818727395,0.565839721188772,15606.158617092135,0.022653642584433583,31385.018476870162,42555.04070316954,0.0021838179015793054,45507.17959258669,55206.234436883366,47015.85906871349,48389.27070751927,53317.76705555746,45265.796329229874,42495.33001020574,42627.78687871531,44184.4403772956,55289.89810890552,55162.56765847954,47025.830959031686,52615.98404447371,55124.17965707671,50969.86937342616,43545.282432269625,54923.31648343698,52679.64487787856,51953.7884558404,45186.29432952546,48318.69629811705,1.0692047340430562,2.505750725063521,2.138060256068814,1.8637868976017742,1.1727961354922896,15098.507089866776,0.05592931595979225,39311.48377813419,42041.122633680454,0.004657456186262523,36509.34817813131,48953.2295964708,40671.52718461552,53221.9108830685,62774.77023803051,43167.418084053046,46577.11481589569,49819.80356119914,48970.41395466637,45563.55908409818,57130.34076217913,56095.36899085243,56398.60422874935,44060.77627185338,42964.019079291254,44971.68895829019,44139.724130262344,52195.61843802856,0.0,0.44317880121902137,1.3376703432979582,1.214956462582773,0.6804403770332303,0.36607220678837665,30024.932123336297,33230.54044311184,0.0035841787386529703,44338.826042526554,46367.82921277838,45718.29216910313,43638.43838032296,50495.238776029946,49268.485942156076,51202.89428170157,53193.84168012764,46521.716784151,53021.90955756852,45220.08699139808,43070.34741555711,50908.72977015697,41833.54625102149,51962.275403093394,56371.45692920384,42597.281460446124,55155.42577267069,53381.75871756603,41932.853001935764,45228.97677078963,47703.3768749343,0.0,0.49099269186658484,0.9660904620350456,1.1372395675821179,0.861734451869285,21118.77251415788,24701.865612556445,0.04669516435661182,34409.21839670906,37699.34210212986,0.004762299019416988,35021.12820526825,34624.686441803686,38540.17650651152,50028.44536944127,41845.54165654908,40307.10278516363,54885.82037942589,42431.996300397,45890.87083644749,49115.8771251445,55644.84945337998,43096.11435566691,53346.89967955448,54142.55391549781,42925.09072534346,54520.08314894867,43271.33862144084,48762.71006698094,44103.038850654324,42302.58366492777,39241.81708792141,0.9941931610165978,2.0794826826373822,2.1173518226250465,1.591247768839249,1.1849343817642974,26555.68740263262,0.055103496668544215,29808.359479353076,34291.64830254211,0.005036458814586803,38267.13249933466,41893.84519628164,35561.38320966233,38677.75763603563,48901.33053499376,50708.395302218174,48683.58206658227,43127.67515695758,50934.412097779044,43359.37749980321,47578.724312364415,41687.09602888344,56134.62451804506,46388.51135410547,45483.84673954964,43132.92247602548,55193.658048300225,53818.434932276716,46212.900111519724,42711.08503943507,54623.1339076598,37380.575863927195,0.977051156524415,2.536398302698145,2.174727781043518,1.478011782782166,1.1847786599351455,13056.405396367005,16326.949770524772,0.06236238126388026,23851.767488791025,29055.399419524925,0.0051184294545442805,34022.95429362796,30571.520348726426,34087.77996769805,39943.13714833305,47350.95044407731,36987.20643850788,48659.26464101505,41322.580400654515,41279.043671644846,56017.336800062,41907.95022393734,53276.70606674588,53577.66172155883,54187.38305956293,52897.43646879393,53630.95725522326,53676.014073522645,41274.90119482812,55559.82359193556,44406.914736611776,44845.11952725345,0.0,0.5508423096260835,0.9437393861489365,0.9002228364553967,0.6396928975957031,12603.730702132525,0.054860657677145694,34855.01500689886,0.004499876423150644,37031.740827485046,38281.77978971648,58252.235339533494,47485.50651517403,46754.399461504174,46578.18634735908,52229.88358306711,44352.980061599,45686.6713856194,43839.96336379855,46165.4390748297,44814.35788442639,44098.55544705826,44570.382856567056,40227.13590483844,53984.06430787702,44138.75690419637,47478.60913314046,43525.421513013425,0.0,0.6103224370372043,1.3217304780427308,1.3988938274647948,0.6974701157636146,13898.27177005164,0.39140957479597743,20884.27283082478,24846.95548005376,0.017191364782112663,29443.599941888308,35321.63337793955,30668.595837044522,41347.776731275444,35287.22382245539,47575.65879508772,39713.007767612784,49165.767235008265,42163.60214646314,45028.38174293463,52894.59851326525,43738.04586052993,42270.73330434249,54565.934126109656,53765.11225307322,42859.62069387765,54196.80363539117,44389.19375023655,42243.08858133059,43793.14042924332,51845.42620740598,50789.652606141935,0.0,0.44004968339038997,1.2586984434944977,0.9834637024126988,0.8600398007715415,0.5083649082517088,12672.140320312777,21423.639178840822,0.017365649223639052,20529.432084408036,24285.16268234752,28376.23780302347,30442.450206476835,43526.936920461914,36180.90365491476,46659.23139385861,39461.977777571614,41182.96037973253,49747.46347132514,41283.07176551468,53407.24445463641,57814.22916024292,53783.37832565514,53190.79575089465,40733.30819443735,45544.17219038744,0.3187466972167804,1.205714269675679,1.5589991897936553,1.2336355495754625,1.0172339785175397,21528.60864990499,31588.16705763365,0.0500809084312858,34463.364649630814,40113.032512178324,0.003377931662752312,41402.97896839384,37114.27508320152,38412.860300988155,40496.16119330189,42179.27578635393,51197.54119908644,42433.76030714118,52670.62268938661,56252.02015364814,43289.40679725124,45644.35262996975,53017.77794773208,53510.42206680877,52826.12152818291,50112.73715815335,49270.97984609032,42009.10685886476,42128.898301983994,55364.48919591418,53824.25802009701,37609.33735711528,1.143372068282279,2.591233310312263,2.6418070656261414,1.6623820766594626,1.259017863006544,15688.48434820171,0.06601942084300494,42659.76878458606,34659.16576877525,0.0012159520336755723,44338.443932334085,54818.15882146431,43569.45210534543,55634.22916197245,42698.260949877964,54948.542136000426,47207.39389394159,45165.608780851275,42684.091423419326,43881.733167568644,43525.64854951946,52405.87530434379,42888.29466045335,49091.27151403941,65263.194874893175,58211.14759501054,56668.281435207784,62760.455039755274,0.5393320309354035,1.4783573405441848,0.46592688024701007,0.6381211324059187,16191.926759858752,0.584109982790773,0.3701499699012826,40533.46946192444,43610.610135574985,0.012253680364147857,37014.17691242686,48204.52138163916,48140.21327698282,40603.377976208976,60997.142031246854,61180.91998715042,46774.79660398536,56984.1645318904,54796.45106032694,54664.63951255332,62729.69891655431,60741.57982996736,42181.27808679853,45806.85697828017,56074.68935934305,54166.52012663072,54565.587850424046,49858.59352656134,55477.30541861021,0.0,0.6128004209681092,1.2616912917266419,1.2532614986303225,0.8878064543137875,0.5115563730352831,21344.195515339303,30028.05849446084,0.02173055937712244,34424.12633525687,37916.82042371827,53747.105053749474,44694.61108566951,41784.09597024429,40520.01596276168,56267.72938542652,45716.056641381416,52362.43415512313,42886.94931178931,43241.73042104697,43099.92156344277,43564.393187289665,54670.899991476115,52675.33773252692,54874.33712674917,52941.81353128976,54809.93024686359,45021.317262671735,52282.474260692004,41097.49623158851,42686.04658929577,0.0,0.5680413095501564,1.1876735639081262,1.1505702760542933,0.6936158041536417,13408.74064166965,20453.85844298072,0.04598030762126756,20627.28217337842,30929.083471527065,0.0047735800131849535,34405.17244547937,30868.202636337246,32270.61267120762,37791.478742808526,55275.29708147118,44284.93468749514,46941.181848162,45391.123074826566,52115.756159010954,45155.405514733364,44133.96826801601,55491.880130457,58957.71046428697,52680.389814085516,46105.42746592407,41543.7449583202,55559.48519944167,43016.24057888671,41795.87997146648,54383.73242430167,48119.414540655525,1.1020640165357718,2.651384841855419,1.9777168503505742,1.9587671596308391,1.1642879887887396,21051.304956161486,24118.125360586633,0.06720737330827045,27997.10125603615,31253.62476410829,0.0034396791629417627,35018.95425701959,34403.003880590564,38940.06046610174,40418.77065148004,46745.701169799344,49379.898280352536,44068.037455071506,43216.69582431773,49386.695130771644,54946.00367215926,52694.03994736172,42096.67613131711,43758.00023310304,51435.4653812565,41145.14563855492,55114.93328620459,58827.81319972306,44041.41084738973,40929.536072411815,43450.302942582995,47622.36433918239,1.0046456112558235,2.5981313394394303,2.1402033474927302,1.925227489528051,1.0744090465323253,21202.50958433643,23482.37777316217,0.05210218363576573,34678.75700141188,39943.57211616647,0.0033217189821150026,43107.68378091368,43362.01350627677,47151.853531281165,40722.76817000869,49095.374832752874,47987.797201372705,52069.85148352383,52973.5568059121,52803.8114669638,43678.054984690636,43626.08899988384,52274.45387303147,53332.10470751035,51744.79063474413,43751.48377742732,56385.725203348,44871.89454166795,56259.03357701065,52299.05573687702,44004.826645840265,50374.262812434776,0.9904460068885197,2.1195210603494847,2.332334678089484,2.055527139449201,12750.934872010932,1.230508670316726,30879.834854115015,0.06059050602599304,35087.71831374798,47758.663851930396,0.00484562962216315,47858.55634142098,50262.81902941591,53498.542503382865,55782.68585288065,39752.306432119425,47402.61010304199,51619.0922252163,47909.66168059847,43057.24545048797,60377.353566799306,48301.17973193167,56916.019775141394,57306.30492670421,42546.800322693365,44259.06447493399,44159.020041170836
0.7976242269621892,1.9121581093232458,2.0265217122729324,1.297119959349562,49633.84434653132,0.6959644257193902,45982.23211135007,0.04731803069932036,0.0037591580202513374,50738.80790403025,60394.27559644043,61344.22620989567,62705.54590778786,37615.58074824436,0.9467214326434087,1.5973392981618426,1.9567684465163058,1.472046094785017,0.6374625068069711,14387.174439589277,0.03845730416179133,44698.72420355697,39652.99043476566,0.0025536418500462094,49709.48012981109,46297.00547951253,53486.17989969773,42717.28139461445,46063.97899048703,55752.24275454755,56597.66337674244,57171.83346100357,56500.54549359433,53401.67668437378,58399.436369570925,45560.95289387999,54544.29962829743,46362.794906693984,58109.96785159241,51610.33822880982,47996.88838641605,46107.852523629466,54795.78000735328,0.5857870960533877,1.762733602522451,1.8401438566923667,1.1979339775237994,0.6953423247245892,0.4194883046746389,39604.18829370731,35100.84622523398,44036.36940822453,0.0023676533932654557,49240.86865654948,41212.6301287349,42926.84615212006,52395.03527348931,56947.37359833542,56623.57563784414,45775.309734161776,56194.016873803324,64622.06884760933,59897.717794544085,59451.45202166122,50634.57100243858,53996.80557254848,60092.820849044816,0.7226005347131791,1.503852216025523,1.6486137785063648,1.1458917447539356,0.9008729646770846,23215.32823257669,30088.216317779534,0.038988296987547966,29454.034985641418,42537.341526439945,0.001176242850659203,52366.849598936264,49935.948044638535,63218.14230730584,60959.16421982037,56575.928501384005,61968.45972790968,59343.24901707029,51801.238194656966,58900.03640721344,59885.679044284305,46940.247991713666,60098.87355763709,54663.50286225718,0.4162679795176111,1.169661323966382,1.3357321230985495,1.332982894538152,0.6617919873635477,16595.891719187443,42926.83367709319,0.0209458836493984,38222.581298690406,47557.497562872515,0.0018621473367195533,52395.35898719713,54321.79390725284,53513.42372879978,58506.61457248316,58264.068412347755,46986.38396354221,45497.45611149796,50472.68576778122,47311.62272146524,63036.19979308145,60090.91157043696,48163.946632416475,48462.10838026475,53500.5619365348,46686.28559440058,56504.04713858062,46145.412956486274,53466.528559678976,0.5868584894747305,1.4404278996374376,1.982714585166134,1.46665224971285,0.9681229829781558,14500.127698852222,21671.399918643947,0.04445959537852564,22842.99352012855,33300.99487505304,0.002043874402863476,33188.77486075722,31020.433930027262,41544.94305586213,38343.22480418018,49315.406338646695,40152.48808767771,43853.32828440012,49171.380214054756,51106.86832323146,49217.42387592586,58080.15127665483,63389.21386497875,48179.98798049908,57119.28581856191,49594.511475721316,48105.72343638542,0.0,0.30485427637213114,0.7382416916383429,0.7565853241459235,0.5677373361209653,14519.815061748499,0.30666906722312653,17971.244505286028,22214.292214180176,0.018102925905742376,32557.374217283475,35067.803387552696,32365.2248366408,34456.87912793255,41595.06678379656,51466.25711740274,41503.28926145738,42487.750658126846,45121.94629662532,54315.41247477725,58239.92255949066,47581.32923309211,56932.11333897732,32072.198595727612,0.7922105273809906,1.5244197500741508,2.0674391422572134,1.207847816024048,0.7018510593618986,18337.143611931766,34225.263757902314,0.04921769061954771,37295.61962169558,34562.01005141821,0.002708266844565303,44085.86988655986,37067.42118516619,55109.936985802,60760.38475372679,50474.82684184933,59245.62897127776,56836.773362724845,58233.58322178101,51487.971136806875,57333.75863244051,60611.170022242884,58243.16286821922,61712.69412929366,45336.28554277837,58032.692471006565,47281.806627985985,51128.7669782894,45765.31036252324,54786.07355195507,0.0,0.36903291826008516,0.8997207738280667,0.7491828401805669,0.5398443170599087,0.31920346811337547,27310.78353144212,25905.668251629868,0.017021168259500428,37923.42629656468,40551.395450738084,36782.63711422756,36295.08235665693,39387.02863337157,41954.43617344884,52940.85270232571,46086.025136156124,55917.97031189851,46262.662564990744,46723.66018474154,55743.733918943195,62520.714607988935,55692.91701066285,57993.133490222914,56235.47375595042,57636.20193041363,47298.37222216484,55159.049267400245,43026.52304937248,57269.118577166424,46384.115473465405,50628.03275722638,0.6946347584337802,1.7424955266224387,2.0096500235458,1.2011632960512406,0.2717715472581311,31146.242339256154,0.19416674965056227,27284.869419468385,38869.39267888605,0.007052284936776261,34702.75853693684,37193.77739798866,38894.656483259554,53067.395557947784,41950.5110952026,51625.40673478401,54436.98922864919,44879.42562401652,45932.2833109673,57863.07561529087,44746.49472523791,46690.92966211805,45552.33770731578,58977.98539627387,49359.36706000006,57147.96086363695,53800.6970028254,48996.878306273284,51217.53940296855,45551.34648036883,56090.963843995116,43173.60151280095,0.8165161209107223,1.8255054912859687,1.5426811453412166,1.4509242094367676,0.704547656400166,17962.730516318985,0.3574553630602195,45062.079620977194,43691.04414459459,0.003321247660769097,45185.461959410255,43011.05266463492,39731.22415360278,40677.178036364654,59611.64191958051,46157.60381375866,46426.647796265774,56962.4681106616,59774.5719473291,55371.26180007245,57503.458753727675,48341.74419603011,46322.47728640533,47363.56967081638,51337.643856828414,46107.55720894438,58492.50951894847,60785.452593655136,46758.004446241925,48739.23298237001,61486.44457500285,0.0,0.3041997465058868,0.8249477568955801,0.25747479318851374,0.24484404461614254,0.1839582193010341,21841.02924250731,33817.61205047495,37857.005308311054,0.001218349609271913,32801.68080360832,33665.57942114888,46768.95335947215,51902.98021083716,45271.521528539255,53548.13769467646,46172.22330403637,45279.945882920605,47069.86155527971,46917.25264175671,43979.298103455956,48182.724701028215,55973.58558903529,58138.662440699205,64476.53514621226,48761.86962204607,44266.72660470793,0.6211797818990856,1.8204123062228965,1.5860978360433187,1.2280068561469626,13228.45316063419,0.678064330326032,44127.68280282954,0.016928058963646495,47199.58572857759,46629.31543697378,55492.18045662915,40497.30671769962,0.0006396414098042714,45508.72186879611,49474.5678533719,58496.43068106502,46887.44737466252,46893.7116353597,54795.257520912346,43161.66135617959,58811.197970720874,45704.220213129716,44753.71586576954,58053.240966643454,59104.54016554138,56398.20357151665,46224.74218884215,56314.185344460886,54891.171559477414,47893.73854193463,58853.469987772216,0.0,0.37175502452027376,0.8218336971865956,0.6815389691654655,0.42076739430759674,17353.041847497276,0.01628431783989633,33531.592434460814,45348.21182095414,0.0015649443231628508,48409.48133540029,58306.708774699204,49705.92034115371,51172.37100538432,56404.246374516006,47886.16008303781,44959.59120819918,45098.31762176262,46749.52121306945,58511.577749376214,58390.39020636076,49785.414433431164,55704.77595481869,58361.40962087858,53959.74582238561,46096.56286693922,58143.834267805745,55768.60133691907,54995.154530318716,47833.72023191686,51341.82766012235,0.7455845183739667,1.7983210475426308,1.5647817959154984,1.3840242212655463,0.8814873174355008,16783.28200215173,0.04120284554065572,41984.426283691384,44773.58996347677,0.0033862368129632943,38811.26013833559,51994.29499100573,43152.26948518433,66300.306188283,45632.713403969974,49255.42275075799,52707.15393340382,51813.339411736866,48215.78620242685,60470.36229590645,59383.29280240656,59713.04579402429,46654.420783024565,45494.63151791505,47622.8116451011,46745.08875273165,55275.004587073636,0.0,0.3086633378672597,0.9584278308449439,0.8886181316928993,0.5056975200701364,0.2761022686178296,32181.17570596966,35513.676362034035,0.002583628802486232,47281.316642718346,49362.56446813405,48591.92246126393,46341.33675967121,53575.46255854414,52252.602201768445,54258.942798798416,56343.3675435463,49274.44484734755,56156.022018431686,47893.93220370431,45616.662659416324,53914.3236374657,44301.60097948076,55022.8917814537,59693.68711735616,45109.10528064623,58407.762718109705,56530.32853574052,44403.445975666866,47895.98314587104,50519.7303300792,0.0,0.34190344707188547,0.691560804513544,0.8309508231351038,0.639924241211523,22925.3510973744,26663.74225875273,0.03408328934901572,36968.90234644997,40342.089037854705,0.003436145428777317,37371.430782081334,36872.332825828125,40966.13683249366,53139.16408208367,44398.72088691233,42753.245519254255,58189.68257674804,44955.22917056842,48608.29485228292,52023.75931947271,58938.75765203032,45646.14671908965,56501.77076557667,57342.907397774376,45460.95280658202,57740.27910472136,45826.59215039123,51643.43798968929,46709.49026432027,44801.670237410566,41711.281650400575,0.6934039614061158,1.4936036151412535,1.5505692687031871,1.1822501241666261,0.8913505575229919,28818.34111068615,0.04065455789112554,32159.071617174683,36828.59235802112,0.0036701813868508007,40927.12042624945,44698.274191469995,37865.387122165936,41111.89853914046,51933.29057910316,53799.49771987469,51625.61700825035,45698.666650280706,53949.48499761449,45924.33437001137,50392.887512771835,44150.76731339628,59452.13222825344,49128.980039440765,48171.90270400855,45682.49926293432,58456.14204582547,56999.05784321793,48943.52938190831,45233.789616662114,57848.7321934202,39732.045444957366,0.6814084856287803,1.8214044626602908,1.5924186526412953,1.0980629584679384,0.8909366673544422,14486.24872117904,17899.108831340436,0.045992839695655575,25942.893283258953,31397.04072251803,0.0037272198656246158,36564.57163150209,32749.720252016865,36409.84524180348,42569.75460097294,50392.439816360355,39309.438658880616,51637.51484806374,43831.10013020375,43760.25371965303,59344.15759744473,44389.63088995112,56429.132375195615,56745.68690266925,57390.386381881035,56022.4293591815,56796.545655584916,56843.51325688823,43707.4216623171,58834.22048072558,47026.79054714759,47492.12039118974,0.0,0.3836159652144316,0.6761295497710906,0.6581483642916093,0.4751666191067688,13973.647855209647,0.0400458497117761,37196.25911098395,0.00325040930522547,39437.159223276634,40705.349771148496,50180.43875307922,49440.00233594706,49272.92089209389,55258.64169504214,46927.84529003648,48344.67629808726,46393.17424763555,48854.08414792987,47425.63967974894,46671.917238752874,47174.93099951296,42572.29526012113,57119.77065066498,46698.31876524213,50245.1338263279,46067.73561566398,0.0,0.4251025643426609,0.9470050667875283,1.0230126117548641,0.5184064998644728,15382.659667555637,0.2951152994517163,22890.154938027237,27014.173466150514,0.012818523921269212,31804.90646610286,37957.737134912975,32846.281007553414,44140.33638185587,37580.72076577497,50595.409347930065,42196.07479904793,52168.88024836622,44723.17676227275,47740.13669165468,56037.98954002271,46327.128394999665,44771.92719532981,57792.89743401172,56943.701076537225,45392.11128637525,57397.90528092046,47011.549844210196,44737.622021017705,46378.63794408179,54904.152057047526,53783.749634702974,0.0,0.30648016974070197,0.9016574180356217,0.7188963748819717,0.6386337797330268,0.3829691319122309,14009.501559922886,23434.24268181687,0.01293821342191364,22275.71322959518,26193.389448295606,30475.551524431907,32560.6133123121,46444.05983216254,38528.83194742006,49596.14919626075,41909.89889075165,43694.36411485266,52759.51766443124,43747.05494498293,56569.59053237543,61237.32108710075,56967.359913740096,56337.33762626441,43139.19657055401,48234.76031326388,0.22184264021146727,0.8572242535900002,1.1322727196721467,0.910765929837561,0.7613998086169946,23338.53985861959,34039.14262062137,0.03681812261130794,36977.56537643805,42894.54100548705,0.002458239445559327,44163.3162346425,39513.6526974526,40829.521143570004,43005.71957350516,44751.98256413496,54303.64449963092,44984.37832257676,55794.57998971132,59582.97874559922,45852.14417992362,48346.279381984925,56155.24450274521,56674.96366891652,55948.09957604205,53071.33652130017,52174.74614132908,44486.24792645634,44609.5817280311,58625.498478091984,56996.37001773155,39971.59340681653,0.7973723878357696,1.8601867536863939,1.933797333705371,1.2347469809714733,0.9472485138728904,17421.928570419463,0.04875000550626177,45550.96018417482,36923.54151677766,0.0008608865222218355,46878.71930587914,57971.120182094055,46093.09676353112,58854.804726506154,45172.87607947553,58136.74866711036,49956.72173638047,47808.46201629532,45183.872874953406,46452.72595981758,46077.84557994066,55484.58266629149,45410.48366639368,51981.921602620554,61495.22566028577,59914.14658567874,0.3756281229691405,1.0549465711610981,0.32963226921859545,0.46114914203281865,17995.87804951724,0.4301115880411244,0.27713813368222273,43301.123419782016,46476.64305650554,0.009088407717212333,39383.73252478731,51228.25013300471,51088.65367756289,43067.50095089713,49439.406259707,60260.11524867147,57962.808175859085,57832.77659782139,44582.319083977854,48438.032401062635,59312.9275932981,57305.78826638841,57724.301497446424,52766.67504639171,58724.937585936124,0.0,0.4268137758851407,0.9040161215324364,0.9162027032364374,0.6593580025765835,0.38548364119932865,23161.304862912108,32396.096280204772,0.016198466497552737,36971.979816235864,40552.45779622954,56929.574933859454,47340.31769350062,44255.52131720753,42913.79475914478,59591.1490161788,48419.22833583947,55458.09676978327,45420.0412066045,45794.090610722684,45643.31023921756,46135.19100501781,57897.8714219272,55783.02589226015,58110.94239829411,56063.6209272844,58041.89443935355,47679.324949639595,55368.467920552226,43521.5140861134,45201.016099598455,0.0,0.3956055630638775,0.8508740884586706,0.8410172686139424,0.5151313173115056,14826.606644607775,22383.60209523736,0.033564103623647465,22383.35806882882,33366.452155479594,0.0034486548120076003,36953.7643812647,33019.341870937926,34431.90900690475,40241.08764655652,58422.92596333985,46827.90130755791,49651.97225189749,48039.912374582615,55152.48214889259,47786.55976858037,46709.39656731989,58733.153495175015,62417.4839582932,55784.204403617194,48828.61683926608,43997.50129498886,58840.37678138583,45556.430091002134,44261.7125015302,57590.56511059863,51144.890121507466,0.7684754710168902,1.9026844135680208,1.4476201247336558,1.4546818660522443,0.8757049922772802,22862.636511247078,26041.091704161565,0.04961696136657265,30083.543847895548,33464.34856870329,0.002510988049743031,37384.0758281077,36638.587030190974,41405.30534602092,42945.101407500224,49608.731981263954,52379.27844471321,46723.172860146835,45794.550480781705,52311.50572755717,58199.76421781424,55812.68229708021,44585.83533946149,46344.06016319047,54478.1693569445,43578.41975729435,58372.763881769766,62308.70306117655,46647.95627733256,43349.28673334155,46017.19269840057,50618.97395092691,0.7006702229541028,1.8661474427468723,1.5676073533535788,1.4310865311824368,0.8086475547086858,23051.09251585352,25364.13590045372,0.038473907759689174,37264.7402188688,42776.869388699,0.002424251823860883,46035.01382382299,46191.03184350711,50146.57677071201,43271.45629498438,52098.296957918115,50894.344117787456,55177.64440507638,56110.039939444214,55928.25621484916,46261.122296804744,46205.68176418292,55362.643161721986,56480.0532183963,54798.3255312525,46332.03946969657,59714.674690794935,47523.78466103246,59585.60717708976,55390.44048035475,46604.47569484689,53545.31675080252,0.6908734725324049,1.5225726697711774,1.708312516278557,1.5275534973349965,14162.812556195871,0.925505894313343,32960.88694522208,0.044660035057060676,37367.0888749522,50771.9592510065,0.003525722133474911,50835.696776272875,53328.578049137985,56745.24251371597,59149.55559593617,42119.16409887599,50208.61726434541,54673.05979985784,50741.59038557791,45601.413300713415,51017.04947789908,60173.44733185993,60601.56981826099,45003.82107682512,46822.65309588798,46725.41815099042
0.5559454705340958,1.3719079584402512,1.4824302805267604,0.9629089251593731,0.5231644562612421,0.03491853977512266,0.0027390725670663747,64806.90652405981,40001.62640222415,0.6598877597954028,1.1464552971775506,1.4319407402201343,1.0932447080777186,0.4793868017387805,15884.681207611677,0.02839783568024771,47624.97768278354,42153.108828945245,0.0018629124523539286,52778.41054224699,49106.661240867536,56656.38994002383,45231.051367156724,48750.73360101823,58963.75452127214,59851.94342914292,60457.54795199942,59745.48291719801,56464.06929062052,61746.921293802276,48172.529519050055,57667.69150279305,49016.238459707776,61437.54200052701,58092.65944501867,0.408150447381177,1.2627555743167993,1.3442224441748307,0.8880205917476484,0.5219480918681099,0.31879276199787493,42357.11635065941,37444.31188285628,46875.507148526405,0.001719779546147684,52327.19864369911,43726.826624604946,45510.835664745005,55495.29239939665,60298.53718115393,59930.95118717801,48415.482541841375,59425.53123455942,62809.05498979951,53495.70996813607,57047.92976276566,0.5036483841874512,1.0789633599632604,1.2060249058377002,0.850684393034098,0.6772059612161067,25127.950504474815,32382.651109955124,0.028807002808525467,31557.96605228777,45068.43188412528,0.000846105140104751,64394.536830920966,59776.058272581184,65482.116659591775,62719.81486803211,49574.92452106414,63487.61959595775,57791.132027785614,0.28987973894954533,0.8356151713461354,0.9733340585827225,0.9862796415895585,0.4961084151539995,18349.110170640743,45749.65578303106,0.015153565133684212,40642.40350019722,50488.51911843864,0.0013365210527814934,55571.04883783495,57539.356699806536,56663.49981624365,61923.97817645177,61636.88111858341,49688.88722701837,48113.6808004065,63473.570939856945,50882.64340570167,51200.49094975373,56531.21166249215,49335.85986136547,59709.34881948439,48761.89157822077,56701.37623403096,0.40894428654539305,1.032081367451721,1.4484783304186435,1.0871851766446372,0.7265716880231132,16014.062114924041,23689.789069107122,0.032764046288078386,24779.355041028517,35936.03227506153,0.0014623439987689903,35646.240322892765,33174.1957842742,44300.7193655687,40797.86275940754,52394.494688872604,42598.59109007859,46478.22047275271,51989.54786524392,61356.83896820411,66981.74081464592,50925.69559614659,60379.15814928032,52424.93509531536,50855.68823661844,0.0,0.21222693726585132,0.5282468369349995,0.5522940833088908,0.42103421860366536,15987.66416690531,0.23069510596552176,19606.503544000858,24053.749956617237,0.01345977870243753,35059.632638656054,37586.201287699456,34560.18702336619,36692.5466788198,44208.644241101465,54607.122550260756,44003.89648403966,45002.07513281586,47777.222802995464,57480.30994282979,61590.35639672373,50317.960920762,60205.62375842285,34255.62744003093,0.5522452476779957,1.0944708884790542,1.5130704484021127,0.896977728118901,0.5277422335821331,20152.78726296818,36763.53806049069,0.03634608878596682,39885.44475157667,36855.67451611312,0.0019756411914912167,46902.21193187996,39364.499592764594,58458.291573164686,62582.58195255418,60043.31383500963,61520.67794452399,54411.36068441738,60599.87837945398,64071.517324460285,61574.640905601496,65250.09664674588,47937.24919919049,61361.368937187224,49994.923410462245,54064.23617047495,48392.38714901609,57927.856300883104,0.0,0.256902580675021,0.6438161076814866,0.5468933259570561,0.4003146881589379,0.2401012130533937,29592.50207006849,27904.597824880395,0.012659050395816822,40653.181306069506,43333.51513301348,39195.388419631265,38592.877092334966,41813.06298937896,44498.14386884635,56076.14990284937,48802.08734741973,59191.398928270675,48943.85571365738,49411.12053445742,58948.65663443769,66115.56114884824,58894.63546875493,61325.22487588904,59465.18758845589,60945.28417746169,50014.810740738794,58326.94192497607,45494.97456394572,60553.99748127661,49044.645374921696,53716.357009982334,0.48411303472107786,1.2496620500308482,1.4691221248221777,0.8911454278675717,0.20085510022223432,33645.950863774495,0.14520466308549845,29319.093906364866,41590.27156084161,0.0052273976230594495,37026.94573563179,39599.73347932174,41337.15610738237,56305.97472914228,44482.513711294974,54681.10551632235,57637.25648417039,47491.82974888596,48574.29673394191,61190.57149849579,47318.114301515234,49373.271019842716,48168.498030508774,62365.718934365774,52196.40964569543,60432.67070318387,56889.030963060024,51809.94881983374,54159.06339891707,48166.14104822265,59308.26539184554,45808.221879517856,0.5690920939175307,1.309682800178388,1.1281405392858324,1.0764000950883768,0.5290968192600665,19796.064017750923,0.2716624331640244,47987.26482047195,46433.58030318201,0.0024128510982923683,47942.590491152,45597.63756016068,42078.86395461916,43052.0153132884,63045.4677174295,48812.43835130706,49096.10983425683,60237.46056531041,63211.51943814911,58553.115022483595,60805.99545786935,51118.922990710715,48983.65146984416,50084.553439974035,54286.51124678478,48754.742379110154,61850.7551762201,64277.98129095827,49445.227217991196,51537.51123796052,65017.731986526705,0.0,0.211747435996649,0.5904968528963446,0.1851198679251482,0.17923226440619625,0.13706386720390074,23636.69075489687,36400.931001931596,40575.06263438638,0.0008734653571267557,35036.13678749834,35851.85252036564,49709.51960870479,55079.76602335998,48008.44580210095,56718.98611665076,48890.99055669617,47922.24746137017,49788.08303981624,49615.44717457434,46507.37176427403,50951.49595294711,59189.20508198844,61477.68014157211,46827.733949958536,0.4328678203403765,1.3046550363432259,1.1592231450400912,0.9111143116836034,14619.046179892806,0.5096270344991719,47014.61237370389,0.01227943257322384,50175.516451174815,49488.949451145105,58849.584719269486,42895.452715533225,0.0004469329947750528,48189.997299479066,52361.64570169999,61868.17872783624,49584.26012885131,49590.399130028985,57944.01124347128,45637.35566364867,62183.807016210834,48325.75224534743,47319.021260430105,61380.881797092734,62494.69636054749,59633.1279730885,48875.56361419628,59542.14263617161,58034.426499017805,50637.012432052084,62228.50318022734,0.0,0.2587632871992237,0.588199967480001,0.4979084750559738,0.3125099137007057,19192.577420549536,0.011707727609017055,35749.16578526009,48230.15980423693,0.0011215326788638858,51401.49418318374,59577.565513279784,50580.2492348444,47493.30291864791,47638.43691919551,49386.97268965089,61824.4802850834,61709.984418372456,52623.67521903686,58881.66340355766,61691.00188904036,57034.83345218941,48720.46954527229,61456.10141719348,58945.559108998066,58123.02710204874,50556.50931118811,54456.684675051365,0.51955953396418,1.2889282969878535,1.1435677229038845,1.0263338753522977,0.6616728127430878,18557.15012363042,0.030351780607853138,44745.276699778915,47592.08220260286,0.00246250355799947,41183.538451745335,55126.993914421546,45706.44475713716,55675.83360659852,54736.47455819687,50943.03747262544,63905.264167295274,62764.84979792698,63122.118360099295,49322.235525585595,48097.65417398135,50349.855606552504,49425.15584435254,58442.643375957094,0.0,0.21487240148970002,0.6859957550053124,0.6491552537301296,0.37537247435523163,0.20797964849373465,34412.18339083806,37872.66081217123,0.0018630475995251008,50318.33323325575,52451.00700043887,51553.132541501924,49125.445704690566,56746.87297840562,55324.45268820366,57403.56737551105,59583.47052033152,52106.289615473404,59380.12231134109,50644.5749030559,48236.10087875992,57006.11468841002,46840.38809891337,58171.083757753324,63111.03177940624,47692.87999713881,61753.26247074384,59769.11160302425,46944.75172940429,50639.38560317828,53416.85375837195,0.0,0.23797659901420526,0.4945522269886158,0.6064426923672428,0.4746358989132335,24806.062159925914,28700.57888077625,0.024875217599116307,39620.4084074955,43074.353997959755,0.002479624154754669,39798.05858713585,39190.65576550845,43466.13724082233,56343.69878329618,47027.50112385988,45271.44323960465,61590.098278394864,47551.33346609923,51403.877446756196,55015.263794094186,62327.37463087653,48269.470070007475,59747.26893744569,60635.1506495624,48069.58565721201,61052.865605015155,48455.1432708218,54606.83317923911,49390.76602996645,47372.47224505085,44256.094465883194,0.48327160085727555,1.0713554444073108,1.1338555477826693,0.8771526096951213,0.6696193313297151,31173.48837039831,0.029991520458306678,34598.98927575646,39456.061048374984,0.002675059109428561,43676.47762210022,47593.55308698153,40241.704460859175,43620.314999188995,55056.43815780237,56982.04782200582,54653.959406483824,48344.088567014376,57051.249407754345,48562.992944522855,53287.90218240571,46685.16410861285,62864.87684305335,51948.09102011239,50937.12567206963,48305.28047072923,61812.29972790702,60270.988056860755,51752.533512584196,47828.873034418444,61166.8569477874,42155.23733446333,0.47488813942265234,1.306225739700701,1.1643416106356848,0.8146526235242543,0.6690953579875644,15990.37069954319,19543.52246643086,0.03391717643277559,28121.874616239886,33829.42017159396,0.002714689507307596,39197.73366818045,35002.87066430505,38808.415935644545,45280.00586828046,53528.59439262566,41702.36877201735,54704.221837988116,46413.53371772012,46313.87398624454,62766.9379585899,46942.69261511462,59672.16319536286,60004.70327941282,60685.35555692828,59237.09910489128,60052.899574056864,60101.81188949156,46209.584475883086,62202.36239011062,49721.749814300296,50215.01754184039,0.0,0.26703096545564875,0.48391350448148,0.4806043557623866,0.352533424210961,15414.223638623598,0.029228918145881782,39613.600018392906,0.002348171472260212,41918.2615856307,43203.2999027296,52043.42951919097,58372.75959077349,49575.35721403861,51077.83063835656,49018.644518042456,51618.82158179676,50110.860758995106,49318.24903787905,49853.43429160783,44983.89077039846,60343.994307914756,49330.01700657721,53089.9935560241,48682.205481290745,0.0,0.29594633384034547,0.6778083657424513,0.7472238087089209,0.38483754712483287,16942.34656706988,0.2222298837913313,24988.00118008435,29271.996616822402,0.009554746894269077,34257.28201747164,40688.70104940755,35098.6527311633,47024.142295666665,39946.422732168656,53708.06967174982,44754.43310323685,55261.01186565668,47358.169574870175,50531.177011840766,59272.106079717945,48990.65406324179,47345.00839755935,61112.55875484545,60213.56998528276,47997.28973823122,60690.84963669466,49709.15879676343,47303.71129300258,49038.284733211745,58050.53843957042,56863.58983310543,0.0,0.21335039761940033,0.6452295590392773,0.5248752494135591,0.4736533102900153,0.28814397104251793,15413.93737623838,25535.010023518,0.009636423342974043,24093.265426576752,28173.77817360314,32649.774114133226,34750.00919984981,49455.78927250023,40950.567610601785,52622.69829581771,44431.47781286961,46280.093116699296,55860.0968490081,46282.453849619116,59822.88758844261,64758.85760497603,60242.89695793165,59574.29252244169,45614.11221711611,51002.559325985545,0.15434215573115778,0.6088944376252495,0.8213292495326099,0.6715346836170112,0.5691889008453366,25221.51303392758,36581.68642593954,0.02706488428429068,39580.27508195257,45769.28150428759,0.0017891962726955702,47012.72414722878,41988.178171012136,43319.90021768394,45590.71704525864,47400.84457301313,57501.21567556278,47609.43211912186,59008.53051983234,63009.74240423525,48488.573128787844,51125.89384459471,59382.89569751772,59930.41015291017,59159.70138711533,56114.7853164954,55161.64641219621,47034.34640699333,47161.22615228744,61979.817343199415,60259.2986495884,42405.79429662725,0.5556880758311399,1.3336178809320853,1.4134825984025752,0.9158364707706234,0.7117263245465354,19246.18684188558,0.035993661584123114,48536.93862330538,39259.56418961824,0.0006097044238876111,48687.78606941689,62165.992983623066,47717.19481021793,61414.8579737278,52783.85934558474,50526.45539215028,47754.785736833976,49096.906139250445,48702.75217839499,58651.16035057557,48004.73182912838,54955.259959122355,0.26148705887955387,0.7519945682540699,0.23310523944190767,0.3329633651453088,19895.08285374408,0.3163771807020871,0.20725354695228432,46160.171590847116,49433.878937985275,0.006738606925582579,41826.79989730142,54343.95107969085,54124.722010681944,45604.20854814597,61218.096299204204,61090.15203014489,62642.061649954834,60533.48158858484,60971.88731744559,55757.17911783001,62064.94313952253,0.0,0.29712905913023874,0.6470650237886734,0.6689936985414295,0.48909943546593704,0.2901159858480404,25052.635678832714,34853.9970655301,0.012070608289590171,39610.78539224446,43276.646316954044,60203.57456497724,50062.09553054405,46797.95120660688,45376.267009345625,63009.92077878098,51200.03982493899,58642.658063436764,48025.80996416292,48419.6334968581,48259.6076286459,48779.683246150125,61217.368379000305,58979.77780386354,61440.283322688396,59274.85212696617,61366.4378639396,50413.561424265834,58542.94491368164,46014.98522869727,47787.968525579905,0.0,0.27538372587864013,0.6089624820627647,0.61402361556628,0.382115276342512,16315.717138582891,24400.321065196895,0.02449819872048184,24211.162466289625,35896.251859983524,0.0024917689486006443,39593.40859127443,35242.9320398609,36663.25409698397,42767.61395967613,52438.853266056765,50763.81049716787,58275.19401190605,50492.21600140586,49357.853471752744,62066.42043079046,65975.89758347002,58976.85570586667,51629.9371563434,46521.658280307645,62215.380923253884,48169.48508242589,46798.21373621382,60889.257139968715,54262.600563006155,0.5354978415422059,1.3636268101429574,1.0580841756320212,1.0788307975212046,0.6577798931762108,24748.712408834213,28037.80639309758,0.036626378876811375,32244.962329353588,35750.61130044363,0.0018333419814114391,39826.47721859106,38944.53839474978,43946.20939226394,45548.00985799362,52556.85234405702,55467.08538770698,49455.97274328775,48447.07804563168,55320.45042496174,61547.11330495609,59020.97752095891,47146.48753125409,49004.35905949699,57608.302665773874,46081.59230815194,61724.134551639756,65889.63787067341,49329.43312396851,45838.52579272635,48657.743614206236,53707.0090152851,0.4883219634016693,1.3386052960527524,1.1465444200959773,1.062292786221314,0.6078197933610471,24976.929065671367,27318.413602949633,0.028407448161174798,39943.705719446174,45707.239755679235,0.0017695822776053062,49058.49950131543,49109.442366808296,53233.49566286345,45897.49863232788,55190.35042132878,53886.344690913655,58375.51313843394,59336.72509089208,59142.50125085282,48918.39101260862,48859.364921219305,58539.453165327184,59718.26146663232,57939.39297971454,48986.5335933651,63139.094851576716,50251.803557884974,63007.725759272435,58570.58624136463,49278.72598610701,56813.1563477366,0.48155634290863714,1.0922573720269242,1.2493980520680064,1.133584496842501,15648.807452809704,0.6951804642114988,35109.79429811103,0.03291550966415056,39718.18437027007,53877.4297824408,0.0025658732190027792,53902.66394469124,56485.087242432666,60087.57918554631,62615.07689887029,44554.46057766429,53095.30472984701,57814.79155470521,53654.83050737883,48218.60417239811,47529.80924678814,49458.410851205976
0.3872591023516623,0.9831167908142955,1.0829808117298065,0.7138830862889661,0.39277771005611906,0.02576605619844847,0.0019962030060968992,42461.03928699692,0.4596753502418366,0.8218526551158866,1.0464904271284379,0.8108698193500774,0.36006112286587216,17456.31293757628,0.02096775360897808,50644.00377553338,44729.65248048556,0.0013592790949945026,55939.25860493607,51999.07983713714,59917.866364479436,47816.6854716245,51513.637786117506,61485.8439848488,0.2842245222389505,0.9035702708737811,0.9806911643677936,0.6574518292146608,0.39131367157720176,0.24196493891007378,45202.536243906594,39863.49954436115,49803.3315351069,0.0012497239974314592,55507.33402565296,46315.459306529905,48170.340809584995,58684.65463216679,63745.504462978366,63332.196414519916,51129.67407235764,0.35082696043189626,0.7731936638510424,0.8810855116758058,0.6307119221304187,0.5084364945671626,27116.272163130605,34761.38451677291,0.021281900647052807,33734.47042548168,47672.66531933572,0.0006088520685723362,0.20177266758600343,0.5963645270390552,0.7083922679274982,0.7288512137225311,0.37145383401750687,20190.344403081526,48662.35903272301,0.010965688598716593,43136.49083126957,53507.18123164168,0.0009594258126676186,58840.167639874315,60849.488293177616,59903.65836151664,65438.333130920466,65104.58979442665,60031.22885543037,0.2848048760446374,0.738643364650631,1.056806922365081,0.8048644507138205,0.5446170321260609,17603.155322402235,25798.032857812064,0.024143064347663366,26794.483088451838,38671.39082501869,0.0010466487934626101,38191.467253523806,35400.23776927016,47144.98308815595,43328.65202152447,55566.81838964299,45117.01614045124,49179.40399217504,0.0,0.14768313480403591,0.37763532822463086,0.40272206985713016,0.31188432215337897,17526.17887462463,0.1733372589696719,21312.95735719147,25966.36711324969,0.010004836176896431,37654.522228308684,40191.92037901012,36827.157064058825,38998.4810477148,46901.84963285942,57841.01036997352,46577.648132483475,47588.67239289144,50508.40885687264,60734.82250064346,36510.9515059006,0.38472419726266854,0.7848232476761727,1.1058729989373195,0.6652514461866835,0.3963285456796755,22054.125995921873,39392.59987974914,0.02683806868720722,42562.19642638036,39223.02176675531,0.0014414790039106937,49805.748729401465,41730.62979435825,61905.387825023485,0.0,0.17877006966931713,0.4602718322174934,0.3987876437401383,0.2965127494179195,0.1803882055934811,31965.750189992643,29977.80874181796,0.009412199257473637,43477.79676151853,46207.93174394249,41684.77816336461,40961.19189500548,44311.596730782345,47116.7116765223,59301.63598959677,51595.90962155291,62557.934667123794,51700.57123976027,56896.10770559791,0.33719395576691036,0.8951611288842259,1.072570903384956,0.6602903046639941,0.14836165321903125,36242.13504819527,0.10850382194656376,31426.447658284924,44403.18785908202,0.003874172540204001,39426.46106750792,42081.08715347752,43854.03006141747,59640.47025554607,47088.70571597578,57824.65615503231,60928.92564044475,50178.131543549745,48520.866568065176,0.3964044846379807,0.9384943257739093,0.8239086155520603,0.7975288280958355,0.3968506322198074,21718.465378468667,0.2062041026121571,51004.43157721935,49259.59250052708,0.0017536695533186188,50781.36385503747,48259.74379871836,44493.88600463024,45494.22439455182,0.0,0.14733561404728315,0.4222957610347291,0.13302923890932652,0.13109605603577673,0.10201876933735325,25503.280580615883,39079.321656273685,43387.34232747671,0.0006263799867019485,37344.211715194404,38106.89934132433,52739.73216674822,58350.90530967618,50825.69136619313,59981.03451488692,51687.52929608482,50639.47389742747,52582.60372171619,49460.7550606795,0.3014703619999761,0.933940733907919,0.8461282563535005,0.6751243833694107,16079.12321021101,0.38255027151835386,49993.00830336081,0.008909553831627807,53242.41737418002,52433.679852077934,62305.593320135056,45362.57704876079,0.00031231739575773555,50948.01561807687,55330.589260760215,65334.39736791553,0.0,0.18004496020711605,0.4206077646892484,0.36336356616632604,0.23184222287727294,21124.765336248918,0.008418775525411903,38037.738529268005,51200.88465301792,0.0008038172538203605,54483.21813593703,57663.267342904124,0.36184703153645353,0.922758800369946,0.8346493686606214,0.7601147652720801,0.49606777528813006,20420.111454302853,0.022356952328169873,47594.03502639679,50496.59935105873,0.0017911285977094177,43626.18311836056,58351.32636671826,48334.05300047399,0.0,0.14952041521249132,0.4905501449785066,0.4737016358061552,0.27831728829933444,0.15647621157045433,36717.955177941476,40307.4937935234,0.0013439045089037422,53449.87581413877,55633.15680969283,54601.92240981714,51990.76521538102,60009.47003561439,58484.037401461734,60636.768011839486,0.0,0.1655770007467846,0.35335394577623314,0.44211842760598863,0.3516451557442236,26760.905701812415,30812.375478627,0.01815313344061776,42363.736579845645,45896.13698244501,0.0017896172503460526,42301.01162043179,41579.65526084464,46040.17773149752,59642.04947307881,49731.88236739174,47861.69594621478,65087.067484366366,50220.30918698944,46876.25553436926,0.33661739709530347,0.7675677077004235,0.8280427610972396,0.6499548977047855,0.5024230832355467,33621.1291817691,0.022123244290579828,37128.1124550984,42174.05437360372,0.001950121710044145,46515.204086886944,50579.68188281625,42690.33522574205,46203.00701618123,58270.773271091384,60256.04560861156,57768.60926128268,51063.94090715858,44650.151532445096,0.33076451616093805,0.9356625726995037,0.8502255639036621,0.6036168332383256,0.5018771328798275,17568.77133145945,21260.19067579604,0.025009963999179378,30388.71148773383,36352.53776675273,0.0019776123450716164,41922.44040366305,37330.97158559097,41283.49204922124,48073.8909502556,56759.41417287323,44165.996777918066,57859.385610788166,49069.881163203645,48939.90447141937,66285.67788349751,0.0,0.18580436428008673,0.34602902857675016,0.35057800892468216,0.2612578711941978,16925.458052374375,0.021331927762419517,42107.03772912573,0.0016965875463451356,44475.04791454725,45775.6301844598,0.0,0.20594562131598618,0.48468117755767437,0.54517877501248,0.2853532898407309,18577.332468594366,0.16714477019731472,27177.811556996112,31620.42493206943,0.007119582819067077,36800.726595994645,43514.52512142329,37425.71100787421,49999.19447270782,42384.329721636444,56913.63976654702,47388.08268017956,58442.16208687963,50068.58058425542,53401.50270349288,62596.94813235095,0.0,0.14846003098108837,0.4613050445283309,0.38280020823078587,0.35089767203854455,0.21654194005046148,16885.44776925926,27725.941203944203,0.007174909844109153,25982.08867535275,30226.328858270124,34898.905572127434,37010.63786908996,52562.125241475005,43446.11064445992,55738.878692529506,47026.71454392552,48940.14738527247,59049.20102505573,48889.26847942326,0.10734720885550397,0.43215445787026446,0.5951123209367362,0.4945583822154163,0.4249987670886151,27177.528175828953,39215.79847358816,0.019893363390896267,42271.493766174375,48737.25400857992,0.0013024214352453402,49951.20270615268,44537.85150388011,45883.99752332996,48251.15360856234,50125.861812988434,60790.254726882005,50308.92169677646,44911.94002654744,0.38703215827926907,0.9549873148572118,1.031810603531344,0.6784207522108395,0.5340926160441462,21161.25916260006,0.026572213100478453,51617.70410197774,41667.233787296995,0.000431955282797358,0.181956321062999,0.5355374588770736,0.16478398498643454,0.24021795533473778,21889.54117253927,0.23248752551119792,0.15481839287714988,49110.61397511973,52482.317780014186,0.004994759750223745,44343.37902996917,57551.62422169759,57248.41827633999,48213.500767955484,0.0,0.20676368243608134,0.46271874746876634,0.4879526402358152,0.3623948148440164,0.21808207962064977,27018.187963101125,37401.76085043682,0.008991611899555808,42340.54306328267,46089.38598589178,0.0,0.1916203716497449,0.4354319838817481,0.44781351137775166,0.28312851770956216,17876.072123594997,26504.015352859336,0.017879394695759727,26110.69536576084,38518.482585038844,0.0018006064118723385,42324.10507550855,37538.97314310617,38964.64794144526,45371.05768216734,57472.545865151595,0.37293956558411123,0.976167892456054,0.7723609744647869,0.7990726524401902,0.4934753473888951,26709.53264892289,30108.269427394695,0.02703399393753352,34481.356700410266,38112.41295932932,0.0013387917538023758,42346.15842846968,41320.85797426698,46562.77260483082,48227.49600296022,55590.06225817854,58643.31910933386,52266.43710449422,51174.278518867664,56886.46953225695,0.3401270808407348,0.9590626006793487,0.8374812243868217,0.7875248204917504,0.4563021343942113,26980.019233789968,29345.210880649916,0.020972741113349534,42715.653503144014,48734.68321710716,0.0012919344967830017,52178.140813391,52117.24507618033,56412.610207735495,48600.89518203921,58371.53522298489,56963.798920751324,61663.45768359651,60177.781603236996,0.33545081995644,0.7826128931570685,0.9125420762030039,0.840126625784204,17208.91956185243,0.5215276376183656,37326.556912781874,0.024257801863840935,42141.00479970162,57075.07544623331,0.0018677160511969637,57059.45784667609,59732.346609299966,63525.552518873854,66179.24976168301,47058.19586848432
0.26961878447003224,0.7037567619655948,0.7902122935964795,0.528625984411915,0.2945411722653305,0.019010916104389795,0.001455098807999157,44993.81940256265,0.32004386314887245,0.588526179883202,0.763875368007248,0.6007098273433632,0.27012060910788516,19102.06962948309,0.01548029767384381,53755.80248180651,47382.621389386586,0.0009919887059896362,59192.024317878335,54974.261268321345,64975.33362684363,0.19783495178570798,0.6459074029604723,0.7146394675248249,0.48618077534852117,0.2930385265925439,0.18343361973426983,48140.44797344888,42358.4092097486,52819.842567966014,0.0009085254679715348,58781.27480241105,48978.52817450976,50905.36158664002,0.2442520382640539,0.5534878728553796,0.6429202923314711,0.46706126055138236,0.38128030784167016,29180.293208544066,37224.41653823288,0.015720707350595216,35983.548105223155,50350.041832071256,0.00043828648476335904,0.1403910845322537,0.4252342100047906,0.5149978379182248,0.5380005699622007,0.27780437326710555,22119.594416509775,51664.94342616903,0.007937103576573378,45704.84329190745,56613.48390248165,0.0006888463516347592,62202.715393315215,63456.08642387718,0.19825491999633388,0.5280942004149107,0.7701308490900337,0.5951525531566565,0.4077581363338092,19267.407321286802,27996.131284758772,0.017789000336108727,28888.377662398532,41507.070524924486,0.0007493916270602356,40824.45565265036,37698.55988501514,50077.73422362386,45935.59259053094,58832.37744095785,47707.763238795684,51956.878842667094,0.0,0.10273369151825855,0.2697418273263383,0.29336138427774827,0.23078558570046054,19135.359184906458,0.13009407417922456,23090.605944857864,27952.143684077528,0.0074347234062142305,40342.04298624132,42884.96066148466,39166.1349587187,41374.68223461753,49674.682959070415,61167.92057654104,49224.54420678881,38838.17079333666,0.26787869335887865,0.5621685595383816,0.8072801209729535,0.4927963451187582,0.29728884117243815,24041.15981079285,42112.449215677676,0.019815393398699706,45325.87464610664,41664.05180334479,0.0010519386282425102,52796.48027912438,44165.811789947125,65451.22574137843,0.0,0.12435791121683305,0.3287818036051629,0.2904990351163166,0.21939495466913705,0.13537415273606926,34430.52789121458,32125.301002442575,0.006996153248529414,46397.27266291176,49174.645283525126,44250.80634542759,43400.02676466846,46882.62985758175,49810.139596476685,60167.28484407312,0.2347458182374798,0.6405531272251715,0.7821277666147325,0.4886568575038626,0.10953076942257985,38934.794892518476,0.08101902654577545,33606.93067522856,47308.14157360729,0.0028708433973851327,41901.304532565206,44637.838420456035,46445.27834536486,63070.88213715915,49769.087109245025,51311.5355784429,0.27597888338455395,0.6717962210885935,0.601002809393426,0.5902085211619407,0.2973167570721998,23729.934598472217,0.15633349530355062,54113.57989121939,52169.080736629796,0.0012751110388664957,53701.78205106667,50997.37138030795,0.0,0.10248390625258005,0.30176164620369755,0.09555186247247867,0.09581519327277044,0.07586011773867556,27440.79871966436,41852.78401350122,46293.84438758206,0.0004493105251449669,39725.9055866965,40430.719884024955,55859.5910336024,61716.39806978574,53723.25822081581,0.20985833557717623,0.6678787905797193,0.6168650115316988,0.4996618707318313,17608.684251588802,0.28682187413016463,53062.87059180034,0.006466054561222415,56400.28849759319,55463.50663977229,65860.20625922587,0.0002182729230002593,0.0,0.12523320669193233,0.30052501833279455,0.26491298415193226,0.17181405882142356,23149.605594595418,0.006054794643159017,40397.310666484555,54260.3863672971,0.0005761512491433121,57654.65319366015,60961.57566368062,0.25188768139917306,0.6599368662391093,0.6084612155747253,0.5622867716398647,0.3714859076029576,22372.165994169023,0.01646696916289834,50530.701263545016,53487.14140884436,0.0013030646254234821,46139.19413818125,61667.29234789587,0.0,0.10400966366299126,0.3504992079491662,0.3453208360673496,0.20613687238179607,0.11759228275766569,39098.49106727992,42818.17530609055,0.0009697512709178981,56675.94438536742,58909.01389589595,57738.29206620957,54937.29529174257,0.0,0.11516700451786485,0.2522691004931795,0.3220030296732263,0.2602508252252572,28789.881723033915,32999.13205230499,0.013246408122874285,45198.886863500404,48807.43799131047,0.001291797759719763,44880.28988196916,44039.331311836715,48688.258304519215,63034.21615143158,49571.76485585877,0.2343499658598797,0.5493415675668673,0.603989104011475,0.48103454836270415,0.37653609143092803,36161.26354479853,0.016317785617251945,39746.44115520051,44982.57233370732,0.001421906377555174,49443.29982060967,53656.66057897415,45211.27941681455,48859.97459011717,61576.295918970216,47216.78803890267,0.23026740877942975,0.6695250455931355,0.6201132895127939,0.44672101775027173,0.37601741415678513,19221.45061692783,23049.113459435976,0.018440443866317536,32743.403897740787,38966.39350799432,0.0014409422949861388,44738.69183794989,39734.02301587464,43835.07358253359,50951.409846898365,60084.89915710305,46700.322676582786,61103.006166463885,0.0,0.12924322058603843,0.24723210119303254,0.2554774049609745,0.19341235342110658,18507.35109646198,0.015567253006659246,44676.57224318242,0.0012259632759290275,47107.51821002626,48422.340616339075,0.0,0.14326570233105715,0.3462921339722225,0.39736108406323967,0.211358257590318,20287.6173721291,0.12557096978065607,29459.586068762525,34059.4584118916,0.005303279331928706,39435.24020167187,46435.20935096019,39827.45583768612,53065.49291297936,44894.441734178334,60212.119632321635,50097.023529876045,0.0,0.10327128993788873,0.3295377744807145,0.2789032462688988,0.259683065100702,0.16255028405694738,18424.032738985527,30007.03622309549,0.005340433229708693,27942.18297592317,32351.04150229656,37222.945898414524,39342.49932003255,55763.067739086866,46015.46104899447,58944.69038639613,49695.60908391936,0.07464242116421801,0.3064994737491908,0.4307679487867237,0.36382669363061904,0.31698497045353446,29206.585284323715,41941.47876356723,0.014620736173148227,45051.22142910346,51798.45851836407,0.0009482082942404424,52978.75191141422,47162.67269605656,48521.81306050806,50987.02926341625,47490.030596577104,0.2694330775152574,0.6831446288965437,0.7523026295683882,0.5019547499206856,0.40032088959708717,23167.145532562907,0.019614660343698857,54793.25662019188,44146.55030981393,0.0003061300187571457,0.1265720805029611,0.3810705741448856,0.11645123635550592,0.17318121645491416,23979.253005902818,0.17068446293605538,0.11552694090639609,52152.45057259988,55621.95958259227,0.003701025214222608,46933.46992279058,60851.26955902492,60459.74247453701,0.0,0.14383189226878257,0.3306174509520573,0.3555475697860122,0.2682303363236036,0.1637486054743448,29057.96171571734,40039.387634924926,0.006695756999155484,45161.25282935047,48990.67680304277,0.0,0.13329109935961359,0.3110969112585297,0.32627181929517624,0.2095642136620712,19507.67159964409,28694.684958224687,0.013047689538887396,28081.956767242467,41233.144330645555,0.0013013161861653508,45145.853833967085,39907.46518067373,41336.09054028864,48051.41881403014,60774.726027943776,0.25960490450301826,0.6980882163539798,0.5631280131586035,0.5911654763995037,0.36978178234319026,28745.097231513122,32252.480807052892,0.01995169449536791,36792.726961065586,40549.75354536035,0.0009778033324366632,44943.119457743545,43767.54576874259,49254.994983721546,50983.559842400035,58708.36172362853,60157.35550184248,0.23678867225256722,0.6864144820469719,0.6110011257609351,0.5831334425125797,0.342156542633849,29060.363020209323,31444.527733554565,0.01548231307013882,45580.58356996233,51859.19977298277,0.0009433765969042768,55393.93776004969,55214.439971623186,59683.92040532814,51381.64594411833,61641.85136288642,63639.19251730372,0.23355418478030843,0.560148667482516,0.6656986347311666,0.6218887219144742,18843.14888332405,0.39079793258734535,39611.17478923461,0.017876104978457465,44635.55016324684,60364.89624238403,0.0013597964667152358,60306.07848222742
0.1876351420239024,0.5033010523662761,0.5759568549669891,0.3910096194193414,0.22063054239322993,0.014025597028997352,0.0010608767697443888,47599.96674892136,0.2227315295191764,0.42103951580880106,0.5569713514463898,0.4445244144605964,0.202423032812533,20821.9512833321,0.011427920704508791,56960.37380160293,50112.01555564834,0.0007240766927458565,62536.707681073785,0.13765047413306056,0.46130938811760436,0.5202125599449322,0.3591385477605736,0.21920781502761255,0.13890335487913885,51170.85153928626,44929.04087901863,55925.04024710374,0.0006607488801785729,62149.02097397337,0.16998065385317326,0.3958370746579065,0.46861904182715586,0.3454893817758334,0.2856100417139394,31320.013640715195,39771.747174335025,0.011611362649977407,38305.19909151218,0.00031561788538139225,0.09765109780296989,0.3029701433647222,0.374025105108059,0.3967058615699553,0.20754333671311498,24136.860210925508,54757.40896336913,0.005746355736002726,48347.46088211084,59807.42713095853,0.0004946635060732586,0.1379519808378613,0.3772186469352051,0.5606159213366516,0.43960109564852345,0.3049601844720112,21006.818111577744,30284.08434994725,0.013106163889035616,31061.03876286858,44443.07137477894,0.0005367512420545775,43545.2055202724,40069.16213150914,53098.97277197245,48618.68446642698,62191.171842817195,0.0,0.07144487351965767,0.192531003561354,0.21350005811503045,0.17060511498242525,20815.205097750793,0.09753480291801243,24939.44930700004,30011.079669100756,0.0055233431029032476,43122.194912454,45665.322135123104,41577.1207073458,43821.15023952801,52527.14421973446,41237.28530233909,0.18643855635211048,0.4022901556264479,0.5886578182216016,0.36464027820380857,0.22275192824113177,26113.88870758111,44923.08606827629,0.014628910969608628,48176.47941075551,44178.76462588156,0.0007678072438978287,55874.4065810487,46670.04557953126,0.0,0.08648260750547453,0.23468130218594926,0.2114201933779282,0.1621736797472406,0.10148492746267818,36986.83517373431,34347.07460675423,0.005198828326334872,49411.60901024918,52233.65575176138,46893.47296582022,45909.381701323895,49526.16236977715,0.16335652906301365,0.45793533413600507,0.5697173295957717,0.361238441997017,0.08082390324641894,41723.93039674411,0.060453759923065724,35860.54295719579,50305.132704417396,0.0021270432784654333,44451.47613080366,47269.987280257265,49110.90095922456,0.19205716877029635,0.48043411338370917,0.4379272237200847,0.4363037570911574,0.22250611998303937,25830.471677761565,0.11839095672692217,57314.70976247207,55162.04501149015,0.0009275256740803134,0.0,0.0712665013198158,0.21547368837126382,0.06860379579323346,0.06997971183427214,0.056356524664911006,29449.24517204229,44721.31807361421,49294.56881470243,0.0003223811855581885,42181.21840200463,42823.31414846751,59069.096209267365,65176.244303688654,0.1460274174636197,0.47717745341043943,0.4492365801354796,0.36939245971089024,19207.729304026183,0.2148095814803768,56224.19923902246,0.004693826004992785,59649.129821414324,58578.42981422817,0.00015256514349596987,0.0,0.08708461326940826,0.21457020443646355,0.1929601716547626,0.127200720489776,25267.098195589035,0.004355361662646901,42827.882196909726,57408.66494707448,0.0004130005557516369,60915.79935635312,0.17527314148817374,0.4715420386979959,0.4430926179960716,0.4154919683271226,0.27789262031109674,24413.313743228933,0.012127959326920144,53555.27541122358,56563.70837595977,0.0009481847676584661,0.0,0.07233101080178951,0.2502466661210965,0.251499033431563,0.1525236394585133,0.08827473097191788,41553.79105885339,45404.70534987269,0.0006999972340967008,59996.538946941684,62278.57825904821,0.0,0.08008317114077698,0.17997379263111035,0.23430808108258602,0.19242037923263625,30892.99022359041,35260.8486018102,0.009665139282660537,48125.85925845977,51808.25702455614,0.0009325855687125132,47535.893371747974,46569.683918484654,0.16308427481240995,0.39279034589914524,0.4400815115717903,0.35562497234033164,0.2818830712941822,38793.89145948658,0.012034717890370701,42453.97537606278,47881.61492868579,0.0010369537234538226,52460.76482326834,56824.48917545523,47804.53703407669,0.1602386699190621,0.4786416822976566,0.45179061152683,0.3302443100297165,0.2814163317829345,20948.40855594832,24910.290817350673,0.013595488875320381,35185.951846260745,41670.987395318734,0.0010501096984932292,47646.48797104096,42212.024955156056,46463.16053558156,53912.56255820877,63505.04934531513,0.0,0.08987539576847256,0.17651423686798112,0.1860049120597269,0.1430449454283572,20159.902770886416,0.011359518000777535,47322.203560562964,0.000885998568629886,49815.67247206776,51143.43119836744,0.0,0.09963382804721109,0.2472311149218048,0.2893508283327475,0.1563923351569284,22073.201277674085,0.09423581280482538,31833.32471538359,36589.09705628891,0.0039490192207111184,42160.82283450331,49450.753738018255,42303.88722059903,56223.03761648125,47476.75876979432,63603.50926907369,0.0,0.0718170930995027,0.23523466126081743,0.20301804264666712,0.19198998714663626,0.12189075599154293,20029.692285417183,32378.295080971857,0.003973710366903376,29973.548328288012,34547.916105682445,39621.8950929945,41745.59355267759,59058.616765335806,48658.618824205434,0.05189050651538537,0.21724609403807496,0.3115242740704348,0.26738385600890974,0.23617737856540535,31308.684359411855,44758.72729587675,0.010744592575864156,47919.458070739835,54952.895033640016,0.0006904198123176073,56095.37176301339,49862.64174754144,0.1874898111460321,0.4882320189822474,0.5479170415210394,0.3709816922092926,0.2997218521736229,25263.845951774118,0.014477231230939452,58063.596177947824,46697.513757169036,0.0002170311621659515,0.08802108917899407,0.27095912131908323,0.08227364834580088,0.12477010237888873,26164.21835383472,0.1252028607925608,0.08612060529291678,55285.681383287556,58852.80434571954,0.002741530135599367,49597.07257576564,0.0,0.10002590545364876,0.23605340935120273,0.2588311920738116,0.19833695632291595,0.12281992915173295,31171.956936681352,42766.877418994416,0.004984434703062289,48072.914690447884,51980.51876840699,0.0,0.09269163499554543,0.2221017948542495,0.23750122252766653,0.1549612405653195,21210.51556673018,30972.329881292942,0.00952090582766875,30124.946670734502,44040.237096803656,0.0009405882931739089,48058.65486665002,42348.4081525636,43777.5818935141,50808.69735526456,0.1806404845303441,0.49877162193229163,0.4101346668616931,0.4368770563502062,0.2767900842828436,30855.4061566049,34470.440532072185,0.014723223661487,39179.07311131955,43062.63305853672,0.0007142609000737997,47617.360306412666,46284.601778176584,52022.87652893612,0.1647786397279985,0.4908179674158507,0.44528438935648434,0.43131312870336813,0.2562838524039997,31217.96042492944,33616.36416166357,0.011428101292781075,48538.495919901085,55080.78942330609,0.0006889733711063277,58705.8903412915,58401.02705313689,63047.42625564139,0.162540006241035,0.4005392785646015,0.4850903676450362,0.45982917034029686,20551.49541722456,0.29251807007961794,41963.64792746925,0.013172413071305145,47201.820460905714,63746.89217089294,0.0009901998205542062
0.13053417864780112,0.35963707640173703,0.41937271316506847,0.28892003060380833,0.16509450188535982,0.010346709660554468,0.0007736060319288058,50279.481326073044,0.15495249398064712,0.3009598772127816,0.40570163781880897,0.32860719709385283,0.1515337429048809,22615.957899123314,0.008435577610689358,60257.71773492264,0.0005286153289986577,0.0957443651073126,0.3292072515285226,0.37831505467619425,0.2650268579223626,0.16381195448910288,0.10506946652741471,54293.746941418736,47575.394552171245,59118.92457252008,0.0004807358406813891,0.11825166755060977,0.2828503999802441,0.3412299944232538,0.2552978883541087,0.2137227652000086,33535.43345964399,42403.37642507936,0.008575180163203468,40699.42338434876,0.00022736335663857505,0.06790445690656052,0.2157072601493813,0.27139282075307614,0.29223302855601246,0.1548961136074856,26242.141786328713,57939.75564432331,0.004161269796111257,51064.343601879766,0.0003552832922525792,0.09595947870986794,0.2692295058317789,0.4076987464088321,0.32437572789397795,0.22784529748033902,22821.38769327506,32661.8920533775,0.009655270863133166,33312.466389862,47479.39337458204,0.00038458577505706915,46353.71685638995,42512.04450875215,56208.69873320169,51377.927649212565,0.0,0.04967363920987584,0.1373287371857163,0.15524634325441655,0.1259997713873454,22565.71661315764,0.07305004063235145,26859.487443617996,32143.17506831937,0.0041022394235757376,45994.978006946694,48533.00479992544,44060.114309940145,46337.88506244623,43708.295032907896,0.1297100925963142,0.2876302720270833,0.42880739534164913,0.26953248205053376,0.16672888647717887,28272.31268628665,47824.510437544974,0.010798875918382935,51114.01072032697,46767.16023436562,0.0005605203030977932,59039.52763517444,0.0,0.060128632852258834,0.16740099763172778,0.15373672046862372,0.11976516352584599,0.0760024637642704,39634.67203755182,36643.12955475292,0.0038621501275479847,52520.80580353079,55384.96314865125,49612.77802454249,48489.2567049718,0.11363846570988678,0.3271079857180549,0.4145833949894609,0.26677103830960824,0.059613459985864044,44609.541560872174,0.045078452591035,38187.28450418659,53394.16125151235,0.0015757176982553493,47076.975862223284,49977.53373288121,0.1336080939615563,0.3432919846054989,0.3187836398007228,0.3222036972020861,0.16634956096467352,28020.076616336723,0.08956109397241131,60607.82119097739,0.0006749568051521443,0.0,0.04954691885865371,0.15375785336911543,0.04923684960631426,0.05107662021682322,0.041830322033399446,31528.61993774967,47684.923836612645,52389.5156088378,0.00023136880192463496,44710.1501611188,45284.682134651994,0.10157757941935283,0.3406501109247875,0.32683733987808306,0.2728053770281352,20876.258367523147,0.16070879058342175,59476.99424502718,0.0034081338940182234,0.0001066508267109075,0.0,0.060543301791670445,0.1530993403390048,0.14043112137918307,0.09408266948499117,27477.243139229773,0.0031334508200490598,45329.45312054354,60645.72039235005,0.00029607423152965294,0.12192114812234178,0.33665462756437,0.32235123835284196,0.3067093946113228,0.20766904004843875,26543.554701482582,0.008931706335066125,56667.75746943249,0.0006900905064162432,0.0,0.05028903747369743,0.17854933293787476,0.18301026950900734,0.1127482719368741,0.06619772021820967,44083.8551526619,48067.083924869796,0.0005054434525234787,63411.65949886156,0.0,0.05567479821233146,0.12831444222068977,0.17035307449071868,0.14213681728532648,33070.2312034819,37597.525127142646,0.007051515711039197,51144.65376472374,54898.594082182004,0.0006733518505436842,50267.822089768204,0.11345093869310076,0.28061754191340527,0.32033581147861195,0.2626424068845122,0.21080634464849518,41519.01292583326,0.008875083742976181,45250.71511768522,50871.18215853912,0.0007563532826523972,55567.599094863006,60083.16767225949,0.11146872809669987,0.3418952750554959,0.32883127227862585,0.24388873060422228,0.21040113269931532,22749.645148520925,26843.722749540135,0.010022660579429897,37716.35533329372,44466.319428725976,0.0007654262416694216,50645.82880293626,44764.97740343521,49167.75290836517,56957.34908418679,0.0,0.06248485436707125,0.1259410763674603,0.13530992603379996,0.10569613793207054,21883.11307564768,0.008288475948644696,50043.93168126737,0.000640386707615503,0.0,0.06927348968000696,0.17638814406783626,0.21051729749003342,0.11561058154015101,23934.08418522931,0.07064720866850335,34299.027496859315,39209.34086526135,0.0029396038641166227,44977.47449448899,52561.15828259747,44855.00515661295,59471.82858321352,0.0,0.049931478417261116,0.16780605857569492,0.14765411084636154,0.14181130928631192,0.09130889400279796,21702.426408554224,34839.71777757331,0.002955804086480675,32076.184732447276,36816.95266842777,42095.753155867365,44219.92056702506,62448.77232022183,0.03606722635918492,0.15389973826304532,0.22510255078281974,0.19632294096004463,0.17579741176292704,33483.82540109338,47667.54407051671,0.00789533244621574,50876.203691083494,58200.563554407774,0.0005027804575595122,59301.06226095018,0.13042373377749902,0.3486432425258463,0.39866442575173827,0.2739029865408784,0.22416838664340408,27451.36042023369,0.010684189030256116,61428.72277524555,49320.124129362324,0.00015391764481343425,0.06119752254318965,0.1925401031189167,0.0581142887788852,0.08983781224946588,28444.437216334976,0.09176639707524513,0.06413791599108766,58510.30640718275,62174.85206939597,0.002030149160197596,0.0,0.06954512048416035,0.16842321314534867,0.18826286000520542,0.14651931811292754,0.09202711378877852,33360.17362599317,45584.23020264532,0.0037092527028948583,51075.5286465749,55058.91188198446,0.0,0.06444359852234231,0.15846012528952752,0.1727371053914429,0.11447922476088669,22984.60402485326,33336.9501220641,0.006946847405628748,32239.665076236946,46939.76088351315,0.0006799365470092297,51062.50817355734,44861.80205877576,46289.122001121636,0.12565319943738826,0.3560745311680001,0.29841355647055906,0.32252997495069724,0.2069699660356177,33040.45942419822,36762.14860245256,0.01086373564431862,41640.395151172146,45651.05149885844,0.0005218273275595612,50368.88097447704,0.11462805179126562,0.35066442204602216,0.3241915078475007,0.3186923479005548,0.1917644682714918,33452.811447950306,35860.72016497695,0.008434692111947681,51589.39055296032,58399.45216807709,0.0005032573545774655,62113.998557116436,61677.006320721426,0.11307783806470036,0.28616505995447267,0.3531258649545024,0.3396493058337693,22333.95916355397,0.21872878570525273,44383.97632748577,0.009705736140084333,0.0007212001624909116
0.09078327246735335,0.2567852281068283,0.30507758237983923,0.2132795072919633,0.12341592444465185,0.00763211037427362,0.0005642281491618551,0.10776701291279688,0.2149614153220898,0.29524306451794957,0.2426826325610834,0.11332608725721875,24484.08947685673,0.006226168287626366,63647.83428176562,0.00038598431810879085,0.06657828913292792,0.23476707072532044,0.27487818023813765,0.1953938347081623,0.12229744034957085,0.07939462316371958,57509.13417984632,50297.47022920643,0.000349898030581454,0.08224073115359855,0.20196056428992123,0.24824165951227758,0.18846958262930913,0.1597719182501765,35826.55266533044,45119.30429046588,0.0063321520763045,43166.2209837329,0.00016384475052372172,0.0472087289170757,0.15348135547105252,0.19675774660798134,0.21507692518011973,0.11549365426530016,28435.43914271939,61211.983469031555,0.003014117380865632,0.00025522175236516125,0.06673100454289259,0.19201562647895615,0.29622537684550787,0.23912631914139473,0.17006619154361372,24711.116066378752,35129.55439504952,0.007112421713707988,35642.66054337878,50616.03652433379,0.00027565671172339045,49249.989661003,45027.20701674418,59406.91210731161,0.0,0.034529855903851416,0.09789440423861703,0.11279767652231273,0.09297477603749318,24386.893731126995,0.054658829974193024,28850.720354711742,34348.42988173338,0.0030459377652984807,48960.392269719414,51488.008655891674,46615.11576650172,46251.19998504307,0.09021498937408576,0.20548980100117453,0.3120745153998075,0.19903842733890537,0.12467259358122153,30516.43174690947,50816.72232348375,0.007970788341215567,54138.468574821025,49429.238628796964,0.00040926559217826277,0.0,0.04179729292278101,0.11933658377242658,0.11170304996923273,0.08836905907660934,0.05686359315588276,42374.03848266711,39013.46584643867,0.002868334179464812,55724.8630427566,58628.56747419474,52408.7215215944,0.07902950693806139,0.23348186674138074,0.301419114077774,0.1968195451962657,0.04395007702402413,47591.62838490267,0.033592135566973706,40587.15531620098,56575.22721489216,0.001167117585802013,49777.803726824066,0.09291970929310334,0.2451118381974159,0.23184320512561665,0.23771690926822486,0.12424606512013987,30298.749414197682,0.06768233047113759,0.0004913515455363556,0.0,0.034440201522097355,0.10965264637407614,0.03532476682568469,0.03725644675497697,0.031022150863888633,33678.92301678651,50743.60130249653,55578.684769988184,0.0001660922558968324,47312.70086403899,0.07063835458511694,0.2430077147340588,0.23757203797985685,0.20128009769996574,22614.271442079702,0.12011425577080705,62821.255609814485,0.0024751735454318175,7.456381587091043e-05,0.0,0.04208328960238153,0.1091736907641569,0.1021211278546255,0.06952497964966955,29780.04042551763,0.002254729352664209,47902.02343738598,0.0002122692654163623,0.08478556933714688,0.240176970751745,0.23430027653857372,0.22619397020570992,0.15504244149632054,28762.88886892997,0.006577379220717653,59868.147438171734,0.0005023462330802518,0.0,0.03495722979948223,0.12731619108889775,0.13306584506505229,0.08327152807458102,0.04959281764169355,46688.68334870542,50805.3110310819,0.0003650775729868852,0.0,0.038698680417214124,0.09142999805799323,0.12375819746948001,0.10490136679621653,35321.60466270837,40009.161628302325,0.005144243886897692,54255.270382292336,58078.44916418809,0.00048624346091259875,0.07890017432057622,0.2003280058587795,0.23296026556142282,0.19378670044272414,0.15749795338180808,44336.627943838575,0.006544401225886414,48136.66038006781,53951.274023267324,0.0005517782683505416,58763.80263539363,0.07752010082385193,0.24403463283926513,0.23911908229752385,0.17994314615524257,0.15715502131604495,24625.16039464565,28849.409256004354,0.007388138237915033,40334.61435883971,47352.389608216035,0.0005580207168554586,53736.714333635806,47392.8803607121,51948.85070088442,0.0,0.04343362442207822,0.08980364202530491,0.09835443801587566,0.07803083186780958,23676.982010745774,0.00604723089514938,0.00046291838691024217,0.0,0.048154880341189386,0.1257676080193784,0.1530387723526368,0.0853864281016322,25870.266094794784,0.05291105500414927,36856.69441318968,41920.18983880893,0.002187475000667334,47885.195181628886,55766.42298469785,47480.809645727866,62811.865813176155,0.0,0.034708535420170425,0.1196330046958995,0.1073032379525764,0.10465580280125646,0.06833365816872716,23442.235108396653,37391.30431289983,0.0021979342820042107,34250.092188400966,39158.15119053256,44644.52008703311,46765.480363074974,0.02506531033389193,0.10897197186748321,0.16253250960922067,0.14402242848040392,0.13073278250372025,35732.008409368296,50667.92908748714,0.0058010980265650785,53921.45829013443,61541.46408066734,0.0003661822931273795,0.09070104188519497,0.24877949016390516,0.28980532100750256,0.20203542887275613,0.1674945788691251,29729.688937941628,0.007884027674117729,64888.63641208507,0.00010919573966306615,0.04253986636805255,0.13673783352344487,0.04104173168352676,0.06464992091627253,30819.90959340358,0.06720831375643287,0.04772276889136722,61826.32564428546,0.001502889623147363,0.0,0.04834313815573901,0.1200958054751814,0.13682594784172156,0.10814453476776556,0.06888722046459135,35622.611783652785,48491.445985877595,0.0027593784777119003,54169.094697731525,58225.85614377516,0.0,0.04479561543843164,0.11298632073691,0.12553503777479577,0.0844987799367905,24829.93697401333,35788.54568053818,0.005068301806021652,34426.1119837498,49931.715690774035,0.0004915734383236274,54157.41375468906,47447.646899310224,0.08738001227544737,0.2540177761930619,0.2169294685043444,0.23788724000442293,0.15461088683804966,35300.257034293085,39127.60501819402,0.008015077966051755,44176.693080623394,48315.0088663255,0.00038129300762789517,53197.68146193667,0.07971788497481637,0.2503439142059664,0.23581408057512476,0.2352525442247374,0.1433472589906298,35764.91608927192,38177.59574349468,0.006224725011630957,54733.26746914001,61815.18800729579,0.0003676593341483298,65618.2624075245,0.07864390427919016,0.2042941413154887,0.25682353715489764,0.2506374234092953,24190.540122312268,0.16339415913982994,46872.159989284184,0.007150912239635217,0.0005253765925765635
0.06312192992725701,0.18322174122297583,0.2217439459805239,0.15729992868434428,0.092172907200144,0.005629203941271883,0.000411592062462415,0.07493160222885871,0.15343023957490068,0.21467566701934226,0.1790634021529767,0.08467264825278371,26426.34601653235,0.004594980455843242,0.00028188469375028903,0.04628659187123067,0.1673117043203,0.19955900064056625,0.14392992075157135,0.09122060449757657,0.05993430587236998,60817.01325456899,0.0002547624741504468,0.057182061711125616,0.14410469712521246,0.18044035028629196,0.13900915112853043,0.11932851718575839,38193.37125777456,47919.53077049457,0.004675263956221197,45705.591889664596,0.00011811237880120606,0.032814466401904385,0.10914413857369991,0.1425379758621579,0.1581568182104775,0.08603657010913479,30716.75228009755,0.002183699705987991,0.000183374489983919,0.0463945779303769,0.1368568317340736,0.21505299543013834,0.1761257053631515,0.12682328249465746,26676.00323088882,37687.07137496331,0.005238821585663078,38051.621223418915,53853.00082403418,0.00019765058423514386,52234.023934111545,47614.649655485235,0.0,0.023998922757220716,0.06974507969687149,0.08189513886363017,0.06854867655828806,26278.736451658857,0.040859937541495944,30913.148040281267,36626.84410934277,0.0022610035878440913,52018.43770077217,54530.3337030218,49242.12507703054,48866.00015874462,0.06272961238372803,0.1467031353590808,0.22692513316907878,0.14684826028128728,0.09313733089959997,32846.24588944958,53899.7217260926,0.005882727187074963,57249.85297423767,0.00029887602983973756,0.0,0.02904982369588753,0.08502538792451411,0.08110215283843326,0.06514937561227742,0.042504980851549704,45204.93450908018,41458.08348181145,0.0021296418708753166,59023.780727926605,61964.46872839186,0.05494762941226889,0.16654136090062652,0.21896127877051014,0.14508058521052303,0.032388759638350396,50670.1908688356,0.02501735273814946,43060.15539323894,59848.33059455681,0.0008643381477277226,0.06460659318764654,0.17489115487732063,0.1684721820458849,0.17522826314525375,0.0927142871179098,32666.490071344444,0.0510981551295021,0.00035782362313242815,0.0,0.023935703422541726,0.07815595412978903,0.02533535990165791,0.027159710915964908,0.022988052475691745,35900.154409152805,53897.35047126586,58862.07629815358,0.00011926163704942327,49988.87051076523,0.049111430637207604,0.1732391227133837,0.17254294153714236,0.1483741849552344,24421.76852769584,0.08968924772855828,0.0017980049589060379,5.2137290304234e-05,0.0,0.029247290976651342,0.07780824368904789,0.07420731627139883,0.05133376004020354,32175.4900544526,0.0016226970011376197,0.00015219859798809153,0.05894732526136397,0.17123484576238945,0.17015938507777767,0.16666750422061843,0.115647211971754,31071.3162455711,0.004843303932375038,0.00036574803370432915,0.0,0.024295718012220607,0.09073350188820213,0.09667918825292565,0.06144936491339225,0.037117782407018164,49368.27564698398,0.00026377275083978185,0.0,0.02689472186498352,0.06511350518038601,0.0898425491870664,0.07735615873049238,37647.11060126983,42495.758105289235,0.0037525388016620823,57457.70911116553,61347.822270574376,0.00035117432798934786,0.05485833472098819,0.14291355402610742,0.1692752387403553,0.14285523256787272,0.11756134937303278,47246.73651350252,0.004825329081515872,51111.81116321059,57121.89052287038,0.0004026025296530968,0.05389789766946375,0.17406739121832923,0.17373673120565006,0.13264549165136943,0.11727662337809819,26574.954294322488,30927.350336743333,0.005445646444656909,43040.72892289869,50329.19793378892,0.0004068863261137548,56919.144563139576,50095.73382698674,0.0,0.030186202557652,0.06400029170592028,0.07143976312520864,0.057559073680100804,25541.50957618069,0.004411692897980846,0.00033467115329347663,0.0,0.03346886648115521,0.08962414115199624,0.1111704973528133,0.06301009154353565,27881.747006370504,0.03959028126735903,39506.325464374706,44721.64397693165,0.0016272412356994198,50883.984895923,59066.547844319386,50181.300687943796,0.0,0.024122787842291743,0.08524219271640376,0.07792195727847998,0.07717139527327103,0.05109210491028448,25249.118384944475,40033.05468695144,0.0016338538086823656,36495.27069614908,41571.51167199679,47268.19588649174,0.017417252990669076,0.07712693011210413,0.11727315511739596,0.10556918338465279,0.09713490926194267,38053.23338423659,53759.882346788,0.0042619509053041195,57055.221867892666,0.0002667276801795107,0.06306161252488987,0.17740181006847805,0.21049545900419273,0.1488920437559081,0.1250315987181903,32098.83150489793,0.005817066719254761,7.74951570420304e-05,0.029565666809679314,0.09705831907223413,0.028980215544099196,0.04650028338601476,33290.63548504054,0.049187043659549075,0.03547781291782143,0.0011122197731034647,0.0,0.03359938361002235,0.08558769291019962,0.09936913155005274,0.079754143531041,0.051517626393006326,37959.2714096602,51488.52476869127,0.0020520617537971796,57353.612843917756,0.0,0.031133044939085214,0.08051790840757733,0.0911647043092872,0.062318149555855816,26746.514414210393,38327.11655671515,0.0036974498549356433,36684.28739327306,53016.10151858631,0.00035543365864231126,57343.3716100452,50105.942674166974,0.060750609439357145,0.18109338248075557,0.15756412675799333,0.17530272290529625,0.11539062819047133,37634.798986889495,41566.80977929657,0.005912720382870988,46787.96689967328,51054.50516093791,0.00027864437718091463,0.05542634548493858,0.17860278741326066,0.17138494042187086,0.1735030011714612,0.10705489403243909,38154.274348894294,40566.99089721679,0.004593306098281756,57970.12666844017,65327.99694096218,0.00026863715956152367,0.05468201195436705,0.14574574970200307,0.18662530616548195,0.1847860751644166,26121.23829349946,0.12194571570899615,0.005268208121662239,0.0003827940906100971
0.04387987076637486,0.13065118458005334,0.1610468252148896,0.11591497554609996,0.06877785498565703,0.00415152314642332,0.0003002989115916077,0.052089962115146896,0.10944297874395756,0.15597084796108734,0.1320094182344775,0.06320749923934954,28442.72751815018,0.003390793529693892,0.00020589334862240247,0.032173405410769934,0.11916898148838155,0.14476832548453045,0.10593361864577779,0.06798166396870531,0.04520091028093873,0.00018555911566702624,0.03975058796340741,0.10275888504075233,0.13105441777154175,0.1024418010611166,0.0890434209675103,40635.88923697635,50804.05586516546,0.0034514855701736585,48317.536102143844,8.517390674368771e-05,0.022805566347217372,0.07757524493741048,0.10318587970585459,0.11620757439707226,0.06403756257653737,33086.08119846319,0.001582418310977378,0.0001317766957814166,0.03224951764605987,0.09748539644752205,0.1560043055289675,0.12961590907360238,0.0944937268640345,28716.049186805263,40334.44299311887,0.0038584362778850195,40539.34842998242,57190.286273683225,0.00014176876124169554,55305.81967571559,0.0,0.016677420012243562,0.049664826051509674,0.05941775668785284,0.0504998704636386,28241.24477475323,0.030517534669330916,33046.77050032657,38978.41775114755,0.001677879564400879,55169.11430010495,57659.97994131582,0.043608777080552136,0.1046671569586635,0.16487805018254587,0.10825064388590733,0.06951667555434238,35261.75511390697,57073.50864537153,0.004341192890691556,0.00021829610165287377,0.0,0.02018734735600668,0.06054849798986318,0.05884377218984393,0.047993140180403314,0.03174395632929889,48127.36011679104,43976.98246087128,0.0015807343284623258,62417.5588590408,0.03819633861044496,0.11872045038542166,0.15893840928125316,0.10685273270817085,0.023859190766057442,53845.22901267095,0.0186204942311108,45606.2847353005,63213.47139050632,0.0006400063845926546,0.04491148114584214,0.12471022793160423,0.12232771696564675,0.12905841620935773,0.0691247093579268,35123.298587777026,0.038541313788367566,0.0002606753302602965,0.0,0.016632961520790794,0.05567824702847507,0.01816534508658726,0.019788222207944985,0.017021450953368496,38192.31411484855,57146.171342920636,62239.69019333399,8.565567654696529e-05,0.0341382001100919,0.12342791675948295,0.1252173642667702,0.1092821204649208,26298.74962437157,0.06691091441725087,0.00130637805731746,3.646083095939098e-05,0.0,0.020323815512308743,0.05542623565590895,0.053886065949771036,0.03787163765193043,34663.5920260347,0.001168019739696523,0.00010913688367020761,0.04097531158207999,0.12200959995419652,0.12348262047497334,0.12270444851019106,0.0861876303048584,33468.83683140598,0.0035661471424564693,0.0002663423028993606,0.0,0.016883532230099904,0.06462943653194636,0.07019322547419861,0.0453096542306663,0.027755533635604842,0.0001906349921437586,0.0,0.018688843787044173,0.04634916307209287,0.06517699853933506,0.05699882870890018,40046.749019166295,45057.314558103375,0.0027371139192200627,60751.96995134335,0.00025365752492964176,0.03813463006497734,0.10189144636484883,0.12290445206602743,0.10522162115356355,0.08767430608908039,50249.33863482508,0.0035574749310549204,54176.16746711352,60383.031657348314,0.0002938039966266392,0.037466469606505126,0.12408474657575184,0.12613412170947522,0.09769824544349823,0.08744140195480785,28599.026847551446,33077.54599175706,0.0040135125575172315,45834.69902547069,53396.74440544464,0.0002967351540599576,60193.11949144759,0.0,0.020976520605473885,0.045588042226136175,0.05185466168780136,0.042424789335420224,27476.69577195245,0.0032182533119650145,0.0002419817270899558,0.0,0.023258474085602505,0.06383493970227153,0.08069989419479456,0.046460097992110885,29968.526919956475,0.02959636111503619,42247.92065041438,47613.7032796295,0.0012100828677794454,53973.843637371334,62461.53286146208,0.0,0.0167633110322016,0.06070695941027686,0.05654669326782004,0.05686018987795458,0.038166923186352494,27123.07623819768,42764.96889972813,0.0012141458830705065,38811.720255691616,44057.03411282048,49966.78055424326,0.012101561595850286,0.05456716668586282,0.084562780792212,0.07732395650687593,0.07211138823858323,40447.50032569828,56943.403848419315,0.0031308621824341163,60277.49442435818,0.00019430701567696492,0.04383611916240134,0.12642678723041093,0.15277209728693852,0.10963579460695083,0.09325057212065295,34558.7881211026,0.004291486770997585,5.501681204380007e-05,0.020545668400119378,0.06886143650637888,0.020460736830047385,0.033430140076654215,35856.61489124586,0.03597355986756797,0.026352655456203338,0.00082284612987845,0.0,0.023348984832227172,0.060963880313045185,0.07211645989825406,0.058770495602399934,0.03849321653714738,40370.152504015416,54575.46655108634,0.0015255406424820688,60629.08308513359,0.0,0.021634638249430224,0.057350812829790876,0.06615933886718701,0.04592372772098525,28734.336345444444,40952.66275059503,0.0026971601457048957,39014.19130480672,56192.91836694998,0.00025702629314248456,60620.38173962573,0.0422285118672587,0.1290277872250321,0.11435679639637461,0.12907612768147983,0.0860435634211842,40044.08528198745,44079.76288576021,0.00436130447161811,49474.2166083218,0.00020365653931289827,0.03852917201863043,0.1273423059423667,0.1244622085600603,0.12785360126567158,0.07988017105556272,40620.88622681742,43028.90562614325,0.003389089987252488,61299.96815086079,0.00019631284709443933,0.03801313718952078,0.10391181077852663,0.1355079272909462,0.13612090733956378,28126.05367711555,0.0909318241466158,0.003880889043190606,0.00027895671343706216
0.030498318679949964,0.09311148161892954,0.1168787834198613,0.08534995562517143,0.05127729384640214,0.003061427859371089,0.0002191351816070574,0.03620494519619451,0.07802171520564613,0.11323626579026895,0.09724199193756485,0.04714373129249368,30533.23398171021,0.002501910419438135,0.00015041081948221987,0.02235998645184966,0.08483413820235335,0.10494709555009463,0.07790757255811018,0.05062108805156729,0.034058245686883634,0.00013519973344814517,0.027628226713348462,0.07323427863778552,0.09511582910577962,0.07543340980141737,0.06638821903543354,43154.1066029358,53772.87957447852,0.002547706028136792,6.144170504387808e-05,0.01584747535552398,0.055111782886765825,0.0746488891051436,0.08532055128656665,0.04762453302637193,35543.425897816305,0.0011469438734983573,9.471455316957079e-05,0.02241349280207486,0.06940315854576129,0.1130888059595344,0.09531368600753018,0.07034737463483307,30831.253934128083,43071.6692495162,0.0028415083420710203,43105.84216306928,60627.89287328092,0.0001017218882421676,58465.37688581514,0.0,0.01158820266542447,0.03534935760404944,0.043081719340078976,0.0371753874514942,30274.418700410122,0.02277356530276923,35251.58773484766,41403.15080714772,0.001244797466299053,58412.42206771775,0.030310841992248174,0.07463249662543468,0.11970804786515173,0.07973392304327477,0.051842327629900736,37762.959420281644,60338.08308132053,0.0032032469000990867,0.00015946555184769378,0.0,0.014027017367453442,0.043097829735405595,0.04266657533270662,0.035328372472547165,0.023687180097963265,51141.31530579968,46570.16278361816,0.0011729672453004857,0.026547402869711058,0.08458380077916423,0.1152867515220062,0.07863544295356968,0.01756912518135169,57116.74281640874,0.013851509341925559,48225.54334238563,0.0004738219083822433,0.031215058727427133,0.08887731349497224,0.08875817773815305,0.09497899119482639,0.05149443479293912,37669.17496349541,0.0290439142353435,0.00018996732751820223,0.0,0.011557006375675279,0.03964664022681627,0.013020799107267009,0.014409814496820968,0.012594138102030446,40555.402133873766,60490.063917460866,6.153364546677208e-05,0.02372622456065476,0.08789126406702265,0.09080741572662338,0.08042557843714325,28245.214732106895,0.0498749270119456,0.0009493708565784891,2.5501381466897267e-05,0.0,0.014121403258235524,0.03946426012930741,0.039104105280948,0.02791836677331006,37244.34634026392,0.0008408734443283244,7.826543399090987e-05,0.0284780591042282,0.08688809323092568,0.08954604672431546,0.09026721552260177,0.06417967152499017,35955.450626434584,0.0026255694716641824,0.00019398805788863204,0.0,0.011731338636497592,0.04601390395528339,0.05092973029785593,0.03338358892017702,0.02073657004924711,0.00013781574789101735,0.0,0.012985286204178353,0.03297750877977473,0.04725291593133395,0.04196725273410798,42520.51991639774,47693.83098674475,0.001996290576822701,0.00018324297013813686,0.026504724734332876,0.07260365173720168,0.08917197915002144,0.07744108933594307,0.06533051042376767,53344.43430780628,0.0026224833255464393,57329.72929177661,0.0002144397769620301,0.026040034453897385,0.0884052532415543,0.0915083991072655,0.07190167469726445,0.06514225839214512,30697.378054332516,35299.99622104556,0.0029577307195640975,48716.5246665557,56555.029023183175,0.00021643886068932036,0.0,0.014575066429642455,0.03245770785871854,0.03761447932589277,0.031246403822345056,29482.54059806103,0.0023474723049585113,0.00017498300647840462,0.0,0.016161103631866517,0.04544507648339376,0.05854236110005397,0.03423069754341008,32130.60583555269,0.022106044095891033,45081.47997130871,50596.36774690249,0.0008995646051073658,57154.7714059739,0.0,0.011647775918705534,0.04321355215735524,0.04100842539283287,0.04186350956248018,0.0284872174967155,29064.108668156274,45587.046951229895,0.0009019603535777234,41199.44086702857,46614.718513003616,0.008407479433220646,0.03859293058447735,0.06094006042694136,0.056595289898683024,0.05349178494538863,42914.809233753345,60218.49359238107,0.002299721721038939,0.00014156511902283002,0.03046685411943563,0.09004951869556697,0.11079861451477334,0.0806661378054445,0.0694886774059139,37109.558786555644,0.0031656114476271086,3.9072256397147066e-05,0.014275907340159339,0.04883576825360207,0.01444419855177754,0.024023151799378424,38517.84781201953,0.026292746670573075,0.01955882994786414,0.0006085709319312528,0.0,0.016223885170901824,0.043403943837770485,0.052304062501001676,0.04327523418083417,0.02873685094411599,42855.25506671843,57752.27133306279,0.0011337340866673263,0.0,0.015032433288505462,0.04083045697437303,0.04798175127433924,0.0338169540836659,30793.40276771549,43665.18426217782,0.0019673198557125225,41415.8237183508,59462.16623586504,0.00018588485116356315,0.02934886964349881,0.09188176550524187,0.08293850087084689,0.09496502123358153,0.06410640071795282,42528.11591958696,46666.46433758494,0.0032165711905321926,0.00014886759781613113,0.026778764150335196,0.09074321210703637,0.09032085817600376,0.09413975052057742,0.059553099399461455,43164.7517230413,45563.33993027409,0.0025002953189207843,0.0001434797186763367,0.026420907874231115,0.07404358157078252,0.09832001192962823,0.10019225668212994,30204.98627316054,0.0677489479184617,0.0028586724562813274,0.00020332127898836172
0.021194556558665246,0.0663235171501111,0.08476636812369964,0.06279695654594278,0.03819872673168602,0.0022573268989921425,0.00015993333571233663,0.02516048899672062,0.05559229792391401,0.08215428883509374,0.07157679806988793,0.03513380567412537,32697.86540721245,0.0018458338897959653,0.00010989517836840749,0.015537813943024057,0.06036264076048578,0.07602956987224023,0.057254162659465736,0.03766412631604058,0.025639855103748277,9.853938743709982e-05,0.019199968985769394,0.05216557969656229,0.06898556977887196,0.05550367576799087,0.04945701563148164,45748.02335565291,56826.00189843377,0.0018803293912866106,4.43366236509496e-05,0.011011142516913985,0.0391365064894789,0.05397087870215777,0.06259845457650198,0.0353905020576996,38088.78637815689,0.0008314805957362641,6.808838005210341e-05,0.015575348308994803,0.04938621029808832,0.08192486371979231,0.07003779380196071,0.05232990470788528,33021.61747285728,45898.750144155296,0.0020923988377525723,45751.102422679505,64165.82062282727,7.301263626436769e-05,0.0,0.00805122012847086,0.025149344870402008,0.031217979836808588,0.02734701329281132,32378.258228629515,0.016980739850249033,37527.59974384453,43901.04327734328,0.0009232387997212839,61748.36100361059,0.021064818441276396,0.05318795722920766,0.08685313182895348,0.058684796426336894,0.03863015731197495,40349.8588085736,0.0023633092345462948,0.00011650663491818602,0.0,0.009745631954629944,0.030663372203692536,0.03091793464705744,0.025987149752201857,0.017660819632157966,54246.8000761061,49237.62445005208,0.0008701352826305464,0.018448536928400053,0.060232046441952396,0.08356799736173634,0.05782640780281782,0.01293251629028548,60484.73228004895,0.010298358992549002,0.0003507315250339239,0.021692491782091438,0.0633074887945156,0.06435759288029909,0.06984679349275097,0.03833042053634957,40304.1191984996,0.021867835325935572,0.0001384840352118892,0.0,0.008029369272909209,0.028218842650313786,0.009330746810586741,0.010487953838291762,0.009311723779024533,42989.418466228424,63929.028194886545,4.421476190244693e-05,0.01648763183693162,0.06255515241478186,0.06580948112556824,0.05914422705485791,30261.1638509018,0.03714604618740179,0.0006900618130680207,1.7838613233282382e-05,0.0,0.009810955389954787,0.028087031094065292,0.028359585696029713,0.02056579156578022,39917.752997140255,0.0006054475705812932,5.613142462138098e-05,0.019789741428556013,0.061845923588265274,0.06489310615258954,0.06635577851000175,0.047753883635028804,38531.15763065694,0.0019329130114312362,0.00014131354844796159,0.0,0.008150621518249076,0.0327460464602788,0.03692985722034096,0.02457870880318628,0.01547954781180121,9.965845209976664e-05,0.0,0.009021568250322002,0.023453808332106304,0.034237383335010634,0.030877591265216327,45068.42329296418,50405.30739121336,0.0014558504334211495,0.0001323914451070806,0.01841900083499511,0.05170782427511345,0.06465422275018887,0.056952688343111915,0.048642044643342285,56532.0235324461,0.0019330251315129046,60572.49663719987,0.0001565368169079817,0.018095899423412026,0.06295306779748432,0.06634340323477433,0.05287712361093468,0.04849136860909995,32870.00791466569,37594.70102460881,0.0021794621818030644,51686.20584615371,59804.05178700453,0.00015789519284907218,0.0,0.010126228468428955,0.02309922327657884,0.027268260404613394,0.02299690377735868,31559.04405450645,0.001712162025481361,0.0001265483920611562,0.0,0.011228423522707165,0.032338920564691405,0.042442185759682276,0.025201837702736422,34367.98375315916,0.016497604988487197,48007.00342705768,53669.63737875062,0.0006685030933265406,60426.76820173069,0.0,0.008092547964109261,0.030747805269610125,0.02972169581411452,0.0308001732023597,0.021244987277221034,31072.21567482026,48499.28884145674,0.000669826962900019,43658.43253015995,49244.564872546194,0.005840621656810895,0.027286603768339426,0.043892221441981835,0.04139549678829952,0.03964974848808693,45455.1601084018,0.0016890434263204983,0.00010314996055262347,0.021172079108546377,0.06410698527894401,0.0803035422583988,0.05930713742271182,0.05173969013653092,39751.14350125705,0.002334810464571935,2.7758361329717568e-05,0.009918504560244724,0.03462064937274885,0.010195898098838146,0.017256130614404865,41274.33424736156,0.01920532744181257,0.01450526684878883,0.00044995426278792317,0.0,0.011271979415217822,0.030888462163067155,0.037911476522015326,0.03184259009455548,0.021435565294539556,45414.57909776925,61018.93911462064,0.0008422723396674741,0.0,0.010444041668374711,0.029056367393623696,0.03477741871228151,0.024884063521709156,32923.71368102353,46464.681091463506,0.001434848179079876,43889.184633905286,62823.845125331485,0.00013444862080079481,0.020394779350160416,0.06539745768061375,0.060111946234912186,0.06981686502945354,0.047723869225892133,45086.890899688005,49326.914134770755,0.0023720054242316285,0.00010883104060404284,0.018609335973952524,0.06462983025175864,0.06550059112083435,0.06926371354374879,0.04436276651269435,45785.870837565926,48170.29380960928,0.0018443691693908423,0.00010487896853277952,0.018361115486083022,0.052733250717394244,0.0712892066573497,0.07369131697833378,32358.036081634422,0.0504362435017781,0.0021055243450272152,0.00014821784072425746
0.01472722712240406,0.04721982412086832,0.06143764441548913,0.04617025158476399,0.028433786087074468,0.0016642416987694725,0.00011674312006560933,0.017483082903520707,0.03959163233308805,0.059565682463862,0.052647390441183446,0.026162960687391566,34936.62179465689,0.0013616376114038305,8.030411435640574e-05,0.01079596612036371,0.04293118994806309,0.05504628111858471,0.04204674588279462,0.02800241343354256,0.01928593591800369,7.184195040247377e-05,0.01334124654641255,0.03714037652588496,0.050001921474508285,0.04081012960871484,0.036815197374487,48417.63949512769,0.0013875794364306966,3.2003807035439045e-05,0.007650072819405058,0.02778121227869211,0.038998323927111354,0.04589658691129798,0.02627950107674352,40722.16263948495,0.0006029031700532002,4.895613318421925e-05,0.01082225023981623,0.03512662333545371,0.0593121229064702,0.05142883385256813,0.03889768835510196,35287.13980299285,48815.685677036156,0.0015406210723826201,48475.129208813094,67804.06952232226,5.242392599384778e-05,0.0,0.0055933584080368574,0.017885358302839615,0.02260820259202652,0.020103287549005304,34552.763359411416,0.01265141830721709,39874.80652731718,46472.09516173422,0.0006845511683914147,0.014637394435601914,0.037886535872436886,0.06297498227335056,0.04316132292416001,0.02876269994138894,43022.45327878283,0.0017434007624842446,8.513225194759554e-05,0.0,0.006770490987260537,0.021807713570510607,0.022391489058283132,0.019102831658748518,0.013157291413009493,57443.814427710306,0.000645298683584813,0.012818920532188168,0.042871093737183466,0.06053815012607937,0.042493846420496174,0.0095161018775428,63949.19740359159,0.007652655159587277,0.00025957444350639615,0.015073130696428152,0.04507258870871734,0.04663560813399512,0.05132863661775974,0.028510029356490788,43028.131292789585,0.016450988295687755,0.00010098481005310285,0.0,0.005578076012063854,0.020076902761092915,0.006684766904406409,0.007629807814876882,0.0068800692096073,45494.363111912535,3.177730552937014e-05,0.011456165179874777,0.04450235176661009,0.04766333958913228,0.04346306845027552,32346.5969807563,0.02764411714052717,0.0005016733929925079,1.2480151174097706e-05,0.0,0.0068157256841051,0.019981754056859726,0.02055525591700199,0.015138874408666748,42683.81199666372,0.00043599896076518973,4.0260550181476845e-05,0.013750585119206583,0.044001132295765195,0.04699813870257033,0.0487442066825645,0.035505279746611954,41195.95784407304,0.0014228637509302465,0.00010295886297788876,0.0,0.005662387952967891,0.02329447098916731,0.02676259746277047,0.018083491742320615,0.011545871962550346,7.208484504854772e-05,0.0,0.006267298736595592,0.016674047592686928,0.024792719856435486,0.022702717068016368,47690.459148865615,0.00106162371736991,9.566297649497077e-05,0.012798468197692866,0.036808572926301256,0.04684806195829457,0.041855254090128566,0.03618880664888481,59812.10630874456,0.0014246688068563526,0.00011428471086767812,0.012573860575478353,0.04480769205720008,0.04806859346480958,0.038858838536394734,0.03606919127262446,35116.916428551,39961.660402446825,0.001605811216554634,54743.742564264736,0.00011520385680917305,0.0,0.007034798057223189,0.01643245068303451,0.019756448021192245,0.01691378542842939,33706.20614128869,0.001248682481811915,9.15299420975378e-05,0.0,0.0078006631812820556,0.023003178157042295,0.030751763692686087,0.01854143162109117,36680.66067277587,0.012302148783840545,51024.49101766132,56833.51217517389,0.0004966243933874931,0.0,0.005622033679086601,0.021869257310039098,0.021528955412462743,0.02264510078225985,0.015831402738751825,33147.39725818963,51501.69457040867,0.000497274406076164,46188.69524508576,0.0040571996935726135,0.019287185023969353,0.03159723761182118,0.030258533536837568,0.02936823496239751,48068.552949643636,0.0012403914305063278,7.516652690514215e-05,0.01471125433081299,0.04561720110914342,0.05816526485007845,0.04357287520146464,0.03849423857487152,42483.54226520681,0.0017218203034537578,1.9727466331129832e-05,0.00689056012174895,0.02453476332002784,0.007196535682375181,0.012390517552395827,44126.07419727195,0.014020153177599227,0.01074942682093286,0.000332575427625083,0.0,0.00783088575992852,0.02197288581683246,0.02746341502893278,0.023414219771721825,0.015976606790561624,48048.12459716787,0.0006255292654277104,0.0,0.007255615933915983,0.020669202934352388,0.02519236410949431,0.018298304318790856,35125.26908536856,49351.153238452105,0.0010464016129104407,46434.27405147017,9.72552323550154e-05,0.01417092889165991,0.04652594167111234,0.04354057273281751,0.051292328808356054,0.03550060432475513,47720.4102222906,0.001748968036156735,7.957069351403382e-05,0.012930662697209747,0.0460094487361732,0.047470892518023444,0.05092461196169473,0.03302145654493488,48484.243570391314,0.001360349421664385,7.667243787271872e-05,0.012758456008674446,0.03753829726621167,0.05165700920637294,0.054161209646249056,34585.20310253719,0.037518989349314864,0.0015506597510476293,0.00010806545302591881
0.010232328335021955,0.03360387520488888,0.044502572378617856,0.03392261097578972,0.021149294242004277,0.001226838616312804,8.522869278222637e-05,0.01214712241447395,0.028183670545655442,0.0431618033848529,0.038697466406447,0.019468042549475338,37249.50314404353,0.001004329177168002,5.8688539834663046e-05,0.007500567313017854,0.03052104637101105,0.039831138371850795,0.030858179173237035,0.02080401979335605,0.01449473767557753,5.2393131282319384e-05,0.009269349411029514,0.026431197337487597,0.03622051004331519,0.02998592281937468,0.027384323087303892,51162.95502136013,0.0010238089989983332,2.310879115192379e-05,0.005314545797635541,0.019713558300495714,0.028164229322291602,0.03362934038813768,0.019500014550448478,43443.554681800495,0.00043724492076141225,3.5206150071340305e-05,0.007518946820758076,0.024973903797948442,0.04291599337467075,0.03773921921495925,0.028892341522745873,37627.8209245348,51822.47584815879,0.0011342291795355531,51277.92252147005,3.765363797363918e-05,0.0,0.0038855696592564053,0.012714696364276652,0.01636400523981714,0.014768601538553307,36797.93409275583,0.009418697411138717,42293.208085265614,49116.30646032056,0.0005074268037743768,0.01017009708550045,0.026974831800627385,0.045633906178986036,0.031722371778073445,0.02139968542188535,45780.742830909345,0.0012859323407228545,6.221484559707237e-05,0.0,0.004703287822945193,0.015503779293242115,0.016207576570489313,0.0140330851105622,0.009794724337191998,60732.35836061229,0.0004784175709917644,0.00890633444395206,0.030500953979088464,0.043829160446962216,0.031205620905853233,0.006999746735058611,0.005683774901148609,0.00019207691014496182,0.01047260583912774,0.03207588971680514,0.03377367027224172,0.03769486419663057,0.02119023050372864,45841.21124636538,0.012365914422154496,7.36616884574567e-05,0.0,0.003874894221805672,0.014278746107707104,0.004787983551716607,0.00554798926133739,0.0050800395390535776,48070.23607092611,2.284330423497844e-05,0.007959388310858625,0.03164611716280114,0.03450051544761745,0.03191782365644762,34501.514121670385,0.020557302769386842,0.00036477989429294425,8.732549707636585e-06,0.0,0.004734626202291196,0.014210138462365941,0.014890309083073101,0.011136443602890437,45542.52333883429,0.00031401818155663225,2.8879573759860003e-05,0.009553481480488808,0.03129202455589979,0.03401800962737723,0.035783073865502654,0.026379299785542647,43949.85126668287,0.0010473072254432922,7.502601690000757e-05,0.0,0.003933507300751935,0.01656465710761785,0.019383670609705157,0.013295812539548821,0.008605070728127552,5.215353853789559e-05,0.0,0.004353634371698288,0.011849820785409295,0.01794369430756361,0.016681144837485104,50386.62748410203,0.0007740765312983367,6.913173764049426e-05,0.008892165534723618,0.026191000738675828,0.0339257104030248,0.030739274623627806,0.02690398729274869,63184.68263670164,0.0010498800141805788,8.344823909120367e-05,0.008736053842924432,0.031878688203476876,0.0348071314601971,0.028537756628267918,0.02680968909224489,37438.10359598841,42400.87435455959,0.001183019046089309,57889.134820888765,8.406718794080614e-05,0.0,0.004886836652694141,0.011685408797117144,0.014306116555576886,0.012431579284019917,35924.02685840776,0.0009105849272438043,6.620850849749699e-05,0.0,0.005418949094127386,0.016356314113466146,0.022268964943524566,0.013632056650171202,39068.63659440283,0.009166494917596302,54133.94274311959,60087.99213617229,0.00036881282039610955,0.0,0.0039054687819525895,0.015548593642033917,0.015585972501822493,0.01663837998935504,0.011788287102437617,35289.65341826439,54594.26413808567,0.00036905204405790015,48790.22901180598,0.0028182016507749246,0.013629386910661734,0.02273533778731159,0.022104380269161998,0.02173761963484507,0.0009108088302956351,5.4779749156596626e-05,0.010221025516338625,0.03244640120706815,0.04210538921933628,0.03199145587566944,0.028618266255879807,45306.755078404945,0.0012695917347174096,1.402492977724203e-05,0.004786679993619482,0.01738161959988249,0.005079167200515923,0.008893602710242435,47073.06766175068,0.01022916065390168,0.007960366215536344,0.00024574042332366105,0.0,0.005439922762164737,0.015624752765114235,0.019883812942539096,0.01720542957872662,0.011898713962357007,50755.89156491429,0.0004644044251351606,0.0,0.005040248561058682,0.014697475580186832,0.01823909610083226,0.013446682381292352,37398.068980750584,52324.6007031436,0.0007630463447103856,49051.09197104548,7.035778373819949e-05,0.0098454902473782,0.03308622732223758,0.03151899657021991,0.037657771258843516,0.026388515817494507,50428.67388739473,0.0012894057777586296,5.818328091062192e-05,0.008983977276782948,0.032739463575632954,0.03438355821832116,0.03741568964049548,0.024561244139614937,51259.86992151746,0.0010032215380451728,5.605830322727508e-05,0.00886448706646407,0.026709965736063837,0.03740891103433984,0.03978006601761509,36886.48733586886,0.027889522957107758,0.0011419069395729373,7.88023300259951e-05
0.007108729185692569,0.02390430750220853,0.032217350714935956,0.02490767424873706,0.015719713902883074,0.0009042845514624549,6.222993762434465e-05,0.008439029424276651,0.02005444899288661,0.0312575635678903,0.02842514756903537,0.014475830379272272,39636.509455372376,0.0007406853648167377,4.28965024097307e-05,0.005210677681865816,0.02169004447987126,0.028805857812880215,0.022632572248963402,0.015445259056735954,0.010885194266755749,3.82201469066869e-05,0.0064397087020039495,0.01880222443394437,0.026222638987369196,0.02201828720689849,0.020354698582565153,0.0007552922520271513,1.6691146445465143e-05,0.0036918119171576074,0.013984112258692439,0.020329590668879405,0.02462579966024959,0.014459459102272806,46252.96250510351,0.0003171610790380726,2.5322505472544164e-05,0.0052235145915458785,0.01774879513784024,0.03103539148851308,0.027676079412048332,0.021445633321217326,40043.66083748312,54919.120657523184,0.0008349435957555127,54159.482360650356,2.7053788296918047e-05,0.0,0.0026990607869517686,0.009035700359610965,0.01183823547801077,0.010842712441044941,39113.77042866275,0.007006846039316541,44782.80441768983,0.00037602407928709753,0.007065601437451602,0.019197681720537443,0.03304904495612895,0.023299781184625244,0.01591006259313614,48624.72746495315,0.0009483766297810317,4.547231914944569e-05,0.0,0.0032670740231304724,0.01101824199064867,0.011725387244772708,0.010302342195935397,0.007286165850711924,0.0003545888544009608,0.006187447854872897,0.021691399271061822,0.031714392268198305,0.022901293520867824,0.005147024866014342,0.004219383230966808,0.00014210624181902474,0.0072756271605004755,0.022817456386055587,0.024445338245537705,0.0276647754733529,0.015738726636481775,48743.359059226976,0.009287954671608974,5.374651434393192e-05,0.0,0.0026916110007701205,0.010151471928311171,0.003428626791513917,0.00403241008917485,0.0037485443150914854,1.642440962909968e-05,0.005529505732598634,0.022495134251040775,0.024958941872959762,0.023424184767185833,36725.91527364406,0.015276191938409582,0.0002652852896985605,6.111190137299238e-06,0.0,0.003288793580255898,0.010102051916755476,0.010780859970222375,0.008186819778244779,48493.88702365198,0.000226194410715467,2.0717581687959863e-05,0.006636946804488013,0.022245060591154078,0.024609204782711558,0.026251610012238528,0.01958535910212449,46792.83789848644,0.0007708008208689138,5.4679594706369805e-05,0.0,0.0027323510773677308,0.011774912019078576,0.014031764736393504,0.009769400488325941,0.006408444349226628,3.7742354498582126e-05,0.0,0.0030241349955878547,0.008418508798298337,0.012980000929204302,0.012248937412132987,0.0005643585491312206,4.9964190043030925e-05,0.006177628092304497,0.018628550040547344,0.024554058702698486,0.022561006816951123,0.019987159367398543,0.0007735927636104513,6.093972795066696e-05,0.006069139487378152,0.022671164414276586,0.025190255553799272,0.020944556572041317,0.019913264578182675,39833.56941697794,44912.34288094712,0.0008714424075795159,6.135420276090611e-05,0.0,0.003394539780786017,0.008306764260686673,0.01035397693806447,0.0091313852853941,38212.50620586366,0.0006639701870126234,4.7896819643925896e-05,0.0,0.003764213805210009,0.011625950941091933,0.016117559951178712,0.010016082763430504,41531.91151804003,0.006824942991547299,57335.35860343253,0.0002738023111673333,0.0,0.0027128713625327702,0.011050841102456986,0.011277627566936291,0.012217278940239556,0.008771248256132898,37498.984155044534,57776.99754448776,0.00027380217768283304,0.001957490758607711,0.009628992937890157,0.016351463670560687,0.016138262523049254,0.01607882790215893,0.0006687199786906278,3.992576287073015e-05,0.0071007579998022975,0.02306918894047018,0.030462886188373804,0.0234732775374672,0.02126076688712088,48220.78194085144,0.0009360052214592039,9.974280687651837e-06,0.003324991517336599,0.012310362295222753,0.003584567535643762,0.006381412138494201,50115.314640797784,0.007459218772739598,0.005890871114535385,0.00018152136662202245,0.0,0.003778770607803741,0.011106686975438955,0.014388563318680672,0.012635049062280806,0.00885508018907831,0.0003446661037936432,0.0,0.003501114132325461,0.010447400391177775,0.01319810681095727,0.00987518246411832,39742.1133671696,55385.023485538004,0.0005563677957528657,5.0904021086154116e-05,0.006839790510920761,0.02351960985858309,0.022803935187688067,0.02762995156964235,0.019601323647341934,0.0009504662838300753,4.254856264309405e-05,0.006241392029233046,0.02328734416366173,0.024890282634319118,0.027472436247193862,0.01825547151636831,0.0007397493777843168,4.099088068914284e-05,0.0061584693760209685,0.0189974181149911,0.02707546708373472,0.029198557131368746,39261.88878162942,0.020716897893573647,0.0008408148434169376,5.7471694548627696e-05
0.004938322894649929,0.016997953832068143,0.02331103689573648,0.018277049473504652,0.01167594678752373,0.0006664490488027683,4.54431744345671e-05,0.00586247954359407,0.014264444771638423,0.02262432357077276,0.02086649549498573,0.010756266502810218,42097.640728643426,0.0005461753778211826,3.135741401174531e-05,0.003619655315862318,0.015408738002001501,0.020821629822144815,0.01658956659636168,0.011459090654252335,0.008168250511233302,2.7888548852192164e-05,0.004473560260621997,0.013370120724299342,0.018974269994168666,0.016157658161971792,0.015119110006831917,0.0005571138346000244,1.2059385539044635e-05,0.0025644269681667324,0.009916779820815359,0.014667294993296413,0.018022204301759936,0.01071468194341849,49150.38610939401,0.00023009595379871588,1.8216746056517325e-05,0.003628612325947814,0.012609419701236234,0.022432122676149482,0.020284003461825073,0.015907547186999344,42534.65954183782,58105.620105129354,0.0006145574477522723,1.944422808588195e-05,0.0,0.0018747810703142627,0.006419097544324103,0.008559893662696555,0.007955600141444776,41500.27236713218,0.005208883706315065,47343.59552458984,0.0002785684118021536,0.004908424277815306,0.013657373177758031,0.023921854577254407,0.017102732137533633,0.011820457787333344,51554.407180914226,0.0006993314003688321,3.323916180031235e-05,0.0,0.0022693235054179937,0.007827861673643893,0.00847852889389785,0.007558859455973673,0.005416231329104001,0.00026273260764506486,0.004298282344235787,0.01542050665411059,0.02293620679029731,0.016796534230474586,0.00378341467398983,0.00313079506429428,0.00010511739931602545,0.005054246604140647,0.016225191487976746,0.01768413329527269,0.020291146417683578,0.011681814540597876,51734.57473137439,0.006970826406638029,3.9226154804936536e-05,0.0,0.0018695865957568025,0.007214764022614454,0.002454669265004569,0.002929597744545708,0.0027643211649570325,1.1811539311533814e-05,0.0038411808576760548,0.015984491458339387,0.018046747207950065,0.017180117722100697,39019.80043667732,0.011343860793762527,0.00019295833658390456,4.277352505040228e-06,0.0,0.002284381512037791,0.0071791985246882715,0.007801567904209958,0.006014641850662577,51537.903051116795,0.00016295357970057156,1.4863608125425277e-05,0.004610487220127814,0.015807930826642665,0.01779341673006665,0.019247300633314177,0.014531437850573429,49724.91773948375,0.0005672375829257451,3.985666064585668e-05,0.0,0.0018978994774210332,0.008367337635453092,0.010152366584371951,0.007173836737831698,0.004769047834131702,2.731964270957807e-05,0.0,0.002100543981953359,0.005978876516508467,0.009384749663823033,0.008988878556244808,0.0004114173935875094,3.6114877482502214e-05,0.004291474509760559,0.013244683238961587,0.017761818324568805,0.016548421060944035,0.014838451508497951,0.0005699407741181445,4.4507684105350465e-05,0.0042160902024872176,0.01611700476024592,0.01822078815731011,0.01536228409148799,0.014780847247603401,42303.31389151958,47496.06598160941,0.0006418490945219145,4.478342273580141e-05,0.0,0.002357842135183576,0.005903028324872434,0.007489884190189507,0.006703194071576706,40571.64418365639,0.00048409959747109846,3.465292898045743e-05,0.0,0.0026146479131113013,0.008260871955110969,0.011659452323548642,0.007354669639149636,44070.48544368749,0.005077833918407554,60628.73859860011,0.0002031988251983493,0.0,0.0018843669644171084,0.007851550826042077,0.008156138974103498,0.008965502073058112,0.006521713115620305,39775.38946853006,61049.89478961492,0.00020306905238268256,0.0013596037492603083,0.006801272459683803,0.011755078255690915,0.011775902142411063,0.011885448637845863,0.0004909168939324478,2.910191065958283e-05,0.0049327166812625925,0.016395986882024885,0.02202807515232091,0.017212638639866787,0.015783882111039007,51225.6228525463,0.0006899668428238031,7.095997592058582e-06,0.0023095476122514383,0.00871631113734216,0.0025296458767097843,0.0045773512075372585,53252.81513441323,0.005436530319309626,0.0043564681754618174,0.0001340428593956069,0.0,0.0026247520289966247,0.007892417986052964,0.01040681854288924,0.009273079717341048,0.006585250154368755,0.00025571383784146843,0.0,0.0024318742762181097,0.007423844548105351,0.009545614133180088,0.007247875921057237,42157.402244625606,58532.42158563532,0.00040562995016073185,3.683247944207523e-05,0.004751385544845382,0.016713025950237687,0.016489937974027896,0.020260063573126996,0.014549836182369024,0.0007005207288248737,3.111788804528537e-05,0.004335758364206946,0.016557847439427623,0.018008483442930837,0.020159046138903514,0.013559238543661065,0.0005453953091245297,2.99762966412951e-05,0.004278206016125536,0.013506732240489016,0.019585965447029292,0.021418461820831507,41711.407439818875,0.015378469322648209,0.0006190460635880073,4.192071165129566e-05
0.003430378189177989,0.012082621425795836,0.016858226364571877,0.013403522336537233,0.00866659492073971,0.0004911006471029262,3.318871614392131e-05,0.00407234876181033,0.010142392077966671,0.01636712716435394,0.01530854100340465,0.007987054494689155,44632.89696385668,0.00040268800590404554,2.292477487280043e-05,0.002514303185291108,0.010942812530427127,0.015043036137991843,0.012153022274033793,0.008496148378243102,0.006124900698909264,2.0354897320825966e-05,0.003107530793498022,0.009503979104834368,0.013722462263231091,0.011849853617730399,0.01122268663496506,0.0004108691443646763,8.715472024184723e-06,0.0017812391435093268,0.007030413546601328,0.010577243415751147,0.013182003953945903,0.007934627870673438,52135.82549467198,0.0001669583267082975,1.3107205779349203e-05,0.0025205479364019735,0.008955194310713165,0.01620577786970696,0.014857681818030525,0.011791955773141715,45100.8170375989,61381.97419097729,0.0004522874523559152,1.3979525234950835e-05,0.0,0.0013021821136358271,0.004558796842732185,0.006186470954859643,0.00583382860269599,43957.43990816412,0.0038696048859381458,0.0002063104813768598,0.003409644920408714,0.009712354896872513,0.017306409661095402,0.012546355326730376,0.008776166060669596,54569.78197879259,0.0005156111681207046,2.4299627352539772e-05,0.0,0.0015762213162971073,0.005559527016169639,0.0061278362673684835,0.005542724090465176,0.004023427196942139,0.0001946135989236291,0.002985753987047314,0.010958643897941746,0.016579447241782827,0.012311832916422407,0.0027801486232237947,0.0023219857461877517,7.774245618780718e-05,0.0035108936932714266,0.011533385520647676,0.012786532100448922,0.01487411907422847,0.008664984764383644,54814.8582628076,0.005227917721281851,2.8635963905077808e-05,0.0,0.0012985626742213505,0.005125980841094459,0.001757010838181244,0.0021275120014884567,0.0020372908984883768,8.495833855584595e-06,0.002668208208314611,0.011354318366463003,0.013042329278240419,0.01259299829138724,41383.169610770165,0.008418094335088572,0.00014037108575966055,2.9942618741421256e-06,0.0,0.0015866637792218369,0.005100407873082207,0.005642845065845701,0.004416104945346392,54674.571421228735,0.00011740810315155849,1.0664634396848044e-05,0.003202593500351852,0.011229693274383817,0.01285894790009893,0.014103602021235073,0.01077467828471668,52746.0907896748,0.0004173880988113446,2.905599208955584e-05,0.0,0.001318236649023641,0.00594400346454401,0.007341929240083165,0.0052647149140756236,0.003546511137758259,1.9779590073413198e-05,0.0,0.0014589717104708895,0.0042449482482371575,0.006782107936371253,0.006592593306180166,0.00029989200697031593,2.6107027835997033e-05,0.0029810329529009368,0.009413473353854918,0.012842000883447516,0.012131057989183269,0.011008782138111108,0.0004198452907534417,3.251003843473492e-05,0.0029286566851904378,0.0114536023522806,0.013172957468781166,0.01126119478633018,0.010964083001490078,44847.33701961334,0.0004726852532390374,3.269205908849853e-05,0.0,0.0016376930140248594,0.004193536630202868,0.005415448403506895,0.004917798477569799,43001.44079178594,0.00035292073733654415,2.5073312938279303e-05,0.0,0.0018160811317196317,0.005867937810862558,0.00843035541292308,0.005397176666954192,46684.35837134519,0.003775298605092367,0.0001507502873204043,0.0,0.001308836214697887,0.005576724006540108,0.005895811769757819,0.006575375398239877,0.004845750388009213,42118.869358720985,0.00015055943535129522,0.0009443053871500504,0.004802980644399221,0.008447293380705868,0.008588167208239968,0.008780216063991573,0.0003603431610402508,2.1213988788959228e-05,0.003426444060050793,0.011649098613187537,0.0159208227620246,0.012614382798252426,0.01171003948814584,54321.277813489534,0.0005085243872328657,5.050049945254789e-06,0.0016041568211944501,0.0061699799585441025,0.0017851070134548405,0.003282288899173691,56485.56914259703,0.003960350728474501,0.0032196396043470106,9.895198237129665e-05,0.0,0.0018230951139440068,0.0056065742640162165,0.007523335548892642,0.00680167530350216,0.0048938306689545255,0.00018965455459593998,0.0,0.0016891170594829064,0.005273661790508442,0.0069006337284010745,0.005316442408610739,44643.9356131186,0.00029570139417925867,2.665304710508909e-05,0.0033004596099898338,0.011872223130015744,0.011918216793503387,0.014847294930135866,0.010793025488026483,0.0005162264543665875,2.275992272254542e-05,0.003011787562215425,0.011768835091689005,0.013022790560614379,0.014783694901489737,0.010064383732296865,0.0004020451946119803,2.1923452046598498e-05,0.002971839669893642,0.009599550703912501,0.014160993586579794,0.015702080222950717,44235.04331043723,0.011408179714693746,0.0004557177844270621,3.058157875421055e-05
0.0023827785999645155,0.008585761584564686,0.012185711975896301,0.009823848102171791,0.006428700519235279,0.00036183731731641983,2.4241610933929694e-05,0.002828704452073677,0.007209023715652266,0.011834662623447156,0.01122446018377563,0.005926906967347953,47242.27816101213,0.0002968527579396809,1.6761508995870874e-05,0.001746422259148041,0.007768810964146757,0.010863080269348617,0.008897976936216087,0.0062953536952323735,0.00458939681502422,1.4859879416467204e-05,0.0021585236974580404,0.0067534973579214536,0.009919447941351842,0.008685545893532891,0.008325030917109857,0.0003029644440379782,6.300571731095704e-06,0.0012371956850275158,0.004982794160771,0.007624394113243889,0.009636521872088976,0.005872229123257941,55209.280660937424,0.00012116388575245884,9.432432814671634e-06,0.0017507731388565553,0.0063579524836347885,0.011702153538849572,0.010876933228516994,0.008735664965384724,47742.13332476634,0.00033282120677629164,1.0053811914464697e-05,0.0,0.0009044383115013343,0.0032366629712596738,0.004469089638561946,0.004275516468528332,46485.273051758566,0.0028727465732516053,0.0001527507130698408,0.0023683976728060105,0.006904467937310428,0.012514272258944614,0.009198521815047805,0.006511677571941478,57670.85185858824,0.0003800986976871873,1.7766115055533425e-05,0.0,0.0010947730649081902,0.003947328451478469,0.004426855729242264,0.004062050945524356,0.0029867900351572938,0.0001441126614120428,0.0020739240316115836,0.007785221814503648,0.01197875814523111,0.009019427107224464,0.0020422589230747966,0.0017213489525581822,5.748610538938934e-05,0.0024386996264337923,0.008195532687859807,0.009240875492686255,0.010897098657595923,0.006423196876994037,57984.20965352661,0.003917985274077839,2.0909921950515754e-05,0.0,0.0009019177689856757,0.0036408288762429797,0.0012573830482115907,0.001544410384922945,0.0015005972156622257,6.112026020802555e-06,0.0018533400229579775,0.008062765136588807,0.009421171116192366,0.009225361524931393,43816.0227959226,0.006242855579776825,0.0001021294849255251,2.096384563706006e-06,0.0,0.0011020163885349331,0.003622455617697688,0.004079530683674093,0.0032405041365143705,57903.89213398779,8.460216961834659e-05,7.652508260470128e-06,0.0022245247190430814,0.00797481993806493,0.009288505333201448,0.01032871494806988,0.007984133421676275,55856.3570490596,0.00030708942018019844,2.1184909827256682e-05,0.0,0.0009155873438354411,0.004221237531997653,0.00530700255968087,0.0038614153434515636,0.0026355460928561883,1.4323569414671972e-05,0.0,0.0010133256444584157,0.003013006953513624,0.004899015266852529,0.004832358232984831,0.00021857484704169598,1.8874295616264075e-05,0.0020706493742949747,0.006688257513852984,0.0092804536989111,0.008887806497339414,0.008162297927581899,0.00030923506340545975,2.3748972116967433e-05,0.002034261881884767,0.008136844343536767,0.009518993533933252,0.00825024689069132,0.008127753933042542,47465.63880125921,0.00034805964135191007,2.3868006422029618e-05,0.0,0.0011374619897647912,0.0029782100404728913,0.00391375125697769,0.0036058842221984443,45501.896030252334,0.00025726116058450864,1.8143458160465068e-05,0.0,0.0012613720168503885,0.004166911270768401,0.006092715000709658,0.003958375365123524,49373.53030101313,0.0028049584678419654,0.00011180157404596953,0.0,0.0009090576112925779,0.003959800044184249,0.004259934537250084,0.004819707397451908,0.0035980589132828308,44529.4238256173,0.00011159108009889744,0.000655846413236703,0.003391162062297086,0.006067939107087721,0.006260148498429993,0.006482344529339649,0.00026446441366213667,1.5465115640316125e-05,0.002380022867911445,0.008273807781002873,0.011501328145726776,0.009239302756878854,0.008682044538424688,57507.74682368112,0.00037473723257521515,3.595236535120298e-06,0.0011141739347102352,0.004366472413618278,0.0012596581442005676,0.0023529382895046353,59813.57666534919,0.0028836091993898316,0.0023779690273622125,7.302479353719954e-05,0.0,0.001266241236943931,0.0039815660228797595,0.005436294743215405,0.004986100922091279,0.0036343889392977235,0.00014061307966734435,0.0,0.0011731805627581049,0.0037451154485866594,0.004986261170256697,0.0038974860635277255,47201.71347264859,0.00021554125096790328,1.9288476071817204e-05,0.0022924989009093927,0.008430816707843724,0.008609869655061641,0.010874501927000443,0.008001105554070327,0.0003803578310811883,1.664806752957549e-05,0.002092007859420595,0.00836214477840691,0.009412839389103743,0.010835426482393095,0.007465484321018685,0.00029632803326300395,1.603529480617081e-05,0.002064277281070438,0.006820332991849281,0.010233695487441356,0.011504774040281447,46832.79639348447,0.008457533548326329,0.000335441582838755,2.2312316583853234e-05
0.0016550381885775515,0.006098985591212042,0.008804157625745332,0.0071961988891372395,0.00476567966319406,0.00026655886526303463,1.77083656128713e-05,0.001964774303953248,0.005122371896832478,0.008553325653331832,0.008225332781480117,0.004395361138564494,49925.78432010979,0.00021879981611172352,1.2256347779262094e-05,0.0012130122560212455,0.005513803321086325,0.007841081797569165,0.006511254766457765,0.0046617900453853715,0.003436430147561468,1.0850732132401297e-05,0.0014992735938495314,0.00479747909681878,0.007167052237491887,0.006362675647308632,0.0061716587292682,0.00022336045141653466,4.5560540505874625e-06,0.0008592933579253957,0.0035306396935176902,0.00549359732959741,0.007040978730895475,0.004343271301562927,58370.75160819034,8.794280357073806e-05,6.789075572487592e-06,0.0012160419488223843,0.00451262754768115,0.00844631070756519,0.007958454531307673,0.006467584131742704,50458.60840334017,0.00024487788590089096,7.232744817200829e-06,0.0,0.0006281661894643433,0.0022973215356209015,0.003227038145902592,0.003131738543221525,0.002131302043703579,0.00011306211740186104,0.0016450613792821122,0.004906732838392397,0.009044819442680202,0.006740248186176788,0.004828443144507942,0.0002801579539517036,1.2990485044405581e-05,0.0,0.0007603603217223927,0.002801853843291577,0.0031966316097534657,0.0029752970052993803,0.0022158025972287432,0.00010668425743552911,0.00144050504668126,0.0055290307102156344,0.008650790950993232,0.006603851835153786,0.0014997344364703245,0.001275520862784306,4.2499843255413305e-05,0.0016938765647917951,0.005821821723288154,0.006675346751448475,0.007979106929871013,0.0047584884417888685,61242.62890353143,0.0029342364119649515,1.5271846036246943e-05,0.0,0.0006264117356305283,0.0025852227124629865,0.0008996531337296002,0.0011206900672028183,0.0011046612529615192,4.397855482022277e-06,0.00128728343955199,0.005723679116487334,0.006802320721293652,0.0067545723081143556,46318.359992134625,0.00462677238065073,7.431554238880273e-05,1.4679777659153448e-06,0.0,0.0007653855524251064,0.002572032025868217,0.00294798645502882,0.002376496715312933,61225.86518939395,6.0969313553972234e-05,5.4915794672810525e-06,0.0015450990959339644,0.0056616319681639105,0.006706400313841474,0.007560097006924954,0.005912720670386478,59055.71651763814,0.0002259107559552968,1.544793983018934e-05,0.0,0.0006359086014659417,0.00299692295695005,0.003834353187572168,0.002830572552147175,0.001957257680675802,1.0374625157004772e-05,0.0,0.0007037856727441875,0.0021380042545970025,0.0035372216432339215,0.003540150705735488,0.0001592893983916346,1.3646589426116213e-05,0.0014382332017549276,0.004750493507199082,0.0067035675656250985,0.006508084040617783,0.006048067430577861,0.0002277328951723673,1.7350574496777907e-05,0.001412955377338515,0.00577874942253389,0.006875422374516892,0.00604104469532549,0.006021468599070443,50158.2192364572,0.0002562568226965247,1.7427526544817334e-05,0.0,0.0007900055501140499,0.00211448927041119,0.0028272148141130536,0.0026424853920517235,48073.00989905555,0.00018750987191562676,1.3129949011558314e-05,0.0,0.0008760711918165676,0.0029581370368581402,0.004401296867055461,0.002901497366440962,0.002082630618105226,8.288777760731233e-05,0.0,0.0006313731080725838,0.0028108896648410776,0.003076592537421322,0.0035308777020814433,0.0026698792440795227,8.26814688047438e-05,0.0004554944960009734,0.0023939121664475226,0.004357164217093808,0.00456094387786777,0.004783044843753159,0.0001940702220461276,1.127486816899837e-05,0.0016531107648401872,0.005874685576350575,0.008304873187707248,0.006763568788327783,0.006432999556822453,60785.029883121075,0.00027610312778606687,2.5604009324323833e-06,0.0007738338502380964,0.003089438405118916,0.0008888469305422727,0.001686245705980254,63236.83770266969,0.0020986355492717164,0.0017552513724107684,5.387426722740389e-05,0.0,0.0008794516678190185,0.0028267357819551143,0.003926477373964266,0.003653147814344688,0.0026972922103491105,0.00010421773112100927,0.0,0.0008148144155269338,0.0026588490322491947,0.003601383122770127,0.0028556751835527522,0.0001570939398935199,1.3959895750139632e-05,0.0015923101062580945,0.005985155970597478,0.006217042712542601,0.007960414412298477,0.005927711618230954,0.0002802045635925843,1.2178286887746208e-05,0.001453066129406828,0.005939697654541831,0.006800423061903254,0.007937211165158798,0.005534217942865894,0.00021837491027871687,1.1729482326317245e-05,0.001433815161158143,0.0048442031110248925,0.007392145031353526,0.008424807957443037,49504.6666889606,0.006266192963840267,0.0002468784971223683,1.62809530121612e-05
0.0011495235670126755,0.004331163451089571,0.006358150143821816,0.005268556950936568,0.003530705150601987,0.00019633943286353104,1.2937138481329473e-05,0.001364655938418847,0.003638576184626621,0.006178997704981815,0.006024292187914363,0.003257571733149975,0.00016124416646089558,8.962841576061236e-06,0.0008424963943889563,0.003912241383338461,0.005657341193355858,0.004762252834852817,0.003450067432109947,0.002571360827049093,7.924909234905505e-06,0.0010413351733866388,0.0034069486481780034,0.005176061581701961,0.004658532709134144,0.004572491972413797,0.00016464379531516026,3.295445587202216e-06,0.0005968065612746752,0.0025010820341773207,0.00395671135467287,0.005141943874239146,0.0032105261245156218,6.383890589668615e-05,4.887309558668328e-06,0.0008446051230046446,0.0032019779701017996,0.006093708591864686,0.005820039215632845,0.004785551740402029,0.00018014741823764438,5.204834662426594e-06,0.0,0.0004362751550137824,0.0016301537602368685,0.0023291896558355276,0.002292723022648847,0.001580219471815793,8.366086527849817e-05,0.001142600985590001,0.003485927813461281,0.006534286046560603,0.004936274824324253,0.003578125243222607,0.00020646186071310432,9.499375672924982e-06,0.0,0.0005280866024875744,0.001988244958723124,0.00230730795740419,0.002178137391754997,0.0016427934340520528,7.895276588953887e-05,0.0010005128115404523,0.003925525099871132,0.00624467948839614,0.004832656572747019,0.0011009827664221735,0.0009447566235183865,3.141452297336202e-05,0.0011764971675290387,0.004134366436896855,0.00481995507995117,0.005839416813833306,0.0035231321164616173,0.0021960072232884514,1.1156378911661553e-05,0.0,0.0004350544242359207,0.0018351661850526902,0.0006435750964636373,0.0008129155988532484,0.0008127461022476166,3.1649744468491294e-06,0.0008940867664390544,0.0040620156888526784,0.004909303113841431,0.004942887165706499,0.0034269393430787047,5.408276495070113e-05,1.0281020996292994e-06,0.0,0.0005315735355159431,0.001825702824924961,0.002129367764540169,0.0017418894499177326,4.3942483084820255e-05,3.941176097148766e-06,0.001073153493077737,0.004018249221409542,0.004839988820111922,0.0055307149168463115,0.004376135371909886,0.00016617045572450546,1.1265863525935858e-05,0.0,0.00044165184639169847,0.00212711922870067,0.002769143633686751,0.0020737930370032767,0.0014525845922546883,7.515818613022949e-06,0.0,0.000488790582866605,0.0015167110193230282,0.002552888058534498,0.002592097370348536,0.00011607089043729118,9.86769122936322e-06,0.000998936428303809,0.0033731378353185526,0.004840064416084317,0.004763020153044964,0.004478779854810634,0.0001676865212863984,1.2677145790038488e-05,0.0009813773285536236,0.0041028208789323905,0.004963824470888232,0.00442107436954529,0.004458365896217903,0.00018864055971488252,1.2726177230457239e-05,0.0,0.0005486736483524509,0.0015008464401214667,0.002041445730253624,0.0019354424009088026,0.0001366548992951926,9.502517448572519e-06,0.0,0.0006084513016957518,0.002099438161848359,0.003178060518138915,0.0021256395851208393,0.0015453134832341072,6.143076599941022e-05,0.0,0.00043850164433131464,0.0019947853080225036,0.0022210151405430488,0.0025853161573069186,0.0019798796668750265,6.124125278689185e-05,0.00031634201267268566,0.001689639664384665,0.003127608744546183,0.0033213767673571253,0.003527197407834345,0.00014239323622293774,8.22043330007977e-06,0.0011481771346749773,0.004170006719186675,0.005994163742337638,0.004948621333745364,0.00476366239142613,0.000203396376839445,1.8240478464406237e-06,0.000537443625883532,0.002185422334977963,0.0006271748744741228,0.001208127166264225,0.0015266586165351324,0.001294834090348195,3.9733592298088824e-05,0.0,0.0006107983179188528,0.0020063047966412456,0.0028347677974288055,0.0026751096164240513,0.0020005367044394575,7.721666899113186e-05,0.0,0.0005659045164440079,0.0018871352965710302,0.0026000310374068754,0.002091225764343261,0.00011448242454206858,1.0104101494090335e-05,0.0011059428047964152,0.004247723301414476,0.004487258901273565,0.005824172271689194,0.004388967112247138,0.00020638909047816326,8.909121413030197e-06,0.0010092374463328013,0.0042177455607448665,0.004910865039304888,0.005811080304049476,0.004100057169315269,0.00016090246486704269,8.580478239980992e-06,0.0009958724112943617,0.003439602777741627,0.005337230276198737,0.006166108314930478,0.004639854139385321,0.00018167395217952677,1.1881253915609855e-05
0.000798391091244851,0.003074864471389329,0.004589730677605983,0.0038552689121151133,0.0026142097042526984,0.00014459535130641182,9.452300233532e-06,0.0009478104775507316,0.0025838296302202923,0.00446182319187914,0.004409918888921396,0.002412869245102225,0.0001188091990439371,6.554866290696911e-06,0.0005851403156816659,0.002775130759390886,0.004080085362519783,0.003481302693718272,0.002551831263723664,0.0019227811399237873,5.78915609306151e-06,0.0007232495334452437,0.002418758279128572,0.0037365558179020346,0.0034090445726030296,0.003385683782670908,0.000121340840122482,2.3842526541712813e-06,0.0004144924456902115,0.0017713385938205955,0.002848686363242323,0.003753273962689975,0.0023718538295915384,4.634731904228765e-05,3.5188457951765554e-06,0.0005866074748960265,0.002271379692863265,0.004394575024803008,0.004254076489565193,0.0035389383105240003,0.00013250865648466113,3.7466181231529725e-06,0.0,0.00030299700593009837,0.0011564388751119344,0.0016804573557564432,0.0016776196836891296,0.0011709053343072308,6.188686525377836e-05,0.0007935870767501756,0.00247579449747477,0.004718541285349693,0.0036132322262568796,0.002649998076135123,0.00015212650637933382,6.947016804257896e-06,0.0,0.00036676072400886576,0.0014105268010651273,0.0016647170938276995,0.001593737527483393,0.0012172157961792157,5.8412097496522685e-05,0.0006948943785915224,0.0027862711780765634,0.00450590509837348,0.003534697095890074,0.0008079991531523598,0.0006994717692439361,2.321620623784383e-05,0.0008171242085081538,0.002935172269392094,0.003478787321292057,0.004271336334792786,0.0026069827609772715,0.0016424282088295789,8.151579021810071e-06,0.0,0.0003021479101433944,0.0013023789280203256,0.00046030111291969094,0.0005894502307170472,0.0005976514079467777,2.2780848587449165e-06,0.0006209745811431967,0.00288196639237997,0.0035416069942106466,0.0036152587501588865,0.0025367381715626115,3.93626741702875e-05,7.201486101184837e-07,0.0,0.0003691805784282325,0.0012955941083377318,0.0015374178600495916,0.0012760552237592326,3.1673676978820875e-05,2.8287133464865993e-06,0.0007453427252270935,0.002851100621602135,0.003491545415800497,0.004044038757103996,0.003237017712590892,0.00012221182000421007,8.216849067137513e-06,0.0,0.0003067308288264372,0.0015093619896534493,0.001999013151090696,0.001518541236318582,0.0010773538170528996,5.445759642095765e-06,0.0,0.0003394671511893236,0.0010756910930901466,0.0018417188877059068,0.0018969436316357959,8.45683582619178e-05,7.135805811659263e-06,0.0006938004129991552,0.0023944470305476903,0.0034931075056849107,0.0034840930474925886,0.0033147366495734545,0.00012345359068028578,9.263275838098525e-06,0.0006816036676491395,0.0029121128189415154,0.0035821964517252867,0.0032338628799125995,0.003299115932218462,0.0001388450402989603,9.293936085072799e-06,0.0,0.00038105733078067766,0.001065006913773807,0.0014734533597539228,0.0014168416186206957,9.958083199460078e-05,6.8777281893091856e-06,0.0,0.0004225752891909525,0.001489613321338338,0.0022938321844375256,0.0015564176905210828,0.0011459003122495418,4.551288122422682e-05,0.0,0.00030454286792899217,0.0014152565074082592,0.0016027053315445243,0.0018919959517931944,0.0014672936343437405,4.534581051774561e-05,0.0002196972268263239,0.0011923668756609065,0.0022442575446792123,0.0024175842103915323,0.002599650921916844,0.00010446162072812431,5.993774165402679e-06,0.0007974514702030748,0.002959155975973281,0.004324561124999978,0.0036188577044012527,0.003525428057159615,0.00014980991379711286,1.2999035974772133e-06,0.00037325889207637394,0.001545620090799713,0.00044252619442882536,0.000865347097299787,0.0011100871363005852,0.0009546356272140231,2.929543571183649e-05,0.0,0.0004242048509686324,0.0014236193607886172,0.0020457488736304523,0.0019579008362130778,0.0014828400142363831,5.719186015870907e-05,0.0,0.0003930246521904356,0.0013390539874348901,0.0018763277911382132,0.0015306203678364023,8.341937480879862e-05,7.31379095608189e-06,0.0007681153307695281,0.0030138234797503897,0.003237394571211733,0.004259045280077286,0.003247753963868994,0.00015199348906473823,6.517887708287706e-06,0.0007009541139810879,0.00299413889216952,0.0035448196678010894,0.0042522643553125315,0.0030357520282193362,0.00011853606486188682,6.277284285691851e-06,0.0006916749777292428,0.0024415728951695625,0.003851911459743252,0.0045106486562978025,0.003433623718089908,0.00013367270897887449,8.671394356535209e-06
0.0005545024085886884,0.0021823650110156206,0.0033117973613581674,0.002819674684436142,0.0019344996583376861,0.00010647101182296092,6.906740588772639e-06,0.0006582785504306624,0.0018343151139706489,0.0032205101403580366,0.0032265178743002094,0.0017861620555559732,8.752719527132972e-05,4.7941570414753245e-06,0.0004063899094950387,0.0019680214744915657,0.002941392857602705,0.0025436615421643386,0.0018863944522305228,0.0014368627548454241,4.229765106440074e-06,0.0005023145614473355,0.0017167193223011424,0.002696269895209024,0.002493430259912134,0.0025054694099951934,8.94106615750437e-05,1.725439430104231e-06,0.00028786712060159997,0.0012542346444032561,0.002050187758027988,0.0027383458534783896,0.0017512928330470755,3.365223652137771e-05,2.5339652242534965e-06,0.0004074103702128347,0.0016108271340221493,0.0031679561447747,0.0031079468611603166,0.002615602407019685,9.745319785231034e-05,2.6977260329059907e-06,0.0,0.00021043087854778452,0.0008201786744669842,0.0012119303788663952,0.001226923339066999,0.0008670915227569178,4.576622713218122e-05,0.0005511682172841141,0.0017578700524360342,0.0034059281444090007,0.0026434579393840502,0.00196148092032144,0.00011207172927469718,5.080799494148058e-06,0.0,0.0002547145768592065,0.0010004241862194316,0.001200612440842393,0.0011655503336639532,0.0009013463637127444,4.320225305415833e-05,0.00048261983948941667,0.0019771122266424436,0.0032499600214095687,0.002584061951350231,0.00059279835399234,0.0005176570725498428,1.7154129338915448e-05,0.0005675123570823051,0.002083235302196239,0.0025097766347029968,0.0031227978221734214,0.0019279838370288439,0.001227609244234725,5.957187644081377e-06,0.0,0.0002098404379931565,0.000924034462519901,0.0003291586476142685,0.00042726258414451,0.0004392526521787682,1.6399741027291809e-06,0.00043127922558011764,0.002044195887100207,0.002553907781987733,0.0026429002535016503,0.0018766911219861818,2.8651844906177046e-05,5.045195119848273e-07,0.0,0.00025639408966238,0.0009191730503756287,0.0011095704236302594,0.0009343082525877166,2.2832323386785792e-05,2.030420372188069e-06,0.000517655397868471,0.0020224321277100108,0.0025177696619672284,0.002955535403033987,0.002393078636048732,8.986960577767415e-05,5.993630943748834e-06,0.0,0.00021302381655858476,0.0010707415923552855,0.0014424751796886669,0.0011113838146022065,0.0007985567677586998,3.946522597649751e-06,0.0,0.00023575800374912455,0.0007627231009999926,0.0013281359556630012,0.0013875136151140716,6.160827400320535e-05,5.1606514627119455e-06,0.00048186057242597237,0.0016992514918401642,0.0025199679281834404,0.0025473104029585004,0.0024518356870812195,9.087415546280536e-05,6.769243377306149e-06,0.00047338891669629904,0.002066408667663671,0.0025840737695758255,0.0023642865996323023,0.0024399150623008233,0.00010217841974292841,6.787937220183692e-06,0.0,0.00026464280322104246,0.0007555414564283539,0.0010630655578200243,0.0010366731765460472,7.255613238518298e-05,4.9782885931601865e-06,0.0,0.0002934780173221359,0.001056657098872691,0.0016549498942831267,0.0011390377724918017,0.0008491998649525068,3.3708222708486e-05,0.0,0.00021150421372455943,0.0010038414643731113,0.0011560645880023333,0.0013839117918646017,0.0010867587312701939,3.356507211355373e-05,0.0001525763581479295,0.0008413154576402449,0.0016098676288029013,0.0017589410931538054,0.0019149910678369006,7.66230270486189e-05,4.370448292188096e-06,0.0005538472320024818,0.0020993425667116283,0.003118745035293251,0.002645114744428191,0.0026075528940547417,0.00011032183523697963,9.266837981480965e-07,0.0002592273296496375,0.0010929131577117302,0.0003122331283134723,0.0006196664058204473,0.0008068410029929429,0.0007034228786914927,2.159275556363879e-05,0.0,0.00029460947765681735,0.001009905014488819,0.0014757514615107538,0.0014322562212942956,0.0010984447084872865,4.234589334702741e-05,0.0,0.0002729542769790659,0.0009499115132856143,0.0013535223191624333,0.0011197333782237509,6.077740797481762e-05,5.294375694112227e-06,0.000533471009582867,0.0021377923529258443,0.0023347151786385916,0.0031129810938596413,0.002401907508794894,0.00011191493463384188,4.768691703305435e-06,0.00048682854542359325,0.0021249294176252155,0.002557708091681789,0.003110032170022668,0.0022464266195828886,8.731003086372243e-05,4.59257965032902e-06,0.000480385938588211,0.0017326551615712573,0.002778806112912865,0.0032979982500279227,0.0025395434017854517,9.834023675763486e-05,6.329315358822905e-06
0.00038510824587007853,0.001548509192992664,0.0023887269246161682,0.0020612514595219227,0.0014307132175145477,7.838566131295422e-05,5.0471010266947886e-06,0.0004571823494353699,0.0013018673257860092,0.0023235983772278528,0.0023595152342394277,0.0013214831812150814,6.447046837365229e-05,3.5066130932411253e-06,0.0002822397940318504,0.001395305717792858,0.0021196763189318137,0.001857681068923728,0.001393719860363372,0.001073065386088926,3.0909480330778715e-06,0.00034886309128401456,0.0012181227095656659,0.0019448278397363465,0.0018228422863894728,0.0018530515552364485,6.587043454973766e-05,1.2489726416087573e-06,0.00019992227514066478,0.000887898888663642,0.0014749823187812925,0.001996950839890654,0.0012923941316659822,2.4437091298587526e-05,1.8250294921172094e-06,0.0002829493735223612,0.0011420907506656988,0.002282834405265851,0.002269535241995241,0.0019321216765874841,7.166078375036006e-05,1.9430293053386486e-06,0.0,0.00014614198302529744,0.0005815537617822129,0.0008736964326070638,0.0008968691369931832,0.0006417314090358396,3.383466661834301e-05,0.00038279395237286013,0.0012477858429375836,0.002457465449811384,0.0019330151466175859,0.0014510339264111,8.254892487796075e-05,3.7161484876337353e-06,0.0,0.00017689648347149727,0.0007093855487805931,0.0008655615003416665,0.0008519883853392861,0.0006670551505024443,3.1943161836173425e-05,0.0003351840929328919,0.0014025761384815834,0.002343171189622645,0.0018881840990175765,0.00043478055334460376,0.0003829476610594325,1.267248570358537e-05,0.00039414341803230995,0.0014781826859836186,0.0018099665208080617,0.002282001521481544,0.0014250524211240534,0.0009169840259887213,4.3542791158819406e-06,0.0,0.00014573149720960193,0.0006554381800877233,0.00023533718479530158,0.00030959404929214524,0.00032267105696248346,1.1807786288175763e-06,0.0002995265935153031,0.001449596422384585,0.001840942933560275,0.0019311284538758885,0.0013876003601002891,2.0857332418000407e-05,3.535123517183284e-07,0.0,0.00017806226677680054,0.0006519569538589213,0.0008004694060065498,0.0006837363232806158,1.6460257566517344e-05,1.4575258489262218e-06,0.00035951549014831617,0.0014342532070171282,0.0018148685301531322,0.002158986841549788,0.0017682049413022926,6.60770266310334e-05,4.372356172351665e-06,0.0,0.00014794263756382094,0.0007593982226582829,0.0010404683018938486,0.0008129871375796569,0.0005915485374248578,2.860489599854975e-06,0.0,0.0001637306321172563,0.0005406853086454585,0.0009574022789464837,0.0010143913644501126,4.487611016914109e-05,3.7324849097839007e-06,0.0003346570737787069,0.0012055806711520386,0.0018172149895812823,0.0018615083583141461,0.0018125627315622563,6.688151958294614e-05,4.9470358049802425e-06,0.0003287729992148688,0.0014659240549574502,0.0018633262807289397,0.001727704920668958,0.0018034882694740045,7.518296565189426e-05,4.958032035781845e-06,0.0,0.00018379110082900768,0.0005358679443736155,0.0007666796566907322,0.000758136869784156,5.2858974004420826e-05,3.6036441160147084e-06,0.0,0.00020381746414500763,0.0007493567943151696,0.0011935402622315875,0.0008331658560529517,0.0006289445743671058,2.495690486103294e-05,0.0,0.00014688725043050048,0.0007118524552382443,0.0008335697484065593,0.001011775068908901,0.0008044397582709268,2.4836789805155133e-05,0.00010596092003953217,0.0005935315815718291,0.001154435675569518,0.0012791835570570831,0.0014099086529315847,5.619468851367392e-05,3.186904789985062e-06,0.0003846517212729199,0.001488976761998486,0.002248267810260142,0.0019324553225081825,0.0019275749550587298,8.122770648331225e-05,6.608398799305935e-07,0.00018003041832072146,0.0007726585214997441,0.0002202974362618378,0.00044362821064451534,0.0005861918251365228,0.0005180324194689261,1.5910451163256817e-05,0.0,0.0002046030964228013,0.0007162436897973778,0.0010641561834728176,0.0010472186928355367,0.0008132137779159923,3.1343143683309975e-05,0.0,0.00018956344022794244,0.0006736931696888752,0.0009760089049603589,0.0008187438181599234,4.4275451420880106e-05,3.83276679446262e-06,0.0003704993075484399,0.0015160169058854942,0.0016830688497776888,0.0022742228962351857,0.0017753671076558405,8.238992368703688e-05,3.4890652825486353e-06,0.0003381071273973252,0.0015076584739272874,0.0018447371433635684,0.002273510829887584,0.0016613996733094382,6.429862276794969e-05,3.3601849459360425e-06,0.0003336338114082423,0.0012292510842973447,0.0020038622718729295,0.0024101924105979777,0.0018772384431193967,7.233624734735526e-05,4.620219713817819e-06
0.00026745777059056854,0.001098473653647916,0.001722268982233983,0.001506109056385893,0.0010575434950659145,5.769897552893992e-05,3.688425120592092e-06,0.00031751347860862214,0.0009237336391406846,0.0016758189420566505,0.0017246564386494518,0.000977152079176096,4.747900234417742e-05,2.565001016298639e-06,0.00019601408227851202,0.0009890225339015798,0.0015269474855416658,0.0013560724917797418,0.001029169053094943,0.0008008829204271567,2.259103744203723e-06,0.0002422854442321319,0.0008641162474289028,0.0014022660036477027,0.0013319689962595156,0.0013697698129619467,4.85186795277015e-05,9.042912718536739e-07,0.00013884333551687759,0.0006284334233576147,0.0010607892969277872,0.001455636635232207,0.0009532402257792013,1.7747106039185216e-05,1.3146395489255815e-06,0.00019650738191326271,0.0008095598590677002,0.0016444019906862487,0.001656536471234994,0.0014264845103912516,5.26864198128055e-05,1.3998486400499503e-06,0.0,0.00010149294487356414,0.0004122592744411152,0.0006296235258777569,0.0006552904420320263,0.0004746712366945944,2.5006251532374516e-05,0.0002658512689631286,0.0008854806555203731,0.0017724302488356695,0.0014128312368204728,0.0010728327469581537,6.079236901439026e-05,2.718180421742836e-06,0.0,0.00012285135507967066,0.000502897374830759,0.0006237786129572304,0.0006224866625215363,0.0004933824622157304,2.3611150646152994e-05,0.00023278491968716132,0.0009947481233685822,0.0016887503246166347,0.0013790569925270875,0.00031878765973968265,0.0002831818165538829,9.359868772903184e-06,0.00027373247678972055,0.0010485940775906146,0.0013047873320602907,0.0016668082492942266,0.0010527526149334905,0.0006845380969957839,3.183180122065006e-06,0.0,0.00010120762040029092,0.0004648058942140535,0.00016822839501395487,0.00022425600696606224,0.00023691375589684544,8.502789223060886e-07,0.00020802028130301715,0.0010277013759771364,0.0013265118357906954,0.0014103807909381235,0.0010254076670537524,1.5184450415104893e-05,2.4774380872628153e-07,0.0,0.00012366061136422546,0.0004623143951470661,0.0005772532018886084,0.0005001156289277496,1.1867390639948354e-05,1.0463552947095422e-06,0.00024968238785983495,0.0010168863275616521,0.0013077074640549897,0.0015763856617916866,0.001305803210946615,4.857625967702454e-05,3.1899136321602024e-06,0.0,0.00010274340122830864,0.0005384578463997722,0.0007502086126139198,0.0005944165182312271,0.0004379438182766824,2.073631519380276e-06,0.0,0.00011370749729753857,0.00038319865775186736,0.0006898963249639359,0.0007412499542639937,3.268397747583509e-05,2.699737979442982e-06,0.0002324190786622522,0.0008551169114386849,0.0013099396817008108,0.0013597054295551919,0.001339244911492412,4.921517546080833e-05,3.6155667652210004e-06,0.00022833234838291213,0.0010396767434594969,0.0013430953559529235,0.0012619311691442682,0.001332352786387469,5.531070770226483e-05,3.621689467988515e-06,0.0,0.0001276392928802634,0.0003799744691696392,0.0005527169984956973,0.0005541711485632852,3.850419218615982e-05,2.608726388027371e-06,0.0,0.0001415475945163006,0.0005313013047657156,0.0008604451651035932,0.0006091324297729335,0.0004655436463113746,1.847137429415783e-05,0.0,0.0001020104313456944,0.0005046767378706941,0.00060081117398351,0.0007393536447140607,0.0005951196155771446,1.8372193198220734e-05,7.358693291293397e-05,0.00041866561908468963,0.000827591195832162,0.0009298899746390617,0.0010375125838063784,4.120624040138551e-05,2.3239525864636945e-06,0.0002671398477457965,0.0010558105328048095,0.0016201378526373054,0.001411146409290653,0.0014241389651327868,5.979529119016318e-05,4.7141546414449914e-07,0.00012502774429337711,0.0005461497191471909,0.0001554286215311328,0.0003175245566272035,0.0004257133627749114,0.00038129834064582423,1.1719892442975578e-05,0.0,0.00014209311225344112,0.0005078533613871246,0.0007670674505016614,0.000765325267848214,0.0006017000030369036,2.3191470922432813e-05,0.0,0.00013164814122505763,0.00047768172199561817,0.0007035233475548686,0.0005983744701291914,3.224986476132917e-05,2.7748117636806415e-06,0.00025731047503498185,0.0010748246249718532,0.0012128440848074534,0.0016606861336923109,0.0013115496831343978,6.064310314639125e-05,2.5528986493947426e-06,0.0002348149911012487,0.001069428456789556,0.0013299954890739966,0.001661202191486409,0.0012280552858033214,4.734359678723608e-05,2.458602336085148e-06,0.00023170893643439136,0.0008718857054755792,0.0014444772334904503,0.0017605513524257454,0.0013869154258294252,5.320039083447968e-05,3.37290112873292e-06
0.00018574699956365128,0.0007790386403505235,0.0012412871168023013,0.001099969754915981,0.0007812881783682841,4.246429692800641e-05,2.6956717952125203e-06,0.00022051036600164754,0.000655266765203271,0.0012081694738035145,0.0012600243616665745,0.0007221511102295255,3.495935930991095e-05,1.8763260383056903e-06,0.00013612912333398598,0.0007008805015104394,0.001099566635337621,0.0009894635282495978,0.0007595767583418616,0.0005973790171413539,1.6513698333091233e-06,0.0001682650134942676,0.0006128394624228759,0.0010106857847699676,0.0009728316614033298,0.0010119871699889459,3.573082513179484e-05,6.548810192469955e-07,9.642385727764291e-05,0.0004447021710399725,0.0007626497159411566,0.001060596507588971,0.0007027265772239307,1.2889743909210599e-05,9.471303989181868e-07,0.00013647200281445738,0.0005737170649000876,0.0011840902892033874,0.0012085678693680563,0.0010526280883399234,3.8729834709058696e-05,1.008788485075117e-06,0.0,7.048436968414286e-05,0.00029218197244395856,0.0004535688821236965,0.00047856035741260277,0.0003509049879737339,1.8475874440238896e-05,0.00018463174771420413,0.0006282145908166846,0.001277867389291618,0.001032150267824936,0.0007927807707976145,4.476176860148361e-05,1.9883127421452517e-06,0.0,8.531724615268973e-05,0.0003564335092700554,0.00044937085475020637,0.0004545955252263915,0.0003647231452845424,1.744713203008011e-05,0.00016166672082709252,0.0007053348054550348,0.0012166544359588933,0.0010067506127027653,0.00023366964659045998,0.00020932598207743232,6.9118086456114235e-06,0.0001901045970922411,0.0007436699178238577,0.0009402592720236092,0.0012169094665931172,0.0007773118782122638,0.0005107092635974866,2.3273986157388254e-06,0.0,7.0286074386201e-05,0.00032954225024586174,0.0001202355220487808,0.00016238757058637616,0.00017386428699520993,6.123685097878055e-07,0.00014446761647677575,0.0007284266250378537,0.0009554821558853975,0.001029584134388091,0.0007573471555762262,1.105527608756353e-05,1.7364944743361996e-07,0.0,8.587904710753358e-05,0.00032776003723341066,0.0004161253787856301,0.00036562908679845413,8.556638382441147e-06,7.512318510568284e-07,0.00017340145830459125,0.0007208045427181231,0.0009419269509041352,0.0011504794587665244,0.0009638240766234615,3.570520724973474e-05,2.3274331749493e-06,0.0,7.135274320061969e-05,0.00038171071631833885,0.0005407200268490976,0.0004344009651059215,0.00032403788707421416,1.5034330222430773e-06,0.0,7.896682088498973e-05,0.00027152400617783254,0.0004969526821344819,0.000541401829340802,2.3801081924923647e-05,1.9528694202681092e-06,0.00016141274819737183,0.0006063861861898797,0.0009439195303706043,0.0009927198276313003,0.0009890034175385409,3.620906207866071e-05,2.6425985087479902e-06,0.000158574412671252,0.0007371921919508362,0.0009677511730612657,0.0009213056032539801,0.0009837797977915502,4.068427593045218e-05,2.6456994001562923e-06,0.0,8.864220820607325e-05,0.0002693713870979688,0.0003983190752892852,0.00040488879470165973,2.804403459124734e-05,1.8885915265866262e-06,0.0,9.83013904588364e-05,0.00037661192662944457,0.0006200800397843844,0.00044512717669606167,0.00034439740512217016,1.3666636275956957e-05,0.0,7.084370036813627e-05,0.0003577159260429006,0.000432887153689452,0.0005400303116604695,0.00044001866508246905,1.3585776511647328e-05,5.110375016339264e-05,0.000295278265959379,0.0005931063876493046,0.000675697387377021,0.0007630961502999157,3.0210707331657093e-05,1.6947206696286492e-06,0.00018552570359497481,0.0007484820799854423,0.0011670691977022415,0.001030001043847118,0.001051627903430865,4.400968301476469e-05,3.3639760097577714e-07,8.682865392127167e-05,0.0003859764389592831,0.00010965895825990559,0.00022721423761139039,0.00030904737619997326,0.0002805085087511772,8.630419144981025e-06,0.0,9.868018735859778e-05,0.00036001151101534287,0.0005527162056326124,0.0005590514012231672,0.0004449486263040271,1.7154137316597284e-05,0.0,9.142629232069547e-05,0.0003386225234912358,0.0005069253525547649,0.00043711398649760457,2.348742599443834e-05,2.0089828549515657e-06,0.00017869899351091105,0.0007618509524113437,0.0008736714479431843,0.0012121192087370732,0.0009683929087599258,4.462809478690732e-05,1.8679699492428555e-06,0.00016307660050579896,0.0007583937994650254,0.0009585240730498178,0.001213239859083284,0.0009072547264114415,3.485307711678273e-05,1.7989915097586057e-06,0.00016091985817890406,0.0006182626931228736,0.0010408587757847988,0.0012854250372977866,0.0010241245226210987,3.912062484698759e-05,2.462502667849316e-06
0.00012899816955807414,0.0005523641871972574,0.0008943035782196137,0.0008029878620456023,0.0005768952328538722,3.1246570737589255e-05,1.970230916491067e-06,0.00015314081886263228,0.00046471275925770737,0.0008706990029905036,0.0009201463317707563,0.000533414408471736,2.57362187273047e-05,1.372610045138756e-06,9.453887811401998e-05,0.0004965764341686923,0.0007915281656716452,0.000721650071204715,0.0005603191668914536,0.0004453226720742209,1.2072883995346078e-06,0.0001168572047170556,0.0004345285894670626,0.0007281872690600573,0.000710206872038633,0.000747265709685212,2.6308206516421e-05,4.7436383082008183e-07,6.696383291006373e-05,0.0003146272220085112,0.0005481241370945982,0.0007724382075174045,0.0005177882207379114,9.362591533827378e-06,6.824609463725907e-07,9.477716845240562e-05,0.00040649053379630655,0.0008523331694856627,0.000881357147045562,0.0007763602466595674,2.846562039629346e-05,7.271659150279507e-07,0.0,4.8949306559301756e-05,0.0002070340558409707,0.0003266266300627081,0.0003493352967987545,0.00025926782315292276,1.3646805405223903e-05,0.00012822390573880179,0.00044558511305161806,0.0009209626610832697,0.0007536995160317464,0.000585525951148478,3.2952187689208683e-05,1.4544853046361754e-06,0.0,5.9250289747846664e-05,0.0002525705954034992,0.0003236125085357584,0.0003318361445594603,0.00026946726491425727,1.2888386515089594e-05,0.00011227464832471243,0.0005000075752674665,0.0008762216083464063,0.0007346295119052046,0.00017122752507517483,0.00015467343086353975,5.103015441118021e-06,0.00013202437309071447,0.0005272908067484119,0.0006773276480983083,0.0008880526459721092,0.0005736445741191694,0.00038079902086574953,1.7019222222421188e-06,0.0,4.8811512766486265e-05,0.0002335894175336618,8.591958904648401e-05,0.0001175498208718968,0.000127533790093528,4.410825793683699e-07,0.0001003299931487724,0.000516187141681529,0.0006879854300383222,0.0007512639781669077,0.0005590686153116585,8.049454648232106e-06,1.2173547291052425e-07,0.0,5.964032363245407e-05,0.00023231521193706225,0.00029986273127299254,0.0002671803547802799,6.169894373659949e-06,5.393863976655295e-07,0.00012042399413155467,0.0005108161444777524,0.0006782183937151437,0.0008392745756201222,0.0007110461624160549,2.6240434902398985e-05,1.698272998157252e-06,0.0,4.9552344328663634e-05,0.00027053316539201074,0.0003895868631051555,0.00031731327644150115,0.00023962284053462188,1.0901689398874267e-06,0.0,5.483996892274417e-05,0.00019235353637280525,0.000357842698520914,0.00039525322812408026,1.7330026214288097e-05,1.4127029454803793e-06,0.00011209832685200456,0.00042990381577671846,0.0006799264326586813,0.0007244618434094429,0.0007299811268221714,2.6635392922575148e-05,1.9315527106604206e-06,0.00011012707045619962,0.0005225913717002178,0.0006970502239334263,0.0006723240343820636,0.0007260298016340713,2.9920565312811182e-05,1.9328327635571028e-06,0.0,6.155929420671182e-05,0.0001909202081825146,0.0002869478034421068,0.00029568403918551936,2.042277394141012e-05,1.3673147126100895e-06,0.0,6.826742973506915e-05,0.0002669016322510209,0.0004466989668420865,0.0003251273740858718,0.00025463397455454556,1.0108306065641912e-05,0.0,4.9198821544641865e-05,0.000253494143485279,0.00031178567660768223,0.0003942633716973434,0.0003251617737498631,1.00430622922681e-05,3.5489706987350524e-05,0.000208227630971957,0.0004249361581073532,0.0004907941815698907,0.0005609881034374059,2.214560085877696e-05,1.2358886248371306e-06,0.0001288441930261875,0.0005304905959333396,0.0008404009042471762,0.0007514691710169707,0.000776150289289979,3.238518823901592e-05,2.4012752062848974e-07,6.029989373628539e-05,0.00027273278425848306,7.73658251420168e-05,0.00016255363750668165,0.00022426802207039755,0.00020625555627835424,6.353422653539617e-06,0.0,6.853046296065387e-05,0.0002551514231391695,0.0003981213141708866,0.00040818700824300265,0.00032885149147009673,1.2684247973186448e-05,0.0,6.349277950757753e-05,0.000239992010595207,0.00036513575063655437,0.0003191667900846686,1.7103468276658978e-05,1.4545833146656498e-06,0.0001241029841223886,0.0005398892906141251,0.0006291235608063527,0.0008843236502188943,0.0007146509719099652,3.2836233547536286e-05,1.3668324831144314e-06,0.00011325379386087512,0.0005376946222389716,0.000690554059875235,0.0008856753677736347,0.0006699052232321372,2.5653087995340042e-05,1.3163846270899213e-06,0.00011175619509452434,0.0004383133565163381,0.0007497489087825431,0.0009381037962182441,0.0007558454036990178,2.876252025112436e-05,1.7979557393039758e-06
8.958622773494363e-05,0.00039155477555876376,0.0006440853881022854,0.0005859301301905307,0.0004257555782511471,2.2988026860526357e-05,1.4400858114060005e-06,0.00010635277973940193,0.00032949552729037105,0.0006272663645101902,0.0006716471955053174,0.00039380132767432327,1.8942782772221054e-05,1.0041561062437143e-06,6.56547561769421e-05,0.00035175123051605316,0.0005695904353040266,0.0005260996818503024,0.00041312645145092025,0.0003317791544847199,8.827366527227136e-07,8.115459892226596e-05,0.0003080281490824335,0.0005244637631511135,0.0005182512288120887,0.0005515091731172016,1.936654504053311e-05,3.4367844410259166e-07,4.6504294286392666e-05,0.00022255789567386544,0.0003938169551683174,0.000562338805472668,0.0003813331556627959,6.801102440266124e-06,4.918236551787398e-07,6.5820339517422e-05,0.0002879453557424867,0.0006133182083436077,0.0006424631249325289,0.0005723173357491646,2.091809065508614e-05,5.242981162752933e-07,0.0,3.3993631686054895e-05,0.00014666898731709632,0.00023513095287516065,0.0002548916103944631,0.00019145880141705913,1.0076890216369353e-05,8.904866990904321e-05,0.0003159733843006451,0.0006635019488031292,0.000550124429792712,0.0004322312536722858,2.425372947026177e-05,1.0640187878138146e-06,0.0,4.114730898360928e-05,0.00017893483394585674,0.00023296759059783834,0.00024211967288417332,0.0001989834399505335,9.517890197636285e-06,7.797203155555905e-05,0.0003543726499419425,0.000630826292327187,0.0005358290569474657,0.0001254343095172416,0.00011424729266295755,3.766817500386512e-06,9.168781244451236e-05,0.00037378397860710446,0.0004877502489781682,0.0006477859753545533,0.000423130096323357,0.00028377185438768716,1.2446949559292203e-06,0.0,3.3897890203205656e-05,0.0001655390961660734,6.138730330923801e-05,8.506574795345355e-05,9.35060317871694e-05,3.1774574082489913e-07,6.967665020195581e-05,0.00036570777379731767,0.00049520534157485,0.000547940316544789,0.0004124886420288235,5.861191610126674e-06,8.535614313126794e-08,0.0,4.1418104693151015e-05,0.00016462853299603698,0.0002160056689195645,0.00019514905529066653,4.44914154639199e-06,3.873079568678482e-07,8.363142827248537e-05,0.0003619235655003067,0.0004881708110576896,0.0006119876209123453,0.0005243033112775609,1.9281492734837517e-05,1.2392727607853918e-06,0.0,3.441240826459136e-05,0.00019169596363232031,0.00028059604294812464,0.00023167961497147475,0.00017710101260811207,7.905999050794005e-07,0.0,3.8084410670736454e-05,0.00013623930761693517,0.00025758407622424257,0.0002884272580305461,1.2616565545166393e-05,1.022003998534796e-06,7.784961410626786e-05,0.0003047156708688678,0.000489594352317074,0.0005284645969558055,0.0005385257203796178,1.958947925553905e-05,1.4118861734915981e-06,7.648057605720374e-05,0.00037037879056570994,0.0005018941993276057,0.0004904164677292964,0.0005355422220462053,2.2000732172927704e-05,1.4121137571610869e-06,0.0,4.275078605608837e-05,0.00013528775223180505,0.00020664365231050426,0.00021583643120252417,1.4870629537164906e-05,9.899607500334446e-07,0.0,4.740942768058344e-05,0.00018911028335830604,0.00032168345562376557,0.00023736934574058015,0.00018816339656883838,7.473944636979387e-06,0.0,3.4166894283745016e-05,0.00017959944588623853,0.00022448443862736905,0.000287714359846704,0.00024015664583385135,7.421751890276767e-06,2.4646203709126476e-05,0.00014682151286957374,0.00030436348979507097,0.00035635042276997855,0.0004122126024094174,1.62308509113952e-05,9.012983755538479e-07,8.947912666523202e-05,0.00037590494775756783,0.0006049589201550564,0.0005480209900563499,0.0005725436289391456,2.3826491668311504e-05,1.7146259335181123e-07,4.187620947348558e-05,0.0001926831021377561,5.458161603762971e-05,0.00011626886485185661,0.00016268525067240217,0.00015158242759345745,4.675754574997544e-06,0.0,4.7592077965207594e-05,0.00018079480081029318,0.00028666660281469257,0.0002979015939637261,0.00024291542860109243,9.375971385605805e-06,0.0,4.4093538324492526e-05,0.00017005296360576058,0.00026291379270504547,0.00023294129914895197,1.245296738990057e-05,1.0532191716336437e-06,8.618636698305425e-05,0.0003825118033684053,0.0004528690176031793,0.0006448962393482014,0.0005271289546704675,2.4155438046128953e-05,1.0001545404060801e-06,7.865202986167674e-05,0.000381134080250286,0.0004973228512174556,0.0006462653517397671,0.0004943963770256016,1.8877968677047784e-05,9.632667339017634e-07,7.761211114757397e-05,0.00031066896780309,0.0005398673920282445,0.0006843303221761265,0.0005575649830255735,2.114347975863717e-05,1.3128272620334514e-06
6.221506888002682e-05,0.00027750006753913034,0.00046371556830059545,0.0004273618026417624,0.0003140553458097093,1.6909094974854306e-05,1.0526351109093699e-06,7.385898425479584e-05,0.00023356944992851387,0.00045173500645776833,0.000490045390825611,0.0002905829669139266,1.3939880652669154e-05,7.34628272327448e-07,4.559517651578125e-05,0.00024911239293616327,0.00040974562399313466,0.00038337887166159514,0.00030445199761764845,0.00024704615965484686,6.455053084794765e-07,5.635953773215551e-05,0.00021830613008357082,0.00037760468136634396,0.0003780145504039689,0.00040682984436310536,1.4253596055135764e-05,2.4904685318391763e-07,3.229559360315685e-05,0.00015740254345787298,0.0002828623320519386,0.0004092203724314277,0.0002807037176982386,4.9407229249843596e-06,3.5448936295628327e-07,4.5710225101630154e-05,0.00020392925502573295,0.0004411822910891044,0.00046812746490380207,0.0004216968525494799,1.5369092270352557e-05,3.781215856996548e-07,0.0,2.360730077778431e-05,0.00010388323330533158,0.00016920823315123645,0.00018590032822072945,0.0001413105612523756,7.438606608580496e-06,6.184183740121257e-05,0.00022401168937437454,0.0004778486428899347,0.00040136125108867273,0.0003189098372655991,1.7847959822211508e-05,7.783980217994038e-07,0.0,2.857525767239573e-05,0.0001267410737379388,0.00016765600661288965,0.00017658284787847042,0.00014685914617046402,7.026686014044846e-06,5.414928461034853e-05,0.0002511014017662261,0.00045400288631949594,0.0003906608757077753,9.186108173882904e-05,8.435608059715339e-05,2.7799318119623054e-06,6.367453423359557e-05,0.0002649077783163317,0.0003511135886030658,0.0004723251127236908,0.0003119557186991817,0.00021134860899223908,9.104067547056485e-07,0.0,2.3540783919107984e-05,0.00011728863212602853,4.385234907032851e-05,6.153949850832066e-05,6.852640522321201e-05,2.289230632017497e-07,4.8388324206642095e-05,0.0002590417209049735,0.0003563237121104038,0.00039947381669262186,0.0003041868696638142,4.267999144912992e-06,5.985866717716016e-08,0.0,2.876327485530216e-05,0.00011663823270332113,0.0001555449338719689,0.0001424724739326657,3.20845568185438e-06,2.78126590559234e-07,5.8079495753898535e-05,0.000256375866983687,0.00035125930335952883,0.0004460657291674932,0.00038641743346567667,1.416572141372246e-05,9.043834187293111e-07,0.0,2.3898118048381163e-05,0.00013580453904871965,0.00020202628466115075,0.0001690806260950736,0.00013082158976228812,5.734149939451315e-07,0.0,2.6448143377582845e-05,9.647558439965607e-05,0.00018535280986553467,0.00021038104640456407,9.183774924319714e-06,7.393949834812115e-07,5.406428870827188e-05,0.00021593487224241107,0.00035242144652693067,0.0003853294081219128,0.00039708813203767737,1.4404794800958185e-05,1.0320667047686987e-06,5.3113504181470104e-05,0.0002624432035624908,0.0003612534062056875,0.0003575750862136808,0.0003948392167933186,1.6174356499251944e-05,1.0317248754090116e-06,0.0,2.968878443100585e-05,9.584594912220153e-05,0.00014876207015297228,0.00015748188278785712,1.0826374866059683e-05,7.16777923147564e-07,0.0,3.292407617447249e-05,0.00013396408730454243,0.0002315755888591662,0.00017322149652086936,0.0001389700823238508,5.524291537720124e-06,0.0,2.3727615255955112e-05,0.00012721900702654474,0.00016157291306483247,0.00020986869247423045,0.0001772806854536371,5.482841568870016e-06,1.7115751343593503e-05,0.00010351113805123205,0.00021794272904457416,0.0002586364965796432,0.0003027516899513374,1.1893810288183824e-05,6.572999962185135e-07,6.214059305664138e-05,0.0002663087257232644,0.0004353300278506683,0.0003994846105948883,0.0004221386956252243,1.7526205899111235e-05,1.2247109361161052e-07,2.9081443678716977e-05,0.00013610738737899295,3.850667092913101e-05,8.314540299640844e-05,0.00011796993837946558,0.0001113475076328501,3.4400464768193643e-06,0.0,3.305090989161422e-05,0.00012808043370983083,0.00020634351480501592,0.00021731860629577396,0.00017934146973392143,6.928257635118208e-06,0.0,3.0621282618099296e-05,0.00012047048450409496,0.00018924509677824717,0.0001699359713640943,9.065675035067591e-06,7.626316610108876e-07,5.985380767825694e-05,0.0002709525682608089,0.0003258832460847709,0.0004700947777284669,0.0003886198185593905,1.7766084187222995e-05,7.318510882993277e-07,5.4621526564725814e-05,0.00027009967580253686,0.00035803805222939423,0.00047136788100434103,0.00036468651730065194,1.3889496230024047e-05,7.04884018185177e-07,5.389940734146213e-05,0.00022014843036246128,0.000388606043276729,0.0004989945454395115,0.00041109757971076124,1.554005804638232e-05,9.586490459103675e-07
4.3206304099167044e-05,0.0001966255865975405,0.00033374393211032627,0.00031157509707344956,0.00023154690719498863,1.2435317586732227e-05,7.694541415365929e-07,5.129263219712803e-05,0.00016553392394417317,0.00032521235996936987,0.0003573932898715208,0.00021431284614320596,1.0256262698143386e-05,5.374568477343031e-07,3.1664240575238476e-05,0.00017638749821524994,0.0002946624840574641,0.0002792614928176164,0.00022425767018945203,0.0001838513706363154,4.720763178477736e-07,3.913982797155717e-05,0.0001546848368856525,0.0002717768467726572,0.0002756090965293166,0.00029995751199002774,1.0488343436984367e-05,1.805071300823363e-07,2.2428042329677625e-05,0.00011130243891070228,0.00020310675008145378,0.00029767695166415576,0.0002065319778655979,3.5894358996431417e-06,2.5553933857596584e-07,3.174417024099272e-05,0.0001443980762863562,0.00031725582707746306,0.00034096018803223823,0.0003105689216961001,1.1290097361087266e-05,2.7276586442844706e-07,0.0,1.639431311145885e-05,7.356405103659599e-05,0.00012172787302729657,0.00013552528136709973,0.00010424402944120173,5.489417431153106e-06,4.2947157570760985e-05,0.00015877939234247053,0.0003440251870234113,0.0002927021627584488,0.0002351829891444807,1.313145988479282e-05,5.694607987821758e-07,0.0,1.9844355770619906e-05,8.975375085280668e-05,0.00012061449577483513,0.0001287309516059512,0.00010833353098386092,5.185949285749092e-06,3.7604850744702456e-05,0.00017788779599689923,0.00032663601040045285,0.00028470391066010817,6.725431265571194e-05,6.226294684266671e-05,2.051185674734572e-06,4.4219839951310855e-05,0.00018770467498083928,0.0002526695295303793,0.00034424783963342485,0.00022988165927939738,0.00015732255272868904,6.659666901382158e-07,0.0,1.6348103649794954e-05,8.308480112063993e-05,3.1321028551966e-05,4.450639420134934e-05,5.019778126481148e-05,1.649478227803235e-07,3.360402238462495e-05,0.00018344944296720504,0.00025630736559578997,0.00029111319935878584,0.00022421005873847813,3.1079793180648127e-06,4.1985046277364925e-08,0.0,1.9974902775415993e-05,8.262043791516658e-05,0.00011196908908857777,0.00010396861962718586,2.3138469921724262e-06,1.99736521474404e-07,4.033420717227081e-05,0.000181571678988495,0.0002526627726482656,0.00032499505281398665,0.0002846586757045549,1.0405513539939817e-05,6.60027129385994e-07,0.0,1.659626966622187e-05,9.618932055540573e-05,0.0001454074977824396,0.00012334184166005454,9.658468143862562e-05,4.1593632617067874e-07,0.0,1.8367134280339956e-05,6.830419898900468e-05,0.00013333249942788078,0.00015338765414113652,6.68402828111147e-06,5.349591863758712e-07,3.7545835197460495e-05,0.00015298824355090067,0.00025359657223420693,0.0002808460653787073,0.0002926559923285406,1.059034735624138e-05,7.5444587408776e-07,3.6885531322842795e-05,0.00018592279602041998,0.00025993637207110065,0.0002606089433071737,0.0002909634813694379,1.1888797250919017e-05,7.538313136904204e-07,0.0,2.061763882807152e-05,6.788911098298197e-05,0.0001070574126517584,0.00011485487807937795,7.880878045499133e-06,5.18999047654684e-07,0.0,2.2864440937546848e-05,9.48797112397411e-05,0.00016665201845106575,0.0001263540485594711,0.00010258401544901469,4.081868808642293e-06,0.0,1.6477860914147034e-05,9.009720494306217e-05,0.00011625362503416277,0.000153020203199251,0.00013079906726349297,4.049154998891888e-06,1.188613062501086e-05,7.29679198382478e-05,0.00015601851189862083,0.00018764660499386775,0.00022225617098511278,8.714156485765094e-06,4.793605046011663e-07,4.3154526855946376e-05,0.0001886263880907915,0.00031316149445502934,0.0002910876670502588,0.0003110928885615761,1.2889278066949534e-05,8.750499497865487e-08,2.019587678800332e-05,9.612877803672528e-05,2.7165519644727962e-05,5.9446110360028326e-05,8.551464197694922e-05,8.175328760244505e-05,2.5301491983597638e-06,0.0,2.2952515996510642e-05,9.071747379727568e-05,0.0001484772794882232,0.00015846576042350216,0.0001323370558076931,5.117861534678314e-06,0.0,2.1265225147408476e-05,8.532740068762924e-05,0.00013617316450098828,0.00012391908026982982,6.5987985260473595e-06,5.522363494227845e-07,4.1566396547955186e-05,0.00019189013440382271,0.00023442712589675428,0.00034253267877159947,0.000286366794124879,1.3064188659544119e-05,5.355247764949119e-07,3.793280864652023e-05,0.00019137151955498911,0.0002576758349256178,0.000343657673567058,0.00026887543685836016,1.0217202011423281e-05,5.158143717625211e-07,3.7431363905560214e-05,0.00015596985173334552,0.00027963202234130343,0.00036370146084376784,0.00030296023880283863,1.141967707272337e-05,7.000553585734054e-07
3.0005185254982136e-05,0.00013929192539979381,0.00024012204363161262,0.00022706534203451116,0.00017063299436162574,9.143445093025566e-06,5.624711756043728e-07,3.562085046400732e-05,0.00011729111007421823,0.00023404825328967032,0.0002605406035401343,0.00015798492032047994,7.544538580057181e-06,3.9321166991374344e-07,2.1989590433060746e-05,0.00012486922056461234,0.00021183493544158416,0.000203338887653546,0.0001651096944005594,0.00013674775349716229,3.4527385597840265e-07,2.7181165341318656e-05,0.00010958180416500858,0.0001955438797272302,0.0002008627234395895,0.00022105372165744647,7.716109196080092e-06,1.3085451901671537e-07,1.5575345822576476e-05,7.869077227021088e-05,0.00014579586867904249,0.00021645399635550813,0.00015188892847477957,2.6078528855464105e-06,1.842347891468265e-07,2.2045117294068613e-05,0.00010222523295752764,0.00022806771269119765,0.00024823934605567623,0.00022861984043541248,8.292186083091723e-06,1.9681170201719935e-07,0.0,1.1385144664162631e-05,5.208360347778352e-05,8.754243539195434e-05,9.875971558581574e-05,7.68616227216329e-05,4.049772674810729e-06,2.9825246694476465e-05,0.00011251840592022645,0.0002475969910389239,0.0002133714602966481,0.0001733542226623424,9.659408304116481e-06,4.166130822382075e-07,0.0,1.3781049632843473e-05,6.354812901161475e-05,8.674408284753243e-05,9.380743235768782e-05,7.987431011281111e-05,3.826256141142509e-06,2.611516308356302e-05,0.00012599513825153614,0.00023492515101512933,0.0002074009085192161,4.922468971756761e-05,4.5939700116182925e-05,1.5131658349511442e-06,3.070904015547489e-05,0.00013297329010717923,0.00018176766105110293,0.0002507990548878138,0.00016932151543740787,0.0001170439060662117,4.872023207576713e-07,0.0,1.1353044806913411e-05,5.8843678130675886e-05,2.2367057661064492e-05,3.217827164772542e-05,3.6755593778877205e-05,1.1886340130344398e-07,2.333671664171451e-05,0.0001298902865140394,0.00018430529268928303,0.0002120595817883076,0.00016518105293589417,2.2633090563744824e-06,2.945359122856456e-08,0.0,1.3871695420720255e-05,5.851227966733989e-05,8.057406474507755e-05,7.583757064966215e-05,1.6687431625714316e-06,1.4344999164304033e-07,2.801057445305819e-05,0.00012856780102357145,0.0001816834843314228,0.0002366901067876718,0.000209599296767548,7.64211506134205e-06,4.817167660356869e-07,0.0,1.152539233925694e-05,6.8116592762798e-05,0.00010462166184518876,8.993763903219767e-05,7.127089739390589e-05,3.017355300071458e-07,0.0,1.2755167355286603e-05,4.8349778633348194e-05,9.588104010818247e-05,0.00011178706216919295,4.8639730827924916e-06,3.8706433324868265e-07,2.607418549598436e-05,0.00010836852926423817,0.0001824244199168412,0.0002046106753885818,0.00021558681255661802,7.784503399812675e-06,5.515158287034422e-07,2.5615619816960626e-05,0.00013168629540055902,0.00018697386500627443,0.0001898606932583905,0.00021431494167347526,8.737123004929286e-06,5.508049052816556e-07,0.0,1.4318052095294943e-05,4.8077268271264606e-05,7.70191779108469e-05,8.373077724265377e-05,5.735916454451626e-06,3.7580448923573117e-07,0.0,1.587837285076319e-05,6.718499234694318e-05,0.00011989067619673742,9.212780480472518e-05,7.568588772861198e-05,3.0150727501613557e-06,0.0,1.1443161703934035e-05,6.379478045619348e-05,8.36186783938081e-05,0.00011152408904140145,9.64559012585366e-05,2.9893931806737575e-06,8.254368602501435e-06,5.143108119531261e-05,0.00011165972458563158,0.00013609228004961933,0.00016308989687925969,6.383415892141631e-06,3.4959264124320073e-07,2.9969195314539922e-05,0.00013357700116130744,0.0002252052292751519,0.00021201777474886364,0.00022914883200485695,9.47722026228258e-06,6.254107656139026e-08,1.402516316195456e-05,6.788292050323705e-05,1.9164282665767384e-05,4.2493373733341605e-05,6.196679099978021e-05,5.999671609761346e-05,1.8603633751347371e-06,0.0,1.5939533822395997e-05,6.424105284533635e-05,0.00010680407980639775,0.00011550272346429099,9.760271558947e-05,3.7792912509759283e-06,0.0,1.476777531124645e-05,6.0424073928888025e-05,9.795288719404753e-05,9.032519348539187e-05,4.802483378267423e-06,3.998963302171265e-07,2.88662779071e-05,0.00013587057301382903,0.0001685828940130493,0.00024948439962763167,0.0002109182909779449,9.604746377689288e-06,3.918638052704332e-07,2.6342918629131862e-05,0.00013556265941884918,0.00018538534160309983,0.0002504453414833922,0.00019814075243871441,7.514333079040082e-06,3.7746030060348755e-07,2.5994708707390542e-05,0.00011047796267847263,0.00020115119429454432,0.00026498262455612565,0.0002231627923775262,8.390319256619523e-06,5.11237937361634e-07
2.0837401467870203e-05,9.865594045006661e-05,0.00017270738156935247,0.00016541075338524715,0.00012568468342047157,6.721682715913105e-06,4.111759787945637e-07,2.473726132960042e-05,8.309076689027689e-05,0.00016838450844407527,0.00018985721845792388,0.00011640631941416513,5.548664357360352e-06,2.876824545349071e-07,1.5270858223957268e-05,8.838129047911292e-05,0.00015224241633779795,0.00014799938145708524,0.00012150623756340859,0.00010165826601677555,2.525513791617298e-07,1.8876231296225154e-05,7.761406969756268e-05,0.00014064877598043185,0.00014632873587600248,0.00016282877156233397,5.675417109744786e-06,9.4876947523794e-08,1.0816395498125885e-05,5.5625121588907864e-05,0.00010462623486862512,0.0001573337555597904,0.0001116525240259978,1.8947761571412157e-06,1.3284443491372724e-07,1.5309430204776037e-05,7.235555320945133e-05,0.00016390182981995138,0.0001806627090721487,0.00016821783709867336,6.0892100246895585e-06,1.4204015268870398e-07,0.0,7.906469099627046e-06,3.686834770982083e-05,6.293761532397143e-05,7.193865666080666e-05,5.664401321139945e-05,2.9867916929037688e-06,2.071245820144744e-05,7.971893758356227e-05,0.0001781390052493698,0.00015547850458722646,0.00012771960324844205,7.103950217496198e-06,3.0479390527621924e-07,0.0,9.570316306929057e-06,4.4985228174574785e-05,6.236532592231205e-05,6.833055208262157e-05,5.886239944569929e-05,2.8222021475834097e-06,1.8135925415757793e-05,8.922250147013588e-05,0.00016891108239444277,0.0001510272206899039,3.601811436644095e-05,3.388395828100054e-05,1.1160362587505186e-06,2.1326195703883145e-05,9.41813903182681e-05,0.00013072001405637894,0.00018264535960776197,0.00012465805375877931,8.703168165422012e-05,3.564523165063973e-07,0.0,7.884171771946752e-06,4.16670455366325e-05,1.597026710176456e-05,2.325826711201811e-05,2.6901633026686014e-05,8.56626678991694e-08,1.6206394659268133e-05,9.195022853153143e-05,0.00013248846651801256,0.00015441163767747362,0.00012163540975999737,1.6482314794164182e-06,2.0666102117967844e-08,0.0,9.633257910336736e-06,4.143063593904804e-05,5.796293759574612e-05,5.529440794209737e-05,1.203533523360102e-06,1.0303169174931401e-07,1.9452197756561926e-05,9.101893237169517e-05,0.00013060312874944114,0.00017231080532894904,0.00015426123029436498,5.6116089920843876e-06,3.5159269266937563e-07,0.0,8.003863357539792e-06,4.8227478770394773e-05,7.52515491124608e-05,6.555272449698286e-05,5.2564900809647294e-05,2.1890929973822192e-07,0.0,8.857878370399663e-06,3.4218475508412366e-05,6.892747067211361e-05,8.143548817659131e-05,3.538985797920113e-06,2.800671356573784e-07,1.81074719011653e-05,7.674684483306661e-05,0.00013118504518865235,0.0001490100669504446,0.000158739577775052,5.720946996689073e-06,4.0317616014402544e-07,1.778901117347808e-05,9.325271850992588e-05,0.0001344487348115089,0.00013826368105304305,0.00015778514457764976,6.4197375883738466e-06,4.0246872284095146e-07,0.0,9.943234879810896e-06,3.40404142216383e-05,5.539131468086476e-05,6.1015656457876e-05,4.174135848447705e-06,2.721253640801344e-07,0.0,1.1026814984180159e-05,4.756497089352938e-05,8.6222453990961e-05,6.714447006578932e-05,5.581248920602271e-05,2.2263500591833816e-06,0.0,7.946757398273649e-06,4.5162248445545216e-05,6.0125954346252304e-05,8.124768697429404e-05,7.10948630870187e-05,2.206287704333381e-06,5.73226478498298e-06,3.624677335414367e-05,7.989254051750542e-05,9.866689502344871e-05,0.000119621739899695,4.675232908065391e-06,2.5495387417664545e-07,2.081238905370795e-05,9.457479953004915e-05,0.00016190197434333002,0.0001543650826866485,0.00016871043935348147,6.966970365505979e-06,4.471253370033164e-08,9.739840581484092e-06,4.792968458384667e-05,1.3519468786814457e-05,3.0369217564049428e-05,4.4887994687898426e-05,4.401001563020162e-05,1.3674765874708124e-06,0.0,1.1069286571108657e-05,4.548309335940223e-05,7.680285913591741e-05,8.415325249403382e-05,7.194927163974259e-05,2.7899096480818022e-06,0.0,1.0255548741910277e-05,4.278063261908043e-05,7.043763937068222e-05,6.581139837141444e-05,3.49463700571947e-06,2.8958784884952583e-07,2.0046445750019118e-05,9.618643245261146e-05,0.00012119428954299694,0.00018164070116633192,0.0001552757861108314,7.05993945438534e-06,2.8673917994301324e-07,1.829409304157848e-05,9.600962515211109e-05,0.00013333296381454687,0.00018244183103078304,0.00014594587004490277,5.525361426019584e-06,2.7621588674418195e-07,1.8052289620229264e-05,7.823894471695544e-05,0.00014465049653041695,0.00019298187222462358,0.00016430747924899946,6.1634685233895485e-06,3.7336107301468017e-07
1.4470688099235333e-05,6.986090120773824e-05,0.00012418040213839872,0.00012044947683638182,9.253391018880417e-05,4.940377315076503e-06,3.0058166663410625e-07,1.7178977562001312e-05,5.885079418159048e-05,0.00012110451752621746,0.00013829454402477842,8.573040948321534e-05,4.079954284891869e-06,2.104756897206164e-07,1.0604941659333688e-05,6.25438581446581e-05,0.00010938103836605954,0.00010767944420842654,8.937767849371494e-05,7.553335566663838e-05,1.8474214577260985e-07,1.3108738192590053e-05,5.49611774792137e-05,0.00010113249590218838,0.00010655844814090782,0.00011988465101548144,4.173536218715958e-06,6.880292178549013e-08,7.511491737361429e-06,3.9314060084849114e-05,7.506080551622529e-05,0.00011431873272643645,8.203861992526834e-05,1.3767259999325319e-06,9.580131089589531e-08,1.063173450539986e-05,5.120410317624599e-05,0.00011775315175158117,0.00013143188703866428,0.00012371891802819785,4.4706656848682256e-06,1.0253393432661661e-07,0.0,5.490672198935058e-06,2.609309064871978e-05,4.523430054699006e-05,5.238069591831452e-05,4.172426849147206e-05,2.2021624516566578e-06,1.4383930083095225e-05,5.64690234945031e-05,0.0001281251324193919,0.00011324825990050178,9.405442188409152e-05,5.22348133472854e-06,2.2298793667283434e-07,0.0,6.646135718398278e-06,3.183875104441993e-05,4.482418278704437e-05,4.9753022247229994e-05,4.335703221772895e-05,2.0809938526541887e-06,1.2594621530397522e-05,6.316989824599397e-05,0.00012140957586655972,0.00010993364266591507,2.6347229148147055e-05,2.4983300416684887e-05,8.229621501056576e-07,1.4810132077033511e-05,6.669286708934305e-05,9.397931898247396e-05,0.00013296057080851116,9.17344903015501e-05,6.468163929663931e-05,2.6081007951233596e-07,0.0,5.4751846101553945e-06,2.949865795943708e-05,1.1401099364603449e-05,1.6806168270450028e-05,1.968130520342623e-05,6.174109333204274e-08,1.1254638330082873e-05,6.507990678548764e-05,9.521050946057935e-05,0.00011239106708570601,8.952790662459403e-05,1.2003224046204075e-06,1.4502946193742693e-08,0.0,6.6898411949605184e-06,2.933007719203971e-05,4.1683719971627395e-05,4.029919362463199e-05,8.680371960953209e-07,7.400610774095155e-08,1.3508707904391319e-05,6.442416439588406e-05,9.385526355390158e-05,0.00012539417828333872,0.00011348253987922182,4.119871258309049e-06,2.5662762173472166e-07,0.0,5.558307122868693e-06,3.413923281800946e-05,5.410921900307188e-05,4.7759722567014964e-05,3.874926225720132e-05,1.5883148089466518e-07,0.0,6.151375757380486e-06,2.4212953338359476e-05,4.9535631824247157e-05,5.9300780674466856e-05,2.57454358350097e-06,2.0265428925451635e-07,1.2574863964481092e-05,5.4341589130744995e-05,9.430842099774097e-05,0.00010847601963852294,0.00011682891154191049,4.203587116866354e-06,2.9473800137542417e-07,1.2353703540194117e-05,6.602335700621698e-05,9.664903490203444e-05,0.00010064956709392716,0.00011611363624325517,4.7161017460191995e-06,2.9408616893564824e-07,0.0,6.905107062969694e-06,2.4097236974182234e-05,3.9824288843687355e-05,4.444484957042354e-05,3.0371402406231155e-06,1.970543208760762e-07,0.0,7.657607149832944e-06,3.366822437976729e-05,6.198954351410372e-05,4.891604754669509e-05,4.113707423960026e-05,1.64341274093246e-06,0.0,5.51864942467804e-06,3.196571985001341e-05,4.322006787441915e-05,5.9166952164180017e-05,5.237657074580322e-05,1.6278046691323557e-06,3.980776683691933e-06,2.554254503485769e-05,5.714886362858068e-05,7.150851717987628e-05,8.770143023793944e-05,3.4235340271318947e-06,1.8593373082098692e-07,1.4453307139849873e-05,6.694772508507635e-05,0.00011635696180746352,0.00011234600403269163,0.00012415577417736916,5.120549320729539e-06,3.197589643983498e-08,6.763861482226996e-06,3.383662560300558e-05,9.537161978222458e-06,2.1700140769293688e-05,3.2505526669085616e-05,3.226869823345622e-05,1.004877581723525e-06,0.0,7.687100549248487e-06,3.219622508681817e-05,5.52117515689073e-05,6.128793098099127e-05,5.3012608279066134e-05,2.0588680587694547e-06,0.0,7.1219952041912005e-06,3.0283221805434674e-05,5.063572776859499e-05,4.7931202015278535e-05,2.5425672789481544e-06,2.0971137269172365e-07,1.3921385610337375e-05,6.808006935451375e-05,8.709973474336907e-05,0.00013219491452463452,0.00011426020238988403,5.1883186334622895e-06,2.098132264970584e-07,1.270446250472239e-05,6.798351493864068e-05,9.586568460871796e-05,0.00013285073227497167,0.00010745064345042434,4.062016010310252e-06,2.0212641887967948e-07,1.2536548684752992e-05,5.539682523249516e-05,0.00010398768168626598,0.0001404901487580876,0.000120919417994286,4.526813042214328e-06,2.726764612650535e-07
1.0049245449988425e-05,4.9460770996057136e-05,8.926093369520978e-05,8.767539467903756e-05,6.809612849421525e-05,3.630404995357289e-06,2.197363729469017e-07,1.1930032952312026e-05,4.167407218856978e-05,8.707289425981443e-05,0.0001006960881280445,6.310945323531974e-05,2.999384521161755e-06,1.5398895539046545e-07,7.364646410977509e-06,4.425173602747277e-05,7.856325875830952e-05,7.831453514488536e-05,6.571547752199301e-05,5.609351887250969e-05,1.3514754765881668e-07,9.103431755022399e-06,3.89123334967359e-05,7.269615601987882e-05,7.756708922321775e-05,8.822646334957954e-05,3.068433237272597e-06,4.990268113869186e-08,5.2163750354517285e-06,2.7781531610414534e-05,5.3835117445591225e-05,8.303385747341821e-05,6.0253061708793966e-05,1.0003427581217151e-06,6.909623701281015e-08,7.38325645951752e-06,3.622919964150945e-05,8.457320797738228e-05,9.55807645614489e-05,9.095146473914089e-05,3.2817206604976507e-06,7.403163740707387e-08,0.0,3.8130065377015233e-06,1.8463685493907442e-05,3.2500806713721625e-05,3.812501037870045e-05,3.07197500438541e-05,1.623170645356001e-06,9.989001539132744e-06,3.999190548308807e-05,9.212430260248796e-05,8.245618508349897e-05,6.923140341605917e-05,3.839988326074739e-06,1.6313819468599192e-07,0.0,4.615419901965509e-06,2.2530087862698887e-05,3.2206990065361166e-05,3.6212137449354996e-05,3.192095237293287e-05,1.5339896194451374e-06,8.746397408090565e-06,4.471602544911856e-05,8.724021557569019e-05,7.999081285744545e-05,1.926751722130632e-05,1.8414387203089894e-05,6.067234760588367e-07,1.0284972480923021e-05,4.721819645203565e-05,6.754451650006231e-05,9.67546442917543e-05,6.747651728283613e-05,4.804673630630388e-05,1.908419565690677e-07,0.0,3.802249338561138e-06,2.0879992705506317e-05,8.1379163516743e-06,1.214056914980654e-05,1.4393049625783779e-05,4.4503458865531285e-08,7.815835413295865e-06,4.605332356480273e-05,6.840078591809701e-05,8.177424430579542e-05,6.586568952982037e-05,8.741377044367253e-07,1.0179627375514969e-08,0.0,4.645768629757061e-06,2.0759825709378454e-05,2.9967213596345702e-05,2.9358466870462496e-05,6.260768045619427e-07,5.316060137496501e-08,9.381184450112208e-06,4.559165672249049e-05,6.742693628335282e-05,9.121745043536548e-05,8.344688807623258e-05,3.02413395056883e-06,1.873181550544849e-07,0.0,3.859975247950947e-06,2.4161972019567908e-05,3.889483291719851e-05,3.4782280688005045e-05,2.855085696115855e-05,1.1524978381295576e-07,0.0,4.2718300018743745e-06,1.713000827134757e-05,3.558865417999124e-05,4.3165327151673676e-05,1.8726409183162246e-06,1.466433250079917e-07,8.732677929115599e-06,3.8469866182930917e-05,6.77773008335506e-05,7.893796944116613e-05,8.594511121317036e-05,3.088063314408436e-06,2.154663084710095e-07,8.579090168406538e-06,4.673593577973717e-05,6.945542478222772e-05,7.324023388405761e-05,8.540973740694984e-05,3.463897016910714e-06,2.1489319843244663e-07,0.0,4.795261179068589e-06,1.7055281103201295e-05,2.8623366748232962e-05,3.236152165137267e-05,2.2095133688722305e-06,1.4269574874317788e-07,0.0,5.317838729828212e-06,2.3827202921407343e-05,4.455355858584974e-05,3.562193514339014e-05,3.030574928933006e-05,1.2127130894605064e-06,0.0,3.832434727240021e-06,2.2621103416264602e-05,3.1058211091219814e-05,4.307016896335937e-05,3.856819491815998e-05,1.2006158820701447e-06,2.764449809326724e-06,1.7997456290802296e-05,4.086984102687117e-05,5.180783195253371e-05,6.427177023136451e-05,2.506492268416985e-06,1.3559696558223875e-07,1.0037168841677666e-05,4.7382163875815195e-05,8.359917328142016e-05,8.173371061364456e-05,9.132638972203971e-05,3.762684638243982e-06,2.2874085738520136e-08,4.697174236338998e-06,2.388412359546168e-05,6.727769349546755e-06,1.550279107059789e-05,2.353114242797706e-05,2.3649457449180288e-05,7.382071592590916e-07,0.0,5.33831981839237e-06,2.278659318815163e-05,3.9678295341357295e-05,4.461775541076621e-05,3.904129831568011e-05,1.5188895059742945e-06,0.0,4.945879977875422e-06,2.1432680219476656e-05,3.638955711409828e-05,3.489505148434596e-05,1.8495925207725695e-06,1.5186952638255467e-07,9.66776936647001e-06,4.817768212098853e-05,6.257781266813397e-05,9.617260433801846e-05,8.404109221959733e-05,3.8120794517578675e-06,1.5352189350686528e-07,8.822677219852378e-06,4.812920528869396e-05,6.890571164141354e-05,9.670187486337618e-05,7.907317194708607e-05,2.9856042934410874e-06,1.479081678769693e-07,8.706073422838787e-06,3.921601185682077e-05,7.473282522924864e-05,0.00010223715855766567,8.894909738443283e-05,3.3241403406206476e-06,1.991481837314526e-07
6.9787332377323175e-06,3.501106493868111e-05,6.414144627400237e-05,6.37948124418091e-05,5.008993362484101e-05,2.667238491055779e-06,1.606362697131107e-07,8.28485356993593e-06,2.9505001161499597e-05,6.25853719657935e-05,7.32913976934947e-05,4.643641935841157e-05,2.2045402027276116e-06,1.1266105510665728e-07,5.1143977353598235e-06,3.130394570435046e-05,5.6411890059178066e-05,5.693661928388846e-05,4.829674066042027e-05,4.163595136408634e-05,9.887174407377744e-08,6.321909404918648e-06,2.754458185971926e-05,5.2239725389113806e-05,5.644190180642997e-05,6.489938534281108e-05,2.255456459759948e-06,3.619998236278103e-08,3.622518155220966e-06,1.9628962454776672e-05,3.860116123540644e-05,6.028903509103775e-05,4.423380706869905e-05,7.268735938864632e-07,4.984145154621841e-08,5.127323640343663e-06,2.5629233744543487e-05,6.072495913168507e-05,6.948336550960617e-05,6.683381056478412e-05,2.408508226795921e-06,5.346348907153635e-08,0.0,2.647944200529187e-06,1.3062731969563255e-05,2.3344881509644158e-05,2.773841411674617e-05,2.260709111401813e-05,1.1960511135242004e-06,6.936899915128539e-06,2.831711673145922e-05,6.621882445879375e-05,6.001345941001776e-05,5.093694532625455e-05,2.8223347978917774e-06,1.193511676840041e-07,0.0,3.205180415613421e-06,1.5940144300202128e-05,2.31344445283106e-05,2.6346454163136604e-05,2.3490413114866565e-05,1.1304292213482068e-06,6.073963743229179e-06,3.1647206765199014e-05,6.266891659672329e-05,5.818175850876661e-05,1.4086212185562969e-05,1.35680843685897e-05,4.472092381211518e-07,7.1424337488524044e-06,3.3423898275429986e-05,4.8530884251333537e-05,7.038151054405276e-05,4.9611664300656926e-05,3.567220828121994e-05,1.3965155189716507e-07,0.0,2.640472806977018e-06,1.4776743786345684e-05,5.8078090893682695e-06,8.767798267225228e-06,1.0521530284794535e-05,3.208096721806281e-08,5.427729657667626e-06,3.2583432685866475e-05,4.912577015608124e-05,5.94754110791113e-05,4.843575753394033e-05,6.365917397273735e-07,7.1463802043485955e-09,0.0,3.2262545912893342e-06,1.4691118469897118e-05,2.1537375918377682e-05,2.137940681771671e-05,4.5156863929993765e-07,3.8188882108826946e-08,6.5147908776337404e-06,3.22584386466412e-05,4.842622701931777e-05,6.633111056987152e-05,6.13343114309036e-05,2.2194141423953773e-06,1.367309235032134e-07,0.0,2.680561368024908e-06,1.7097483179678924e-05,2.7949888880318403e-05,2.5321114479586398e-05,2.1026499475105645e-05,8.363180175084363e-08,0.0,2.966572502376054e-06,1.2116906228672613e-05,2.55609228322405e-05,3.140803902298713e-05,1.3618858971789148e-06,1.0611575572934857e-07,6.064436936513711e-06,2.722873795142759e-05,4.869545537962573e-05,5.742160887136341e-05,6.319769950367163e-05,2.2681163930185128e-06,1.575150798513255e-07,5.957776377657624e-06,3.307679776754359e-05,4.9898257815901775e-05,5.3275148702455264e-05,6.279745494070788e-05,2.5436750490210283e-06,1.5702683779926107e-07,0.0,3.3300702293738134e-06,1.2069005956814466e-05,2.0566594063983054e-05,2.3554125774997034e-05,1.6071670517394598e-06,1.0333382964210731e-07,0.0,3.6929759625705642e-06,1.6859610931214162e-05,3.201215725283657e-05,2.5930567579425273e-05,2.231568429298408e-05,8.945989957219011e-07,0.0,2.661435744557136e-06,1.600535038663671e-05,2.2311953173806767e-05,3.134052870257391e-05,2.838695611168783e-05,8.852545549172609e-07,1.9197692871440527e-06,1.2679764500465031e-05,2.9220958089535284e-05,3.7522110393542565e-05,4.708192918807707e-05,1.8347526388415284e-06,9.888604621809129e-08,6.9703429437911495e-06,3.352853088692665e-05,6.0045940968056015e-05,5.9440566641685844e-05,6.714808739716191e-05,2.7643110979572407e-06,1.6367800560720578e-08,3.2619544508701582e-06,1.685670324459338e-05,4.745864567277164e-06,1.1073307911409254e-05,1.7029052929137343e-05,1.732505082598042e-05,5.421455644981179e-07,0.0,3.7071986867994483e-06,1.6124085567532677e-05,2.850653663485644e-05,3.246925897426808e-05,2.8738594567750663e-05,1.12016978561035e-06,0.0,3.434667794567582e-06,1.5166039498298926e-05,2.6143669766280916e-05,2.5394571736783444e-05,1.345277866483086e-06,1.0998275856581693e-07,6.713810018626593e-06,3.408736358533879e-05,4.4946460539270544e-05,6.994008460405335e-05,6.178703700584248e-05,2.800309410176865e-06,1.1233036432411432e-07,6.126936620259123e-06,3.406684893813271e-05,4.951267759169029e-05,7.036236704812333e-05,5.816420536997658e-05,2.1939746665474385e-06,1.0823146586301597e-07,6.045963510295305e-06,2.7756237615814872e-05,5.369219702747006e-05,7.437181153564421e-05,6.540294250430019e-05,2.4405313036268356e-06,1.4544963414539388e-07
4.846394936657638e-06,2.4778178376641795e-05,4.607736695502605e-05,4.6401377750308855e-05,3.682887543102371e-05,1.959203249509966e-06,1.1743160991680586e-07,5.753433304088812e-06,2.088542596651641e-05,4.497100311083637e-05,5.332481455092694e-05,3.415319101819501e-05,1.6199888780079094e-06,8.24237324538148e-08,3.5516997876264156e-06,2.2140767928580712e-05,4.049468609066816e-05,4.1379348334012986e-05,3.547993824974604e-05,3.08894465450176e-05,7.233593301804567e-08,4.390262201595574e-06,1.9494164626041596e-05,3.7528539990187e-05,4.105474674550858e-05,4.771909066168517e-05,1.6575122961186608e-06,2.6263767237077416e-08,2.515658147207711e-06,1.3866689650695949e-05,2.7670668743678717e-05,4.3759224109526556e-05,3.2459906119211485e-05,5.281713144372343e-07,3.595661329060044e-08,3.560677418624631e-06,1.8127467354395626e-05,4.358914261711193e-05,5.049341014419122e-05,4.909067231512855e-05,1.76730201834073e-06,3.86175241031243e-08,0.0,1.8388634459445732e-06,9.240043824679803e-06,1.6763433307964364e-05,2.017387360182823e-05,1.662927988944021e-05,8.810618597345434e-07,4.817345596107313e-06,2.004670654770556e-05,4.7583758015173215e-05,4.3662729038859145e-05,3.746036000757353e-05,2.0739346014209083e-06,8.731564009454628e-08,0.0,2.225835766720031e-06,1.1275758364549689e-05,1.6612755846203124e-05,1.9161369731016055e-05,1.7278564765101967e-05,8.327872923206073e-07,4.218074737915483e-06,2.239384022517133e-05,4.5005113172251776e-05,4.2303258377270505e-05,1.029535164038257e-05,9.993912479609791e-06,3.295637635413675e-07,4.960076532506868e-06,2.365507766933001e-05,3.4859342413425115e-05,5.117833068906305e-05,3.646106614784165e-05,2.6471781812056322e-05,1.0219651406031277e-07,0.0,1.8336743321203587e-06,1.0455604731760563e-05,4.1442382606056586e-06,6.330314724236465e-06,7.68839190607185e-06,2.3127726217337053e-08,3.7692950035740345e-06,2.3049220715219826e-05,3.5272178850772216e-05,4.3241184659336604e-05,3.560266298771003e-05,4.6359466163945657e-07,5.017871516663762e-09,0.0,2.2404698413760303e-06,1.0394613953640817e-05,1.547420517515613e-05,1.5562754059719188e-05,3.257051475749134e-07,2.7435184577061527e-08,4.5242063125840655e-06,2.282046360605772e-05,3.4769848277442076e-05,4.8216795829036955e-05,4.506219761574165e-05,1.6285253169545982e-06,9.980713112594889e-08,0.0,1.861514261108469e-06,1.2096364425336481e-05,2.0078829105568177e-05,1.8426346910878583e-05,1.5477855109942715e-05,6.069142260326439e-08,0.0,2.060133618671846e-06,8.569428770151139e-06,1.8353339587456234e-05,2.2844459196552944e-05,9.902801427231163e-07,7.679037211246328e-08,4.211459252500858e-06,1.926880108100457e-05,3.4975629631276915e-05,4.1754658981793884e-05,4.645088298681493e-05,1.6655456460852962e-06,1.1514950628693981e-07,4.137388035901655e-06,2.3405448901835402e-05,3.583750235217415e-05,3.873822716498356e-05,4.615199809609082e-05,1.86754965856932e-06,1.1474290640671314e-07,0.0,2.3125648260358627e-06,8.538995569126466e-06,1.4773232950441323e-05,1.7137154269587073e-05,1.1688455982590048e-06,7.483051779686333e-08,0.0,2.56458539095897e-06,1.192738782088117e-05,2.299421766664449e-05,1.8868531216786186e-05,1.6424522228423683e-05,6.597181188321332e-07,0.0,1.8482324265691202e-06,1.1322448328196608e-05,1.6024017771820664e-05,2.279667385880682e-05,2.0883789407297132e-05,6.52522095704533e-07,1.333180335541977e-06,8.932339941222233e-06,2.0887389776453164e-05,2.716664583473977e-05,3.447560411661581e-05,1.3427874755522145e-06,7.211264001470178e-08,4.840566167472759e-06,2.3721192322166028e-05,4.311614644307345e-05,4.321214071146495e-05,4.9349464051573614e-05,2.030406871771988e-06,1.1715488911313883e-08,2.2652622911497536e-06,1.1895377860234644e-05,3.3477404984589575e-06,7.907999973398538e-06,1.2319764800252807e-05,1.2686595719668141e-05,3.980401430696585e-07,0.0,2.574462135774668e-06,1.140758522499039e-05,2.0474268379805386e-05,2.3619571238271843e-05,2.114495371989158e-05,8.258521084442502e-07,0.0,2.385202705345044e-06,1.0729780733427922e-05,1.877711638809102e-05,1.847364321116523e-05,9.783166093975907e-07,7.964934915416293e-08,4.662415113002317e-06,2.4113723508177703e-05,3.2273402713810854e-05,5.0844272972122665e-05,4.540622834467476e-05,2.0566390445871832e-06,8.218853430315925e-08,4.254861912618391e-06,2.410878319796148e-05,3.5567174395608984e-05,5.117803991169913e-05,4.276538314122113e-05,1.6119028626938087e-06,7.919631158661447e-08,4.198631598532663e-06,1.9641662514517575e-05,3.856415470164953e-05,5.4081365784245517e-05,4.806916761283213e-05,1.7914577120513412e-06,1.0623168089161957e-07
3.36558236982683e-06,1.753294290990882e-05,3.309105732464594e-05,3.37378332692625e-05,2.7066975888885264e-05,1.438822220031609e-06,8.584673463636091e-08,3.995476119844819e-06,1.4781239792880757e-05,3.2304626892769535e-05,3.878328708128399e-05,2.5108192160304847e-05,1.1901819481416199e-06,6.030073985713543e-08,2.466478263357841e-06,1.565715038850612e-05,2.9060564186145505e-05,3.0062223489907615e-05,2.6053493142342736e-05,2.290558418659654e-05,5.2923676660085524e-08,3.0488205899511506e-06,1.3794132308281746e-05,2.695232939467467e-05,2.985146442047032e-05,3.507170696787109e-05,1.2178195720991262e-06,1.9057529964116415e-08,1.746996710774736e-06,9.7945363639609e-06,1.983013784439406e-05,3.1750589248348024e-05,2.3810095134247743e-05,3.8379012581458825e-07,2.594281803671001e-08,2.4727134863345963e-06,1.2819317320744983e-05,3.128012493012061e-05,3.668046807956172e-05,3.604301657629495e-05,1.296548050269271e-06,2.789945557007807e-08,0.0,1.276996204795197e-06,6.534915923999686e-06,1.2034011489015164e-05,1.4666818585564865e-05,1.2226650925176015e-05,6.488354579244512e-07,3.345410129794445e-06,1.418913608647799e-05,3.418287257587061e-05,3.175505159490128e-05,2.753744226306622e-05,1.5236622029996653e-06,6.387772509445441e-08,0.0,1.545728561226339e-06,7.974895327752084e-06,1.1926152167046056e-05,1.3930612769517865e-05,1.270370550173891e-05,6.133311611046271e-07,2.929244239945222e-06,1.5843258142113148e-05,3.231083428657005e-05,3.07470826793993e-05,7.522591053828036e-06,7.358853503430075e-06,2.4281560611855936e-07,3.444528319055039e-06,1.6738363702109036e-05,2.5031997758917863e-05,3.72012259844438e-05,2.67850545467674e-05,1.9634829811558076e-05,7.478955265295855e-08,0.0,1.2733922796665984e-06,7.396788523144139e-06,2.956725479709764e-06,4.5692541582131766e-06,5.615984078357364e-06,1.6674308506951707e-08,2.6175881374626792e-06,1.6301999226445247e-05,2.5318168101660393e-05,3.142677788539048e-05,2.6158435347852897e-05,3.3760534553091783e-07,3.5239740915996064e-09,0.0,1.555890667769886e-06,7.353359901428014e-06,1.1114643909287238e-05,1.132423633824857e-05,2.3492434971588444e-07,1.9710690651923167e-08,3.1418365488351573e-06,1.6140998656491755e-05,2.495757220587785e-05,3.50367646162915e-05,3.3093287977826e-05,1.1947264940701662e-06,7.285543440604287e-08,0.0,1.2927259401159815e-06,8.55661538144822e-06,1.4420133797198914e-05,1.340387543575234e-05,1.1388178518513184e-05,4.404580325504137e-08,0.0,1.4306563470952955e-06,6.059537301781047e-06,1.3174364588862033e-05,1.660956337477926e-05,7.199557278452046e-07,5.5570114249241996e-08,2.9246503568837675e-06,1.3633393491485734e-05,2.5114125570665743e-05,3.035131851337184e-05,3.412734729928874e-05,1.2228098908561075e-06,8.417767150436951e-08,2.873211211108961e-06,1.655896637931412e-05,2.5731534628296954e-05,2.8157740224356743e-05,3.3904392785963076e-05,1.3708680484989376e-06,8.384481620739009e-08,0.0,1.605957087385993e-06,6.04040897720736e-06,1.06087119260308e-05,1.2463702357941656e-05,8.499320534434246e-07,5.4189863923278363e-08,0.0,1.780972928026811e-06,8.436611208354193e-06,1.6511858203962832e-05,1.3724571639956055e-05,1.2083042414559946e-05,4.863499207705234e-07,0.0,1.2835023561786212e-06,8.008309470682069e-06,1.1504833429705937e-05,1.6575820056221147e-05,1.535692719146276e-05,4.808237872704431e-07,9.258238554023418e-07,6.291788786061397e-06,1.4927052942387666e-05,1.966275329948847e-05,2.5234592208464497e-05,9.82550537608252e-07,5.258686189092849e-08,3.3615333540316214e-06,1.6779636719649176e-05,3.095089862390972e-05,3.1403104948123634e-05,3.625316974980603e-05,1.4910273011452196e-06,8.387874563938924e-09,1.573108156410701e-06,8.393193714262265e-06,2.361458416080245e-06,5.64649994819453e-06,8.910076495170364e-06,9.28616617436431e-06,2.9215405341314023e-07,0.0,1.7878316934549068e-06,8.069319008653268e-06,1.47010117099344e-05,1.7175507393199068e-05,1.555075589673663e-05,6.086704798256494e-07,0.0,1.6564004533882716e-06,7.589865400832576e-06,1.3482369351947116e-05,1.3433890000976356e-05,7.113405603030746e-07,5.768220841087413e-08,3.2378154980048305e-06,1.705533107967013e-05,2.3167043198604545e-05,3.694893146821893e-05,3.335409298132869e-05,1.5101406417025127e-06,6.013265963579902e-08,2.9547911520964073e-06,1.705848380265827e-05,2.5542098195342754e-05,3.7210666356457634e-05,3.142983977516857e-05,1.1840042134109733e-06,5.7948766313759675e-08,2.9157429086862116e-06,1.3896906112553544e-05,2.7690563901987172e-05,3.93123972391854e-05,3.531446957390353e-05,1.3147551328753414e-06,7.758865519260926e-08
2.3372275315424453e-06,1.240404512114416e-05,2.3758012748350348e-05,2.4521504380406762e-05,1.9884170598602724e-05,1.05643794076988e-06,6.275633726930163e-08,2.7746572161148425e-06,1.0459235469419366e-05,2.31991316032264e-05,2.8196917759679867e-05,1.845076651585217e-05,8.742210540109409e-07,4.4114631078538946e-08,1.712843746333274e-06,1.1070334550509361e-05,2.0849274853151923e-05,2.183266425885366e-05,1.9123624896664457e-05,1.6977192817132053e-05,3.872186324024576e-08,2.117252374175851e-06,9.759041049629298e-06,1.9351168449922286e-05,2.169757736184514e-05,2.57654662260771e-05,8.945660828390156e-07,1.383037394979433e-08,1.2131990389730225e-06,6.9172246677946425e-06,1.4207599852776088e-05,2.3029658112845618e-05,1.7458181637185284e-05,2.788772907791389e-07,1.8719931090742444e-08,1.7171742003667372e-06,9.064011897025621e-06,2.2440884474834866e-05,2.663692166147478e-05,2.6452439317111823e-05,9.510006734429758e-07,2.0159892286463365e-08,0.0,8.868073764589695e-07,4.620972999733418e-06,8.63647106399024e-06,1.0659193406390049e-05,8.985667277485933e-06,4.776774175927161e-07,2.3232195599626504e-06,1.0041290981888142e-05,2.454897355797337e-05,2.3086458894235673e-05,2.0234433494024463e-05,1.1191510984012855e-06,4.673008986440251e-08,0.0,1.073427981638009e-06,5.639381069092927e-06,8.559282547287085e-06,1.0124090214960399e-05,9.336032075512648e-06,4.5157168282962645e-07,2.0342122454549827e-06,1.1206881986456868e-05,2.3190678188208327e-05,2.2339831487661815e-05,5.495077868791006e-06,5.416817247341635e-06,1.7886360015264244e-07,2.3920513369570464e-06,1.184198894186988e-05,1.7970059537520092e-05,2.7031784381168662e-05,1.9668732357262872e-05,1.4556785293650194e-05,5.47339241102346e-08,0.0,8.843044342750285e-07,5.231936074494213e-06,2.1091710780605052e-06,3.2972549000812826e-06,4.100653714640117e-06,1.202236216317861e-08,1.817782365705183e-06,1.1527955039372428e-05,1.816819059812301e-05,2.283216411102385e-05,1.921131861437433e-05,2.4585041416250884e-07,2.4752904980542807e-09,0.0,1.0804847423691874e-06,5.201022985834875e-06,7.980990658458056e-06,8.236943651575431e-06,1.6944624187098955e-07,1.416178318396471e-08,2.1818463358639915e-06,1.1414653744089505e-05,1.790942211844465e-05,2.5450536133879088e-05,2.4293449417915103e-05,8.763131777285252e-07,5.318210822586939e-08,0.0,8.977308052069412e-07,6.051668959207294e-06,1.0353214109896937e-05,9.74673541245013e-06,8.375312801939341e-06,3.196686291156261e-08,0.0,9.935159822827136e-07,4.284064120725252e-06,9.454151746591007e-06,1.2071902537523076e-05,5.233390955549104e-07,4.021441405980583e-08,2.0310221669900234e-06,9.64443975067769e-06,1.8028033064410958e-05,2.205443650605031e-05,2.5062827652254693e-05,8.975770997299243e-07,6.15353102851818e-08,1.9953000744255776e-06,1.1713153906637215e-05,1.8470199971484912e-05,2.045980967564269e-05,2.4896683898160054e-05,1.00607715874027e-06,6.126645093956701e-08,0.0,1.1152533543956653e-06,4.272201252616437e-06,7.615984408739808e-06,9.061392846602725e-06,6.179331069964369e-07,3.924269621683191e-08,0.0,1.2367930350897901e-06,5.966465818706106e-06,1.185357208750966e-05,9.979231526627797e-06,8.8851428066156e-06,3.5842683109046e-07,0.0,8.913254878141028e-07,5.663282098194925e-06,8.257843747164788e-06,1.2048133526272948e-05,1.1287748911019639e-05,3.5419389304672e-07,6.429356507097674e-07,4.4313765920924946e-06,1.066512708573809e-05,1.4227044852872475e-05,1.8463348960730286e-05,7.188192175609522e-07,3.8346945877682575e-08,2.334414986158392e-06,1.186736365420408e-05,2.22119123578594e-05,2.28131947078364e-05,2.6621190442047845e-05,1.0946968147218933e-06,6.007070343168964e-09,1.0924416266261942e-06,5.921349972243335e-06,1.6657152001940564e-06,4.0310380836359974e-06,6.442139152631086e-06,6.794413398643568e-06,2.1437385916706243e-07,0.0,1.2415560173708462e-06,5.706976902190977e-06,1.055269216980584e-05,1.2484982256828254e-05,1.1431502355570804e-05,4.484608396260624e-07,0.0,1.1502836978446941e-06,5.367887318677559e-06,9.67789323210849e-06,9.76543212300673e-06,5.171371209876426e-07,4.177360516723054e-08,2.248498740160728e-06,1.2060980707149399e-05,1.662552598861074e-05,2.6841600528249262e-05,2.4490724749010576e-05,1.108621585775451e-06,4.39939192825487e-08,2.0519533088857843e-06,1.206782605311165e-05,1.8337512212418436e-05,2.7045477430954942e-05,2.3089173236939475e-05,8.695089443749553e-07,4.2400318097522885e-08,2.0248368122246376e-06,9.830642404674816e-06,1.987730455678154e-05,2.856648199860438e-05,2.5933350469288824e-05,9.64713580721795e-07,5.666864405944533e-08
1.623084832482821e-06,8.773977913850148e-06,1.7052511376309765e-05,1.7816539223964586e-05,1.4601409131142391e-05,7.755134551836567e-07,4.587585640460389e-08,1.9268574544896055e-06,7.399667719639716e-06,1.6655431912027016e-05,2.049288794479569e-05,1.3552870937696665e-05,6.420000685708186e-07,3.227231526341341e-08,1.189481547871328e-06,7.825970555302878e-06,1.4954123752269877e-05,1.5850507052231137e-05,1.403132221781212e-05,1.2577293074314225e-05,2.833147772720303e-08,1.4703233231962193e-06,6.903105472499711e-06,1.3889820415072866e-05,1.576532399331654e-05,1.892075842308158e-05,6.569686874153644e-07,1.0038198893776562e-08,8.42503313377246e-07,4.884476295579112e-06,1.0176692035592526e-05,1.669856857162567e-05,1.2795694349468684e-05,2.026423721712596e-07,1.3509476349277646e-08,1.1924890610951684e-06,6.407746335476238e-06,1.6095148423319165e-05,1.933680781541608e-05,1.9405985709284586e-05,6.974075275278597e-07,1.4569977581094557e-08,0.0,6.158410348476635e-07,3.267049706117788e-06,6.19644903770649e-06,7.74385664075944e-06,6.600931534374868e-06,3.515663426851472e-07,1.6133573802573215e-06,7.104696065844668e-06,1.762525471913292e-05,1.677826690293956e-05,1.4862004250638698e-05,8.218536848969282e-07,3.4184669197605324e-08,0.0,7.454392058344216e-07,3.987186490703833e-06,6.1412240445317336e-06,7.3550670640482394e-06,6.858146041740893e-06,3.3237598478449397e-07,1.4126559903416705e-06,7.925944788049108e-06,1.6640252608555198e-05,1.6225736125497538e-05,4.01292642325864e-06,3.9860189802915905e-06,1.317271764915117e-07,1.6611570523978204e-06,8.376468048777894e-06,1.2896844273507894e-05,1.9635461913744502e-05,1.4437228283583628e-05,1.0787023880394212e-05,4.0057092432795953e-08,0.0,6.141027553319865e-07,3.7000562116561236e-06,1.5043459514741806e-06,2.3787499172825714e-06,2.9930930079540517e-06,8.668752074054956e-09,1.262356287491122e-06,8.150644720512864e-06,1.3033849960490047e-05,1.658219235830421e-05,1.4103335657085524e-05,1.7902789139322095e-07,1.739003537639447e-09,0.0,7.503395849845887e-07,3.6780590030947305e-06,5.7292057251419615e-06,5.9890907755567675e-06,1.222177665548229e-07,1.0175489426389056e-08,1.5151799781793536e-06,8.070919091313841e-06,1.2848212930451393e-05,1.8480758183597484e-05,1.7826377479471907e-05,6.426376805347302e-07,3.882130108061393e-08,0.0,6.234267500920194e-07,4.279330077953051e-06,7.4311906136471194e-06,7.0848141798599606e-06,6.156793071875668e-06,2.320121746091945e-08,0.0,6.899443338360194e-07,3.028326909603187e-06,6.7825966937294816e-06,8.770739059703308e-06,3.8035539870439263e-07,2.91022450642299e-08,1.4104407263567326e-06,6.821429297874604e-06,1.293774692204696e-05,1.602001042273151e-05,1.8398380447570883e-05,6.587100507864935e-07,4.498237442162297e-08,1.385633449380762e-06,8.284006241453578e-06,1.325432811582886e-05,1.4861196019377051e-05,1.8274692567369496e-05,7.382072547950349e-07,4.47675319737781e-08,0.0,7.744846078710642e-07,3.0210946630491974e-06,5.465979114691165e-06,6.585445491068779e-06,4.491880830860084e-07,2.841839206147818e-08,0.0,8.588876861636418e-07,4.2188507733451604e-06,8.507085555194544e-06,7.253303626612782e-06,6.530711596806478e-06,2.640670532809697e-07,0.0,6.189785836340653e-07,4.004274444190696e-06,5.925604049304843e-06,8.754038975631636e-06,8.293191412914656e-06,2.6083228779215725e-07,4.4648448997453067e-07,3.120754244266485e-06,7.618366365269702e-06,1.0290809830675995e-05,1.3503842138969849e-05,5.257762945188417e-07,2.7962127386840083e-08,1.6211312541099016e-06,8.391761571473888e-06,1.5936033327961885e-05,1.6567194348823028e-05,1.954024407153219e-05,8.035396156465692e-07,4.303190909975329e-09,7.5864314750934e-07,4.176954213149655e-06,1.1749326595559725e-06,2.877271414687943e-06,4.656406546045798e-06,4.969296782115732e-06,1.5725606778220993e-07,0.0,8.621952842224323e-07,4.035551359602807e-06,7.572839663461187e-06,9.072141755204069e-06,8.399733929497899e-06,3.303162683269133e-07,0.0,7.988113672862408e-07,3.7957732404640377e-06,6.945043042331208e-06,7.09617555861796e-06,3.758920862130933e-07,3.0252474615205314e-08,1.5614665761986558e-06,8.527724957232407e-06,1.1927827774849721e-05,1.949235197689197e-05,1.7975292861939465e-05,8.136831110452217e-07,3.218518248666784e-08,1.4249762613251923e-06,8.535770394521006e-06,1.3161433359095225e-05,1.9650245203568472e-05,1.6954855256506245e-05,6.384114346106503e-07,3.102256043630044e-08,1.4061455570750759e-06,6.952982821542909e-06,1.426471696173335e-05,2.0750664635354703e-05,1.9036513169541117e-05,7.077278021109464e-07,4.138906143531463e-08
1.127148123149084e-06,6.205202385358123e-06,1.2236227893837107e-05,1.2940424055367425e-05,1.0717773626862967e-05,5.691706955082858e-07,3.3535237065894586e-08,1.3381024948181607e-06,5.234187427148792e-06,1.195417138099259e-05,1.488853079382308e-05,9.951054758152804e-06,4.7136160295817505e-07,2.36082032891468e-08,8.260327439377119e-07,5.531545783479686e-06,1.0722997286462178e-05,1.1503576302552619e-05,1.0290914673729979e-05,9.313409175788533e-06,2.0729341118128663e-08,1.0210631726781963e-06,4.882115111600393e-06,9.967054319824385e-06,1.1450994819536406e-05,1.3888696374466007e-05,4.823688097891034e-07,7.286670365171861e-09,5.850740490841814e-07,3.4486047138004647e-06,7.2876150395147965e-06,1.2104015950294203e-05,9.374725232463004e-06,1.4724569448802642e-07,9.750309504675533e-09,8.281214414904839e-07,4.529193086777158e-06,1.1540792307149977e-05,1.4032647078260051e-05,1.4230950740706099e-05,5.113347839114983e-07,1.0531853237492824e-08,0.0,4.2766887776120434e-07,2.3094486571039437e-06,4.444595394795665e-06,5.62389829073911e-06,4.847026726800838e-06,2.586740342704934e-07,1.1203931249995247e-06,5.026033840158618e-06,1.2650770423504026e-05,1.2189468444650793e-05,1.0911528052308503e-05,6.034002195660239e-07,2.5006425569108784e-08,0.0,5.176679134671533e-07,2.818588606158374e-06,4.405094325496324e-06,5.341518649273812e-06,5.035780627677081e-06,2.445706899874684e-07,9.810160799038655e-07,5.604601353422496e-06,1.193684913297218e-05,1.1780942198387411e-05,2.92974829653554e-06,2.9322255881155104e-06,9.699217358421699e-08,1.1535872416717321e-06,5.924113748077738e-06,9.253360741554844e-06,1.425801282634593e-05,1.0592970154144236e-05,7.989856504105346e-06,2.9316084486369865e-08,0.0,4.264616667693726e-07,2.6162684726533744e-06,1.0728013885266693e-06,1.7156784911911882e-06,2.1838868326247114e-06,6.2509487295107935e-09,8.766406061387169e-07,5.761842290340412e-06,9.347975057429045e-06,1.203890740070643e-05,1.0349247783010642e-05,1.3036351162694958e-07,1.221957443541051e-09,0.0,5.21070868228297e-07,2.6006205869074354e-06,4.1115978949372385e-06,4.353075106615558e-06,8.815222905885593e-08,7.311610716538482e-09,1.052213475393801e-06,5.705748140897799e-06,9.214842717125263e-06,1.3415135568943078e-05,1.3075686402432317e-05,4.711814967278162e-07,2.8338270659370365e-08,0.0,4.329367360810613e-07,3.025556654891046e-06,5.332380439664707e-06,5.148029085832693e-06,4.523954095462607e-06,1.6839682462108124e-08,0.0,4.791295602591187e-07,2.1403321409680407e-06,4.86465555579542e-06,6.370042490670991e-06,2.763913262799773e-07,2.1060754376503594e-08,9.794777416707238e-07,4.823925773447326e-06,9.282204788339613e-06,1.1632701782917968e-05,1.3500629774145808e-05,4.833101096020633e-07,3.288128275477839e-08,9.62250310763032e-07,5.857798430547292e-06,9.508810995057884e-06,1.0790880145646086e-05,1.3408634812327357e-05,5.415468437341356e-07,3.2711115560598666e-08,0.0,5.378383340548696e-07,2.136021637362907e-06,3.921846528464915e-06,4.784321566159475e-06,3.2647043690651386e-07,2.0579674478623555e-08,0.0,5.96451885099486e-07,2.9826373886441153e-06,6.1036948417617705e-06,5.270087693740481e-06,4.798084491529221e-06,1.9448710387177908e-07,0.0,4.298477145883361e-07,2.8307997968713968e-06,4.25089512879199e-06,6.358340607900296e-06,6.090467138386881e-06,1.920204882672427e-07,3.10059483302111e-07,2.1975440272818518e-06,5.440806183880771e-06,7.441341220996382e-06,9.872785981012633e-06,3.845017298946218e-07,2.0388901721483887e-08,1.1257912274045331e-06,5.933086399861094e-06,1.1430315938509135e-05,1.202717722414286e-05,1.433694091964294e-05,5.896922472530119e-07,3.083425122865133e-09,5.268373298980098e-07,2.946084339441653e-06,8.287371879686669e-07,2.053395063930043e-06,3.364698728671468e-06,3.6330262108366646e-06,1.1532394706378824e-07,0.0,5.987488116573958e-07,2.853176153732611e-06,5.432951801605717e-06,6.589886514395125e-06,6.16937864713663e-06,2.432200625682368e-07,0.0,5.547319933446982e-07,2.6836513091552706e-06,4.982539063191428e-06,5.154696742105905e-06,2.731802933281799e-07,2.190872960998441e-08,1.0843570655303652e-06,6.028555668561499e-06,8.555209755769147e-06,1.415050456867816e-05,1.3187882980253471e-05,5.970803741426297e-07,2.354498730691865e-08,9.895718746058452e-07,6.036469289002929e-06,9.443806643020838e-06,1.4272170501312125e-05,1.24452106310267e-05,4.686326021566584e-07,2.269696333786287e-08,9.764951102158875e-07,4.916855111452183e-06,1.0234131120569233e-05,1.506807768561578e-05,1.3968246401839693e-05,5.190960025680622e-07,3.022903551405875e-08
7.827451540615216e-07,4.387761846202184e-06,8.777884403538079e-06,9.395612726662687e-06,7.863932720977213e-06,4.176408735744236e-07,2.4513597591873408e-08,9.292419179176317e-07,3.7017970278286013e-06,8.577576816523037e-06,1.0813100188265802e-05,7.303495409431744e-06,3.4600160697540386e-07,1.7269471060888902e-08,5.736361018294308e-07,3.9091918826538e-06,7.687031489229953e-06,8.34599867692297e-06,7.544650654140486e-06,6.893403368665812e-06,1.516707151768303e-08,7.09074720228101e-07,3.4522253143359467e-06,7.150228184203002e-06,8.314472889585489e-06,1.0190833646212406e-05,3.540916407820641e-07,5.289941225912993e-09,4.063027561369896e-07,2.43449690243754e-06,5.21745800041369e-06,8.770827551188121e-06,6.865716272421575e-06,1.069911234284906e-07,7.037887914261547e-09,5.750866711696756e-07,3.200872586027731e-06,8.273016816165795e-06,1.018007328113851e-05,1.0431892458604794e-05,3.748316989467231e-07,7.614177864480191e-09,0.0,2.9699313991672334e-07,1.6322717365298022e-06,3.18717880270797e-06,4.0828870782247604e-06,3.5576564545814886e-06,1.902706913779817e-07,7.780542855637477e-07,3.5549279104328528e-06,9.077791392448188e-06,8.852641155433095e-06,8.007897592399363e-06,4.4291571339924063e-07,1.8291750608520773e-08,0.0,3.5949264728489177e-07,1.992178262394315e-06,3.1589316690781387e-06,3.877866869290838e-06,3.6961165698530345e-06,1.7990847120820844e-07,6.812640459678815e-07,3.962481845957883e-06,8.560613224878872e-06,8.550848550294259e-06,2.138365857281973e-06,2.156353054784879e-06,7.140124436957951e-08,8.011056975016975e-07,4.189030060777057e-06,6.637426274192198e-06,1.0349772173552254e-05,7.76928241392768e-06,5.915353932805514e-06,2.1455214286544557e-08,0.0,2.9615475702132004e-07,1.8496338269460805e-06,7.649396835340521e-07,1.2371308104449768e-06,1.5928895621251765e-06,4.507707228054659e-09,6.087806844686338e-07,4.072507155481782e-06,6.7026759750428616e-06,8.73745529146981e-06,7.591383369055189e-06,9.492368344955866e-08,8.588028969995419e-10,0.0,3.6185576033714194e-07,1.8385059945804073e-06,2.9499021987964706e-06,3.1628211407487242e-06,6.358093769239153e-08,5.254003021948078e-09,7.30706786857895e-07,4.033043749281453e-06,6.607227019264553e-06,9.73475927274168e-06,9.587295682982161e-06,3.454019109718172e-07,2.068584000872491e-08,0.0,3.006513751662786e-07,2.1387746544937778e-06,3.8253001274188965e-06,3.7393784399870373e-06,3.3227310219996464e-06,1.2222683699927979e-08,0.0,3.327297586552411e-07,1.5124899407476392e-06,3.4881322457464623e-06,4.624840444776e-06,2.008108191173664e-07,1.5241315642235847e-08,6.801957783920451e-07,3.4107835290749797e-06,6.657756612260722e-06,8.44407003363336e-06,9.902758428362167e-06,3.5454058433633174e-07,2.403485372590268e-08,6.682321948609696e-07,4.14149651324479e-06,6.819918352934693e-06,7.832733892318885e-06,9.83439690674387e-06,3.9719505426122733e-07,2.390106449130005e-08,0.0,3.734998852157149e-07,1.510000193913443e-06,2.8131703148964117e-06,3.4745868688266363e-06,2.3723992953654866e-07,1.4903021315929268e-08,0.0,4.1420391500809637e-07,2.1083241556165585e-06,4.378117392145095e-06,3.82776907351031e-06,3.52362578899169e-06,1.4319608450569894e-07,0.0,2.985062115063067e-07,2.000900490537313e-06,3.0486813081971593e-06,4.616664130391675e-06,4.470923259343729e-06,1.4131899059234251e-07,2.1531955422567165e-07,1.5472959559006893e-06,3.8848289211386574e-06,5.379252780659963e-06,7.215398245154774e-06,2.811325050392897e-07,1.4866200566724458e-08,7.818027240830325e-07,4.194094976807853e-06,8.196378844006898e-06,8.728362812384374e-06,1.0515014717530034e-05,4.3266104889446303e-07,2.209982602306334e-09,3.658603047997845e-07,2.077677066130021e-06,5.845371820927585e-07,1.4651877905935799e-06,2.4306268082431577e-06,2.6550691253479407e-06,8.454908756050715e-08,0.0,4.157989933476309e-07,2.0169010399862947e-06,3.896696840960968e-06,4.785142043234152e-06,4.529332050383892e-06,1.790332455354534e-07,0.0,3.852316372669603e-07,1.8970650502626313e-06,3.573635157778457e-06,3.7430908023309244e-06,1.9850145987062836e-07,1.5866068907653596e-08,7.530287935062899e-07,4.261124955821669e-06,6.1345876559511565e-06,1.0269135834183548e-05,9.671677556138087e-06,4.38041606267405e-07,1.7223374762106626e-08,6.872055995506069e-07,4.268264359285236e-06,6.774452832217195e-06,1.0362471037358143e-05,9.131366037928525e-06,3.439292278525094e-07,1.6604947917077495e-08,6.781245788715533e-07,3.476418970194202e-06,7.340455995818264e-06,1.0937970690364994e-05,1.0245304359728744e-05,3.80664136773151e-07,2.207785185391747e-08
5.435749923242317e-07,3.102124584886536e-06,6.29531248311369e-06,6.819547828853962e-06,5.767706958674282e-06,3.063869160311932e-07,1.7918396402212267e-08,6.453092452493355e-07,2.6176022902101165e-06,6.15309172923747e-06,7.850562695899926e-06,5.3582016403670565e-06,2.539255206825686e-07,1.263212556821736e-08,3.983597072169366e-07,2.7622369102737317e-06,5.509222566519578e-06,6.053155127634047e-06,5.5291295428262755e-06,5.099943978092021e-06,1.1097233756301678e-08,4.924147782426942e-07,2.4407273766069283e-06,5.128116802443798e-06,6.035035787578588e-06,7.4745665726104285e-06,2.598685365236212e-07,3.840767017603751e-09,2.821554632684153e-07,1.7183692781454627e-06,3.734470652027186e-06,6.3535254394676984e-06,5.0263005958889105e-06,7.773978602331994e-08,5.080527288627493e-09,3.993670961714775e-07,2.261774250757382e-06,5.929004456913429e-06,7.382798414693213e-06,7.644092413869473e-06,2.7471285704022225e-07,5.505675762666534e-09,0.0,2.0624573587841303e-07,1.153478388250392e-06,2.284901381055532e-06,2.9631219362774948e-06,2.6102014689142766e-06,1.3991524906498264e-07,5.403175040728637e-07,2.513987670155053e-06,6.51219115330909e-06,6.4270817504248776e-06,5.8746092658132496e-06,3.250430869474952e-07,1.3379514494682394e-08,0.0,2.4964827399712395e-07,1.4078531013743355e-06,2.2647068241666163e-06,2.814320470105877e-06,2.7117291419239947e-06,1.3230366496421915e-07,4.7310169820950485e-07,2.8010450409814853e-06,6.137724765566149e-06,6.204322540981741e-06,1.5603323852811196e-06,1.5852888875254488e-06,5.2551191696836486e-08,5.563253954645953e-07,2.9616423362679733e-06,4.7597715949024634e-06,7.510327013150285e-06,5.696078680085551e-06,4.377539221237998e-06,1.5702068466394147e-08,0.0,2.0566350127199848e-07,1.3074346793031792e-06,5.453456756769696e-07,8.918454846490404e-07,1.1614206671386162e-06,3.250751420280806e-09,4.227658027386185e-07,2.8780262169271415e-06,4.804705218388493e-06,6.3392525809775395e-06,5.566229237176834e-06,6.911526256655083e-08,6.03688884770074e-10,0.0,2.5128929580700975e-07,1.2995235953234247e-06,2.1158625708822745e-06,2.2972008724500087e-06,4.585782099077829e-08,3.775601893435715e-09,5.074369958196297e-07,2.8502655579583847e-06,4.736293534834986e-06,7.061754127973482e-06,7.026849215240928e-06,2.5314832025571894e-07,1.5099669346855045e-08,0.0,2.0878617718927174e-07,1.5116676174460973e-06,2.743428453740925e-06,2.7152281319349655e-06,2.43943191307645e-06,8.871684186204019e-09,0.0,2.3106285169373782e-07,1.0686560636095063e-06,2.500463589159577e-06,3.356618640353483e-06,1.4587376114394058e-07,1.1029874054701358e-08,4.7235985898661624e-07,2.4112230922289126e-06,4.774094035956952e-06,6.127437199802405e-06,7.260872269658157e-06,2.6002434285530634e-07,1.7567849207838228e-08,4.640517628724228e-07,2.92759112778035e-06,4.890109778343865e-06,5.683628132092876e-06,7.210116437744949e-06,2.9126021492368775e-07,1.746331916310711e-08,0.0,2.5937552336718677e-07,1.0672832873694965e-06,2.0173734134840856e-06,2.5225287383773733e-06,1.7236912343221656e-07,1.0792088225651463e-08,0.0,2.8764231195833664e-07,1.4900685297837984e-06,3.1395443304758295e-06,2.779214798904172e-06,2.5866000525429732e-06,1.0539890497954786e-07,0.0,2.0729647450429687e-07,1.4140804757778845e-06,2.1858962804106756e-06,3.3509229356688475e-06,3.2806851898112633e-06,1.0397311173827792e-07,1.4952773938908812e-07,1.0893505183464184e-06,2.7732522905559117e-06,3.887442071088547e-06,5.271348586053021e-06,2.0551278422582502e-07,1.0838946309877277e-08,5.429204453383672e-07,2.9643347450982256e-06,5.875888944700844e-06,6.332257655175764e-06,7.70890934935344e-06,3.1737598619296263e-07,1.5843629895934072e-09,2.5407026256447435e-07,1.4650728539254788e-06,4.1228615803365996e-07,1.0453084358741162e-06,1.7553730165240096e-06,1.9396341405823654e-06,6.196929378818287e-08,0.0,2.887499997154146e-07,1.4255163308657067e-06,2.7941072586949316e-06,3.4734657721779186e-06,3.3238911783564815e-06,1.3174486878440872e-07,0.0,2.6752259900069743e-07,1.3408184334147573e-06,2.562450277977841e-06,2.7171185607789694e-06,1.4421342270912536e-07,1.1489889960659186e-08,5.229384292783241e-07,3.011393347332176e-06,4.397719282277513e-06,7.449935781396663e-06,7.090206764852642e-06,3.212939960066525e-07,1.259834663519481e-08,4.772277941785723e-07,3.0175124095904797e-06,4.85832583871115e-06,7.521255249265802e-06,6.6972633314696276e-06,2.5235387847495905e-07,1.2147447759632473e-08,4.70921567825416e-07,2.4575742474333034e-06,5.263581653187431e-06,7.937269409562488e-06,7.511713791087704e-06,2.790926799337231e-07,1.6124307283287073e-08
3.7748377284006694e-07,2.192834572110106e-06,4.513691103617703e-06,4.948143444735961e-06,4.228608489516929e-06,2.2472104189031197e-07,1.3097115185681186e-08,4.481327847754211e-07,1.8506480721216962e-06,4.412734544483946e-06,5.697783115515627e-06,3.929494858663147e-06,1.8631100421015093e-07,9.239600771112992e-09,2.766394397165432e-07,1.9515044846076077e-06,3.9474174543875545e-06,4.388798307487679e-06,4.050507869018566e-06,3.7714375965339408e-06,8.119352860123752e-09,3.4195573608902477e-07,1.7253205294369263e-06,3.6769085112515446e-06,4.379060694400532e-06,5.48015817116517e-06,1.9067467554726663e-07,2.7888652108208337e-09,1.959417404052942e-07,1.2127359829200403e-06,2.6723751948773703e-06,4.601021811729583e-06,3.6783154390429867e-06,5.64842179404486e-08,3.6678888828312935e-09,2.7733904381656516e-07,1.5979555061423496e-06,4.248064603078571e-06,5.3524444866127136e-06,5.5991871149863006e-06,2.0129493714591666e-07,3.981665388363422e-09,0.0,1.4322649471533974e-07,8.150055066000016e-07,1.637635531602483e-06,2.149741964957446e-06,1.9142929940505524e-06,1.0285677507528426e-07,3.752216625308585e-07,1.7775583140556809e-06,4.67046148061698e-06,4.664552951652145e-06,4.307940620570312e-06,2.3848694795174994e-07,9.785993946643307e-09,0.0,1.7336720548916708e-07,9.947646862694717e-07,1.6232013999044525e-06,2.0417807807446227e-06,1.9887109608935114e-06,9.726707222638228e-08,3.285438102624176e-07,1.9797231885233166e-06,4.399458448303066e-06,4.500261990185039e-06,1.1382468773667312e-06,1.1651036450559654e-06,3.866936215400321e-08,3.8633823436644583e-07,2.093544234710991e-06,3.41240555244189e-06,5.448104855354531e-06,4.174510508322484e-06,3.238097772108686e-06,1.1491451421727765e-08,0.0,1.4282215109000262e-07,9.240305036201285e-07,3.8873524736929116e-07,6.427758049813207e-07,8.465340320842883e-07,2.3443802560864605e-09,2.935881954879172e-07,2.033580180256167e-06,3.443301364296941e-06,4.597785378828722e-06,4.079735612254445e-06,5.03213117161359e-08,4.244392603886993e-10,0.0,1.7450678723230417e-07,9.184079263137081e-07,1.517232634847e-06,1.6679067188126317e-06,3.3074325646568714e-08,2.7133124404482104e-09,3.523878021603172e-07,2.0140537008009705e-06,3.394282463641852e-06,5.121055414230156e-06,5.148261685961427e-06,1.8549771792870605e-07,1.1021840660554625e-08,0.0,1.449906901715898e-07,1.0682684273767487e-06,1.967014241709032e-06,1.9708982635331338e-06,1.7902009905677014e-06,6.439464582797461e-09,0.0,1.6046061420247174e-07,7.549509609187435e-07,1.7919950728281349e-06,2.4353452178448584e-06,1.0594834545487224e-07,7.982091542250456e-09,3.2802865181973894e-07,1.70432205941164e-06,3.422490501065153e-06,4.444920774079977e-06,5.321750530280028e-06,1.9066438720283588e-07,1.2840388744001996e-08,3.2225911053335216e-07,2.069164944364617e-06,3.505471628862603e-06,4.1228356737726896e-06,5.284097374422235e-06,2.1353424719157575e-07,1.2759158505540333e-08,0.0,1.801222402456793e-07,7.542494958538676e-07,1.44631657337733e-06,1.8307188784465104e-06,1.2521559985722673e-07,7.815028201553003e-09,0.0,1.9975201312566265e-07,1.0529512953458365e-06,2.2507769007732045e-06,2.0172025598736387e-06,1.897970319281678e-06,7.755442317608155e-08,0.0,1.439561711151904e-07,9.992089203430806e-07,1.5668770050047429e-06,2.431390327441894e-06,2.406332165715026e-06,7.64733213825251e-08,1.0383886484230825e-07,7.668686409337584e-07,1.9793256098939627e-06,2.8085312383538526e-06,3.8496971451652086e-06,1.5020391126924065e-07,7.902299818147524e-09,3.7702917901400153e-07,2.0948306271447855e-06,4.211286756869716e-06,4.592438703422824e-06,5.649478475383054e-06,2.327576140783467e-07,1.136131533068356e-09,1.7643803329013578e-07,1.0329744110480612e-06,2.907880123626309e-07,7.45636659799693e-07,1.2673651064312088e-06,1.416456959749519e-06,4.540704393110756e-08,0.0,2.0052123753253473e-07,1.0073784738281734e-06,2.00298252758892e-06,2.520489720264402e-06,2.4382728757834174e-06,9.69170897093162e-08,0.0,1.8577994644582052e-07,9.475248108441579e-07,1.8369120352458973e-06,1.9716972712063043e-06,1.0475501900513845e-07,8.320613943708874e-09,3.6315270965005104e-07,2.1278656027018997e-06,3.1518023578922044e-06,5.40293956294408e-06,5.195759342147183e-06,2.3561026265898933e-07,9.214730383147307e-09,3.314091645673194e-07,2.132934911561419e-06,3.483263287233088e-06,5.457244124836122e-06,4.9100941911271985e-06,1.8512063200493994e-07,8.88604486778509e-09,3.270298627138879e-07,1.7370501452936273e-06,3.773357030683482e-06,5.757888738580712e-06,5.505376263341283e-06,2.0458159125819562e-07,1.1775924697677207e-08
2.6214216821617786e-07,1.5498306804307708e-06,3.2354552113666408e-06,3.5891160104582807e-06,3.0990264671809003e-06,1.6478708716205331e-07,9.572704210901857e-09,3.1120411238965016e-07,1.3082009891564588e-06,3.1638056227539258e-06,4.133975791368701e-06,2.8806230274323e-06,1.3667032795422914e-07,6.757833581355102e-09,1.9211115845253403e-07,1.3785231574541861e-06,2.8276698691088703e-06,3.181060777054195e-06,2.9661958048906146e-06,2.7877977553419957e-06,5.940442767859781e-09,2.3746985665075797e-07,1.2194162865589171e-06,2.6357035450481514e-06,3.176437799700161e-06,4.0163687027038805e-06,1.398728399285183e-07,2.0252406597594182e-09,1.3607091142576336e-07,8.55774828342657e-07,1.911902711234638e-06,3.3308974563921265e-06,2.6908526521957507e-06,4.103901269711165e-08,2.648274115921457e-09,1.925970111017505e-07,1.1287970439476775e-06,3.0429423937421924e-06,3.8792392924216436e-06,4.099800889243193e-06,1.4746788804840955e-07,2.8799341161642623e-09,0.0,9.946301093186968e-08,5.757671600897562e-07,1.1734313083031234e-06,1.559122152353886e-06,1.4033629083661644e-06,7.55920439163999e-08,2.6057127813752516e-07,1.2566498965225047e-06,3.3487296865318555e-06,3.384260360886872e-06,3.1578631660577167e-06,1.749410809411582e-07,7.157266306837227e-09,0.0,1.203940944138001e-07,7.027784590568479e-07,1.1631168768228605e-06,1.480818770616214e-06,1.457889374748465e-06,7.148817208326056e-08,2.2815598183662077e-07,1.3990128126942277e-06,3.152696462630124e-06,3.263185398713242e-06,8.30119991462461e-07,8.560316143318254e-07,2.8448480964142927e-08,2.682911084747436e-07,1.4796649194989207e-06,2.445823794716417e-06,3.9508708638138805e-06,3.0582442380121523e-06,2.3942165365095472e-06,8.409766195641136e-09,0.0,9.91822086254002e-08,6.529590085302073e-07,2.7706002716223827e-07,4.631555922187758e-07,6.168120418591086e-07,1.6907779543644777e-09,2.0388117307178699e-07,1.4366889065293356e-06,2.467032914741075e-06,3.3336435588512414e-06,2.989072018610248e-06,3.663586154323553e-08,2.984702271017379e-10,0.0,1.2118546092185106e-07,6.489640501739976e-07,1.0876865026120412e-06,1.2105855718132884e-06,2.3853822281251195e-08,1.9499804845037408e-09,2.4471432993699225e-07,1.4229555137383701e-06,2.431919452476969e-06,3.7125138001050305e-06,3.770496702626659e-06,1.3589853107404774e-07,8.045096348918938e-09,0.0,1.0068814673443481e-07,7.548114795816621e-07,1.4099673518563671e-06,1.430129923297727e-06,1.3132198288727543e-06,4.67406853384528e-09,0.0,1.1143115600789567e-07,5.332563182499879e-07,1.2839368059237463e-06,1.766341750223733e-06,7.693743394698557e-08,5.776428959300273e-09,2.2779823736740462e-07,1.2044762970121377e-06,2.4529214432583038e-06,3.2233653015396724e-06,3.899023932127249e-06,1.3977589634126946e-07,9.384656069190946e-09,2.2379159405576003e-07,1.4622197392537593e-06,2.512260073344374e-06,2.989693857047655e-06,3.871113172587156e-06,1.5651736132725603e-07,9.321827512574467e-09,0.0,1.2508509102746411e-07,5.329471983937453e-07,1.0366428158606295e-06,1.3281959971387351e-06,9.094613490895125e-08,5.659109539220606e-09,0.0,1.3871691166638327e-07,7.439516582866027e-07,1.6131948047564536e-06,1.4636268278931933e-06,1.3921085931490125e-06,5.704840050862725e-08,0.0,9.996972881493001e-08,7.059488242335529e-07,1.12287130419063e-06,1.7636051553279535e-06,1.7643028239543467e-06,5.623000384980937e-08,7.211041363221215e-08,5.398013953400348e-07,1.412397626683754e-06,2.0284764959799118e-06,2.8104591007571508e-06,1.0975843642296282e-07,5.7609988594912506e-09,2.618264507042012e-07,1.4801458653845266e-06,3.0175021036437044e-06,3.329579489513108e-06,4.138650610366069e-06,1.706620812737983e-07,8.149074943407026e-10,1.2252661510807617e-07,7.282322392642107e-07,2.0509034178907695e-07,5.317933286536121e-07,9.147814686609202e-07,1.0340209182807572e-06,3.326211419691389e-08,0.0,1.3925109341834576e-07,7.117823508479077e-07,1.4354919716271411e-06,1.8283650459343282e-06,1.7879014533466132e-06,7.127456225639365e-08,0.0,1.2901406222949885e-07,6.694918503977541e-07,1.3164695948586026e-06,1.4303017373784701e-06,7.608004362634889e-08,6.0254079517082665e-09,2.5218997352926265e-07,1.503334466283146e-06,2.2583001398730883e-06,3.917137908306832e-06,3.8060525483342562e-06,1.7273878593235938e-07,6.739440049695878e-09,2.301458169148508e-07,1.507433691361572e-06,2.496750348736987e-06,3.958355391047146e-06,3.598452043835861e-06,1.357698351741532e-07,6.499892044788924e-09,2.2710464781908426e-07,1.2275820313759971e-06,2.704360151662068e-06,4.175566882809227e-06,4.0334002934579275e-06,1.4993249296974942e-07,8.599965548701861e-09
1.8204355390886752e-07,1.095205576868034e-06,2.3186212525892716e-06,2.6025161981723117e-06,2.2703309037490254e-06,1.2081147631781342e-07,6.99639380871697e-09,2.1611442389574467e-07,9.24606316342752e-07,2.2677816659922267e-06,2.9983966395749056e-06,2.110914965952668e-06,1.0023358237982233e-07,4.942395493424569e-09,1.3341077927421325e-07,9.736337270490643e-07,2.0250652764411747e-06,2.3049577546787464e-06,2.1713520236027506e-06,2.059829824792266e-06,4.346143755183449e-09,1.6490996728166701e-07,8.617219107378292e-07,1.8888652252252557e-06,2.3033516389292544e-06,2.942456194349361e-06,1.0258282478202927e-07,1.4708299570515726e-09,9.449383800495777e-08,6.038056719311356e-07,1.3675265051911325e-06,2.4106699603173264e-06,1.9677673690460173e-06,2.9816083320201354e-08,1.9122626042676417e-09,1.3374818647439126e-07,7.972672993906984e-07,2.1791713924503016e-06,2.810647117791176e-06,3.000832241807771e-06,1.0801210188162336e-07,2.083344987112687e-09,0.0,6.907163222761673e-08,4.066957667298119e-07,8.406022086350088e-07,1.1304027922482713e-06,1.0283987621160038e-06,5.5538642252630604e-08,1.809526695073434e-07,8.882511620187905e-07,2.4004347297542274e-06,2.45458045377893e-06,2.3139413006539326e-06,1.2829869242761045e-07,5.234380132254023e-09,0.0,8.360712673329951e-08,4.964239660692475e-07,8.332333527806974e-07,1.073628944495481e-06,1.0683357752853797e-06,5.252639743948381e-08,1.5844197699146027e-07,9.884916083214367e-07,2.258697232968665e-06,2.3654207256959523e-06,6.052449399007668e-07,6.287610114488722e-07,2.0924678793830203e-08,1.8631365632542556e-07,1.0456288950902845e-06,1.7525947481963672e-06,2.8641986036768134e-06,2.2396401871516074e-06,1.769511221723745e-06,6.154334556558485e-09,0.0,6.887662592625604e-08,4.613388460712899e-07,1.9743869014277694e-07,3.3365168656959647e-07,4.492802189989703e-07,1.2194313913334207e-09,1.415844267621442e-07,1.0148462108249158e-06,1.7671290811494127e-06,2.4163045379043977e-06,2.1891562035126605e-06,2.6670752632157065e-08,2.0992780381715965e-10,0.0,8.415668120717151e-08,4.5850112535792027e-07,7.795501368200633e-07,8.783601231886658e-07,1.7203337775778465e-08,1.4014470274939047e-09,1.6994084163481472e-07,1.005188100811038e-06,1.7419834205969664e-06,2.690546753268637e-06,2.760431171012779e-06,9.95412627727044e-08,5.872146392585713e-09,0.0,6.992242102984289e-08,5.332511476688103e-07,1.0104159235039534e-06,1.0373911616791557e-06,9.62938389208634e-07,3.3926538852465078e-09,0.0,7.738284787232257e-08,3.7660915361059247e-07,9.196929751363637e-07,1.2806985794823244e-06,5.5860828814286486e-08,4.180202424721864e-09,1.5819354590072468e-07,8.510957361761382e-07,1.7575874909068032e-06,2.336778467088789e-06,2.8555874223783067e-06,1.0244759819861951e-07,6.8586298947487025e-09,1.554111446478473e-07,1.03315205008163e-06,1.8000097022081246e-06,2.1673043757383826e-06,2.8349141374223527e-06,1.1470061003209039e-07,6.810234020493616e-09,0.0,8.686476342084824e-08,3.7652026505874284e-07,7.428232390375705e-07,9.632964455867362e-07,6.60444773523134e-08,4.0978566713354715e-09,0.0,9.633132515807312e-08,5.255532323821286e-07,1.1559301218442313e-06,1.0616149780593408e-06,1.0206650000582826e-06,4.1951522143861886e-08,0.0,6.942351859384586e-08,4.986846913734834e-07,8.044825177152553e-07,1.2788121232842297e-06,1.2930639210387037e-06,4.13329488879603e-08,5.007672868625953e-08,3.799332519159728e-07,1.0076507400364967e-06,1.4646642272609252e-06,2.0510500415674355e-06,8.018784722676935e-08,4.1997018490875566e-09,1.818242898165754e-07,1.0456714470767421e-06,2.1615917387049704e-06,2.413230439796973e-06,3.0307261879151817e-06,1.251045993015132e-07,5.846439313701983e-10,8.508804469627494e-08,5.133351911929072e-07,1.4464543021250694e-07,3.7922111871065276e-07,6.60112997767605e-07,7.545714464332025e-07,2.4358878854264108e-08,0.0,9.670228362973538e-08,5.028483399936904e-07,1.028527067135985e-06,1.3258648306754721e-06,1.3104890892719887e-06,5.2400715046364505e-08,0.0,8.959322061305197e-08,4.729718137191783e-07,9.432453982733521e-07,1.0372254863727736e-06,5.52450089513907e-08,4.363226593084874e-09,1.7513226855803444e-07,1.0619472056914633e-06,1.6176977021597556e-06,2.8390362802448384e-06,2.787010951011146e-06,1.2661622464183098e-07,4.928735174406581e-09,1.5982381022314994e-07,1.0652024519479274e-06,1.7891837030655286e-06,2.8702303725812363e-06,2.636195485650076e-06,9.955317652709163e-08,4.754187075515982e-09,1.5771189460708033e-07,8.674059345865876e-07,1.937729152167256e-06,3.0271213436777795e-06,2.9538909502451764e-06,1.098589932493164e-07,6.280355599436877e-09
1.264193554592025e-07,7.73822339121013e-07,1.661180734293545e-06,1.8865237168683995e-06,1.6626145729958193e-06,8.855202577492312e-08,5.113198559804229e-09,1.5007972548670596e-07,6.533896269524485e-07,1.6251144862717042e-06,2.174060174809169e-06,1.5462943271149593e-06,7.349458104339392e-08,3.6144438085071305e-09,9.264652066092831e-08,6.875674263201488e-07,1.449925672707075e-06,1.6696317928076571e-06,1.5889240579570145e-06,1.5213179872622472e-06,3.1796146847117313e-09,1.14521010044362e-07,6.088585941808579e-07,1.35331174458963e-06,1.6697166919517651e-06,2.1548888196356674e-06,7.521711488196573e-08,1.068272952434733e-09,6.562080736557993e-08,4.2597119148775903e-07,9.779325528148763e-07,1.7441578333380572e-06,1.438476826430088e-06,2.166138232557793e-08,1.3809196587524112e-09,9.288083672752734e-08,5.630280878580129e-07,1.5602198230496947e-06,2.0357923847417645e-06,2.1956555290459244e-06,7.909652086460524e-08,1.5072937379486326e-09,0.0,4.796646731945242e-08,2.8723009303642e-07,6.02029227651645e-07,8.193091111786512e-07,7.533308476313345e-07,4.07935113242043e-08,1.2566180349728913e-07,6.277541292043516e-07,1.7202478932629544e-06,1.7797241981895204e-06,1.6949203044539642e-06,9.407097988614766e-08,3.827872412625115e-09,0.0,5.806057222293963e-08,3.506100587719036e-07,5.967659444985334e-07,7.781587663372698e-07,7.825713551012055e-07,3.858307399543265e-08,1.100293375828423e-07,6.983281378273494e-07,1.6178138143856508e-06,1.7141146151425895e-06,4.4117224385054343e-07,4.616930988851892e-07,1.5387433968418638e-08,1.293847072558098e-07,7.387984121932441e-07,1.2555425074617333e-06,2.075766160099846e-06,1.6395557833417998e-06,1.307261385320783e-06,4.503639946687068e-09,0.0,4.783104355537597e-08,3.259040723298516e-07,1.40679110064763e-07,2.403035830537105e-07,3.27144929761845e-07,8.795054519418794e-10,9.832267992968329e-08,7.167619207542274e-07,1.2654843215097707e-06,1.7508476779614329e-06,1.6027125848779135e-06,1.9414963050504277e-08,1.4768036059924174e-10,0.0,5.84422040332473e-08,3.2388890704997826e-07,5.58566600958393e-07,6.370968749831414e-07,1.240662412650183e-08,1.0072521147459383e-09,1.1801466706289585e-07,7.099703919898337e-07,1.2474817655348909e-06,1.9493012440757404e-06,2.02021715338846e-06,7.289593302929963e-08,4.285970044819018e-09,0.0,4.855729291149189e-08,3.766703550669621e-07,7.239068923400405e-07,7.522594458243687e-07,7.05809994552114e-07,2.4625259319065256e-09,0.0,5.3738147043551865e-08,2.659404545822536e-07,6.586220128834517e-07,9.282808030504605e-07,4.055112363081334e-08,3.025024732519049e-09,1.0985681746625098e-07,6.013029522914976e-07,1.2590528321992896e-06,1.6935194014693633e-06,2.09062249318771e-06,7.507196471615993e-08,5.0122584704854845e-09,1.0792458854742973e-07,7.298793845833993e-07,1.2893741776078841e-06,1.5706437866065803e-06,2.0753212479129227e-06,8.403822009842194e-08,4.975115481401937e-09,0.0,6.032282001778203e-08,2.659675729633365e-07,5.321501386404973e-07,6.984209896338898e-07,4.7952899617028274e-08,2.9672572583953335e-09,0.0,6.689683258059301e-08,3.7121490234035234e-07,8.28072875996394e-07,7.697715272289169e-07,7.480360172690324e-07,3.084041824340943e-08,0.0,4.821083223699621e-08,3.522215127131479e-07,5.762309326296381e-07,9.269857475992891e-07,9.473247226429247e-07,3.0373557868613354e-08,3.477553643956513e-08,2.673877176437507e-07,7.187498853786627e-07,1.0572689208284193e-06,1.4963247674003765e-06,5.857238627288988e-08,3.0613578407071747e-09,1.2626707956084367e-07,7.386220589661263e-07,1.5480850725801906e-06,1.7485324132149702e-06,2.2185777011406627e-06,9.168798979166855e-08,4.1954221060565296e-10,5.908898794365962e-08,3.6181265102016115e-07,1.0201284496114908e-07,2.703816832076816e-07,4.762187522330773e-07,5.504516188752081e-07,1.7833905469018447e-08,0.0,6.715444200001102e-08,3.551920393615539e-07,7.367562191502318e-07,9.611610843355926e-07,9.601841394599625e-07,3.851316941673214e-08,0.0,6.221758482196073e-08,3.3408857656051745e-07,6.756654637624095e-07,7.519327666441661e-07,4.010895924363798e-08,3.159497287315975e-09,1.2161982914186745e-07,7.500449126467279e-07,1.1585315119386195e-06,2.0570196816364734e-06,2.0400610238618835e-06,9.278814978183593e-08,3.604259757901957e-09,1.1098894589985117e-07,7.525937863063457e-07,1.2818214489473615e-06,2.0805658127471874e-06,1.9305363343657716e-06,7.298105008164089e-08,3.477100419728316e-09,1.095223421026273e-07,6.12814669987137e-07,1.3880825730549425e-06,2.1938581541159308e-06,2.1625133832880437e-06,8.047958078478834e-08,4.586229054324895e-09
8.779134684769712e-08,5.466662707420184e-07,1.189866809189599e-06,1.3670867492992458e-06,1.2171243844197869e-06,6.48924056258054e-08,3.736699064529232e-09,1.0422218463160814e-07,4.6165954446349527e-07,1.1642861337511764e-06,1.5758594812166807e-06,1.1322781755365404e-06,5.3876608464364374e-08,2.643125380162753e-09,6.433794615042276e-08,4.854831847162795e-07,1.0378880363628093e-06,1.2090581542808632e-06,1.162307009868908e-06,1.1231299262775134e-06,2.326094807567333e-09,7.952859460089266e-08,4.3013133569430637e-07,9.693685877271188e-07,1.2100131429366826e-06,1.5775406964067712e-06,5.513906047650322e-08,7.759490669350631e-10,4.5570055191613806e-08,3.004758168120949e-07,6.991764217223019e-07,1.261558220651018e-06,1.051186041804066e-06,1.573626589808869e-08,9.972959048810348e-10,6.450066883539579e-08,3.9755321551914583e-07,1.116808194412495e-06,1.4741105635058117e-06,1.605951906019761e-06,5.7909799421726944e-08,1.0906613275118682e-09,0.0,3.3310079187675e-08,2.0282843017780581e-07,4.3106278224233716e-07,5.93643863275837e-07,5.516266328266821e-07,2.9954651759689726e-08,8.726527293979101e-08,4.435850561737962e-07,1.2324952384088492e-06,1.290007316683305e-06,1.241042224883077e-06,6.895915739489772e-08,2.7991236694799385e-09,0.0,4.031988090818698e-08,2.475907519218164e-07,4.273042607865563e-07,5.638272503427714e-07,5.730278110793285e-07,2.8332999562566133e-08,7.640937036861676e-08,4.932675026828152e-07,1.1584983129346655e-06,1.2417614825260491e-06,3.214939076996644e-07,3.389179173348899e-07,1.131309290082293e-08,8.985062060510508e-08,5.219269057027773e-07,8.992420742409296e-07,1.5039062448010345e-06,1.1998261470581268e-06,9.6536928005383e-07,3.295557970940649e-09,0.0,3.3216033336386514e-08,2.3019523396287865e-07,1.0022278004602165e-07,1.7303307440475577e-07,2.3813535100801112e-07,6.343489456973215e-10,6.827973221839602e-08,5.061601001166223e-07,9.060290456286141e-07,1.2682688759057716e-06,1.1729392258058743e-06,1.4132155635278072e-08,1.039105617674123e-10,0.0,4.0584901120608e-08,2.2876456798585817e-07,4.0012738174321926e-07,4.619515037531598e-07,8.947035816129261e-09,7.239588587300686e-10,8.195474200325765e-08,5.013847558948908e-07,8.93143899395213e-07,1.4118395864452848e-06,1.4779653911776933e-06,5.337216909654744e-08,3.1281401911880966e-09,0.0,3.372037475559344e-08,2.66028723971603e-07,5.185115389762594e-07,5.453220305960257e-07,5.171399226042507e-07,1.7873785543580563e-09,0.0,3.731819137627483e-08,1.8776630632024054e-07,4.715475425581844e-07,6.726269338795339e-07,2.9432284342753486e-08,2.1890360765330326e-09,7.628956558100654e-08,4.247605584812669e-07,9.017088980046411e-07,1.2269573793758888e-06,1.5300257440085489e-06,5.4999666087105456e-08,3.6627304242258925e-09,7.494773657835024e-08,5.155542326607577e-07,9.233761947840473e-07,1.1378948933245307e-06,1.5187086573024688e-06,6.155957313689415e-08,3.6343163226477845e-09,0.0,4.1890886373463534e-08,1.8784787973701545e-07,3.811333762541257e-07,5.062165408941377e-07,3.481120339709187e-08,2.148533374335869e-09,0.0,4.645617944607381e-08,2.6216329568868776e-07,5.930611966804937e-07,5.579779293482729e-07,5.480165406588264e-07,2.2665328901050756e-08,0.0,3.3479776687146374e-08,2.487389710371091e-07,4.1264024498330526e-07,6.717419234875865e-07,6.937650014420768e-07,2.2313455594355815e-08,2.4149695680285287e-08,1.8816420202761675e-07,5.125799511092731e-07,7.629815273098474e-07,1.0912603333851662e-06,4.277507646002997e-08,2.2314303318244726e-09,8.768559439747579e-08,5.2165900820427e-07,1.108441355879362e-06,1.2665318187770186e-06,1.6234727210046782e-06,6.718223496481239e-08,3.01133167554535e-10,4.1034058768614294e-08,2.5498743713039744e-07,7.194414754040692e-08,1.927517057696755e-07,3.434661139251584e-07,4.0141005936087854e-07,1.3053237698761854e-08,0.0,4.6635074519268186e-08,2.5085740753273775e-07,5.276266842917139e-07,6.965557140412445e-07,7.032497430216704e-07,2.8297732741711392e-08,0.0,4.320669693538058e-08,2.359529967275388e-07,4.838755028437556e-07,5.449383004176873e-07,2.911491284377243e-08,2.2877882705354017e-09,8.445832937552767e-08,5.296753308016291e-07,8.294969821029082e-07,1.4899558968910596e-06,1.4927621336324025e-06,6.798282303476434e-08,2.6355066182137444e-09,7.707576613749709e-08,5.316487496346514e-07,9.181098719655436e-07,1.5076863051204694e-06,1.4132507817617136e-06,5.3489444428087215e-08,2.5428893504662576e-09,7.605729375410868e-08,4.328844385949827e-07,9.9410653599988e-07,1.5894747994952688e-06,1.5825837344192101e-06,5.8944825073966063e-08,3.3489559974231764e-09
6.096628703802425e-08,3.861355900391403e-07,8.520712152134595e-07,9.903686659967272e-07,8.906798979423699e-07,4.754382610289045e-08,2.7306054480132674e-09,7.237660566338003e-08,3.261420333656953e-07,8.339312463277003e-07,1.1419022698003044e-06,8.288120064214315e-07,3.948643320050075e-08,1.932701314379929e-09,4.4679178223879804e-08,3.427467501209279e-07,7.427710045000649e-07,8.752747209856059e-07,8.499348895845426e-07,8.288272585597634e-07,1.7016111498971072e-09,5.522825747894402e-08,3.0382408728480925e-07,6.941861402079155e-07,8.766054818292153e-07,1.1544615310132828e-06,4.041128747621452e-08,5.636542067668704e-10,3.164590064083071e-08,2.1192683087004726e-07,4.99770775274375e-07,9.122296910964003e-07,7.679026422603428e-07,1.1431290989060553e-08,7.202990956152964e-10,4.479218193557958e-08,2.806729919413255e-07,7.99229299356956e-07,1.067082473623035e-06,1.1742185850583596e-06,4.238929693005914e-08,7.892862564263684e-10,0.0,2.3132018211453812e-08,1.4320802960848903e-07,3.085752166779761e-07,4.30001441355736e-07,4.037778697979195e-07,2.198950881905166e-08,6.060096015538558e-08,3.133999750942195e-07,8.828242546425601e-07,9.347548431282169e-07,9.083778116805676e-07,5.053949986937792e-08,2.0467157997882526e-09,0.0,2.7999939915552946e-08,1.748171082395115e-07,3.058918339801104e-07,4.084038615792625e-07,4.194358671416315e-07,2.08001060772519e-08,5.306212534854957e-08,3.4837179600850373e-07,8.293927935418204e-07,8.993016238237444e-07,2.3422092970041893e-07,2.487198210255306e-07,8.315805893013637e-09,6.23963392269735e-08,3.686633048061517e-07,6.439004967418477e-07,1.0892613918668e-06,8.777217969065476e-07,7.126053629457595e-07,2.411428769630927e-09,0.0,2.3066707676967955e-08,1.6257012367647042e-07,7.139096853007453e-08,1.2456652940088555e-07,1.7328884258166702e-07,4.5753532657755607e-10,4.7416534740542275e-08,3.5738823125283583e-07,6.485238802210825e-07,9.184227031543013e-07,8.581016131591238e-07,1.0286058609710398e-08,7.312756509881611e-11,0.0,2.818398064369163e-08,1.615546815132965e-07,2.865601037577129e-07,3.34847900667007e-07,6.451903973984233e-09,5.203588011534664e-10,5.691308015494851e-08,3.540308227866867e-07,6.393038819091036e-07,1.0222607850828937e-06,1.0808807898000482e-06,3.906946737682349e-08,2.2830022889402503e-09,0.0,2.3416945696152367e-08,1.8785992415037226e-07,3.713035099108038e-07,3.9518540444889113e-07,3.7875810903770356e-07,1.2973122622052092e-09,0.0,2.5915430181922384e-08,1.3255363966548154e-07,3.375299175854345e-07,4.8722965989899e-07,2.135848124619122e-08,1.5840465751951117e-09,5.297892806713437e-08,3.0000747810346074e-07,6.456331463517281e-07,8.886636910755771e-07,1.119353133816485e-06,4.028546730301473e-08,2.676395194263357e-09,5.2047100428476316e-08,3.641121176345445e-07,6.61112890057519e-07,8.241290958742717e-07,1.110988565574216e-06,4.508392998124779e-08,2.6547219509908233e-09,0.0,2.9090915964333797e-08,1.3265458191609716e-07,2.7290757402092353e-07,3.6679147875341525e-07,2.5266712051502695e-08,1.5556654360779732e-09,0.0,3.226126218477214e-08,1.851216591766565e-07,4.24645125250467e-07,4.0432887047187104e-07,4.013278657464374e-07,1.6652290425487902e-08,0.0,2.3249863482556347e-08,1.7563495774722748e-07,2.954223413284539e-07,4.866279341713547e-07,5.078823230871286e-07,1.638742779737285e-08,1.677063218547514e-08,1.3240198229910376e-07,3.6547933405089533e-07,5.50459744702274e-07,7.955838986997082e-07,3.1232159851838555e-08,1.626390545883858e-09,6.08928447631664e-08,3.6837457600687535e-07,7.934672453526095e-07,9.171239435275442e-07,1.1875724086156669e-06,4.921519316203033e-08,2.161911232095705e-10,2.8495896919160604e-08,1.796829521522764e-07,5.0737187661573154e-08,1.3739042213609115e-07,2.476579954677641e-07,2.9262414625692853e-07,9.551543599327557e-09,0.0,3.238549466357614e-08,1.7714512782635364e-07,3.7776892371306313e-07,5.046385236703099e-07,5.148742238380005e-07,2.078573109427909e-08,0.0,3.000467426906248e-08,1.6662031322987835e-07,3.4644326129049577e-07,3.9480283695646466e-07,2.11307590835914e-08,1.656532814340519e-09,5.8651683993059174e-08,3.7399984732680904e-07,5.937722530472455e-07,1.0788916317795608e-06,1.0919012070123863e-06,4.979770310987834e-08,1.9269840653404445e-09,5.352490081976086e-08,3.7551370579655227e-07,6.574428221344681e-07,1.092213134464771e-06,1.0341980718864522e-06,3.919484437582831e-08,1.859539609685922e-09,5.281762976403713e-08,3.0573979774713885e-07,7.117830157880902e-07,1.1512433674021881e-06,1.15776499473408e-06,4.316336034041802e-08,2.445364487665245e-09
4.233774212347408e-08,2.7270620960614924e-07,6.10029951621505e-07,7.172436387382856e-07,6.51559276635271e-07,3.482564172966819e-08,1.995278454714061e-09,5.026158295915349e-08,2.303712272285139e-07,5.971689169818607e-07,8.271950296995709e-07,6.064614036134334e-07,2.8933315037031026e-08,1.413125884191389e-09,3.102723543047157e-08,2.419433907988937e-07,5.314478066086314e-07,6.334527159933451e-07,6.212977114861317e-07,6.113989574562595e-07,1.244717549793543e-09,3.8352995235043213e-08,2.145758804356779e-07,4.970046878246403e-07,6.348732967309084e-07,8.445470288458136e-07,2.9610561896959265e-08,4.09466373516277e-10,2.1976336660350316e-08,1.494549589885372e-07,3.571598230687727e-07,6.594446532562417e-07,5.607700382894479e-07,8.303575913968998e-09,5.202755168406174e-10,3.110571129218624e-08,1.9812858374593042e-07,5.718284610092774e-07,7.722166577916884e-07,8.582536059340064e-07,3.1021989173626817e-08,5.712538020428799e-10,0.0,1.606391240055842e-08,1.0109893365491589e-07,2.2084152515195428e-07,3.1137347345867e-07,2.9544734240367294e-07,1.613784642336167e-08,4.2084044182508914e-08,2.2138942914069224e-07,6.322076036583186e-07,6.771289017780287e-07,6.646476180741637e-07,3.7031607740646636e-08,1.4964501821822345e-09,0.0,1.9444415809186468e-08,1.2341670054250146e-07,2.1892614451861154e-07,2.957342196676247e-07,3.068993792284331e-07,1.5265694690164504e-08,3.6848734376135346e-08,2.4600394364841697e-07,5.936420950219386e-07,6.510935364197843e-07,1.7059561985007887e-07,1.8247455339530958e-07,6.111323671708328e-09,4.33308344857987e-08,2.603680775653659e-07,4.609559862682184e-07,7.887046421049666e-07,6.418655733305443e-07,5.258136294116432e-07,1.7644025342081154e-09,0.0,1.6018557332724197e-08,1.1479529052011867e-07,5.084644647576659e-08,8.965578876278711e-08,1.2606153532593088e-07,3.300091766952953e-10,3.292818039283577e-08,2.5230913583339307e-07,4.6409824111948914e-07,6.648813785315867e-07,6.275489207307611e-07,7.486116647208194e-09,5.147392482697428e-11,0.0,1.9572221239214508e-08,1.140747404200243e-07,2.0517716543479744e-07,2.426393537611403e-07,4.652414083833662e-09,3.7402821649574553e-10,3.952300986757096e-08,2.499488388748643e-07,4.575025422210692e-07,7.399628570872068e-07,7.902069476973106e-07,2.8593738533367482e-08,1.6661260140289012e-09,0.0,1.6261778715515163e-08,1.3264146768085308e-07,2.6582528146653503e-07,2.8629471078049035e-07,2.7730136411095205e-07,9.415916721767951e-10,0.0,1.7996837799716535e-08,9.356369767633078e-08,2.41545099847476e-07,3.5282540054964e-07,1.5496794706987806e-08,1.1462324889917715e-09,3.679095876960897e-08,2.118644635243277e-07,4.6217235149554293e-07,6.434517620744134e-07,8.186212304559803e-07,2.95014048883209e-08,1.955544721642431e-09,3.614385511684224e-08,2.571191967533968e-07,4.732290939198253e-07,5.967039886315436e-07,8.124430123302381e-07,3.301073308838264e-08,1.939056662534783e-09,0.0,2.020203808762427e-08,9.366505885250971e-08,1.9536720084975456e-07,2.6568563745401294e-07,1.8335963092937147e-08,1.1263575083479415e-09,0.0,2.2403669603126373e-08,1.307020731283471e-07,3.0398357940875514e-07,2.9289851041370103e-07,2.937933804112789e-07,1.223086222476941e-08,0.0,1.6145749270159703e-08,1.2399902967354363e-07,2.114528110881338e-07,3.524186224454414e-07,3.7166656274596864e-07,1.2031740388503971e-08,1.1646278245676255e-08,9.315677138858819e-08,2.605449717390511e-07,3.970286605911833e-07,5.798302508034898e-07,2.279955996463279e-08,1.1853247310607797e-09,4.228673877107392e-08,2.6009508203076604e-07,5.678652112907956e-07,6.6391334830852e-07,8.684048360306452e-07,3.6045135380760966e-08,1.5524265820651848e-10,1.9788830489214733e-08,1.2660437920040719e-07,3.578058689617327e-08,9.791584440657755e-08,1.7853101367680023e-07,2.1324914867142868e-07,6.987363240510167e-09,0.0,2.248994203643011e-08,1.2507517315664667e-07,2.7041070356275763e-07,3.6548693655492006e-07,3.7681808859378043e-07,1.5263397291259446e-08,0.0,2.0836593021872024e-08,1.1764406296653723e-07,2.4798693583315435e-07,2.8594326286663944e-07,1.5333453779901617e-08,1.1994148247309889e-09,4.073037451524685e-08,2.640421987724066e-07,4.2493717318662233e-07,7.810046368407301e-07,7.984056907250954e-07,3.646891292508151e-08,1.408823960155259e-09,3.7170106605271614e-08,2.6519462162121845e-07,4.7067287119353464e-07,7.909930399579122e-07,7.565432064761803e-07,2.8713928084763237e-08,1.359720607917506e-09,3.66789469813939e-08,2.1590874891805813e-07,5.095197188780265e-07,8.335870882432031e-07,8.466855937691377e-07,3.160051409768214e-08,1.785486384764826e-09
2.9401234573305652e-08,1.9257013452903867e-07,4.3664223485403693e-07,5.192869967121048e-07,4.764683294387127e-07,2.5504028105173322e-08,1.457874805126375e-09,3.490390671044568e-08,1.626999059430189e-07,4.275256657458877e-07,5.990407845912912e-07,4.4360536434929553e-07,2.119586129672386e-08,1.0331528872880378e-09,2.1546707663871582e-08,1.7076404125156171e-07,3.8016231739104533e-07,4.5830912413091e-07,4.540098801000655e-07,4.5083180799639213e-07,9.104509867813126e-10,2.663404683487442e-08,1.5152289473065002e-07,3.5574940588820786e-07,4.596641781215818e-07,6.176122755514492e-07,2.1691585049673976e-08,2.974727167177743e-10,1.5261354606951028e-08,1.0538614089004815e-07,2.551898589310523e-07,4.7657531754792666e-07,4.093715431045848e-07,6.031281616864557e-09,3.758236284817888e-10,2.1601205407583045e-08,1.3984140751971804e-07,4.090375925192175e-07,5.586701166136126e-07,6.270970066621674e-07,2.2698240450291036e-08,4.1349567658530574e-10,0.0,1.1155501010247175e-08,7.136206906079754e-08,1.5801604497347538e-07,2.2540475429886552e-07,2.1610278539414659e-07,1.1840094447323093e-08,2.922505618483577e-08,1.5636940763414316e-07,4.526299028252696e-07,4.903599570504121e-07,4.861425090177172e-07,2.712793835144241e-08,1.0940439061757142e-09,0.0,1.3503074108130882e-08,8.711750113787644e-08,1.5664914725382999e-07,2.1408353305705497e-07,2.2447575334770304e-07,1.1200731780570207e-08,2.5589419834378953e-08,1.7369239195239422e-07,4.2480561804829484e-07,4.7125297083706804e-07,1.2422245604397191e-07,1.3383557277942047e-07,4.49028922690267e-09,3.009088236847143e-08,1.8385871937889676e-07,3.299136523057494e-07,5.709124298287543e-07,4.6922599697975434e-07,3.8783253301020535e-07,1.2909110721385953e-09,0.0,1.1124004127170045e-08,8.104894436748344e-08,3.6209201446858655e-08,6.45150992782958e-08,9.167733724245537e-08,2.3802944222444246e-10,2.286681003109141e-08,1.7810130275327275e-07,3.320439145429683e-07,4.811914891341122e-07,4.587798896714768e-07,5.447905271224129e-09,3.623918789723221e-11,0.0,1.3591827513200183e-08,8.053777150928111e-08,1.4687227720558823e-07,1.7576786984398195e-07,3.3546653924038314e-09,2.688545564143686e-10,2.7446556358418304e-08,1.7644212600323426e-07,3.2732674597412966e-07,5.354659827782502e-07,5.775047155121262e-07,2.092256774467637e-08,1.2158753545449283e-09,0.0,1.1292908175809256e-08,9.364079102987966e-08,1.9026624558023232e-07,2.0734443823884644e-07,2.0294613232195817e-07,6.833901772816449e-10,0.0,1.2497810555364209e-08,6.603372296014228e-08,1.7281639637415003e-07,2.5541985734829397e-07,1.124186425638396e-08,8.294036745220927e-10,2.5549298050718363e-08,1.4959716154685327e-07,3.307671384503897e-07,4.6576520688938814e-07,5.984785308793991e-07,2.159945682348412e-08,1.4287491385346042e-09,2.5099919862122496e-08,1.815404943254562e-07,3.3866294666177295e-07,4.3191185434519087e-07,5.939181302889048e-07,2.4165493768349992e-08,1.416235716728982e-09,0.0,1.4029200703186247e-08,6.612617171409607e-08,1.3982563134474139e-07,1.9239105557341524e-07,1.3304048770901856e-08,8.154945593609309e-10,0.0,1.5558112747798864e-08,9.226747185456735e-08,2.1755700699300943e-07,2.1211252922745805e-07,2.149929526508827e-07,8.980743365216892e-09,0.0,1.1212332095815477e-08,8.753199168927178e-08,1.5131554893278482e-07,2.5514666170754903e-07,2.718854664435648e-07,8.831220634096452e-09,8.087696639575037e-09,6.553862622089164e-08,1.857045193774249e-07,2.862889787397687e-07,4.224498152264902e-07,1.664041090037259e-08,8.638127552040417e-10,2.9365814555751088e-08,1.8361798131237718e-07,4.0631518250774823e-07,4.804720112756966e-07,6.347951801765903e-07,2.6393492282927998e-08,1.1150024886746205e-10,1.3742251022932124e-08,8.919592918095535e-08,2.52323977864257e-08,6.977322052692902e-08,1.286677203431423e-07,1.5535386227233068e-07,5.110206366373829e-09,0.0,1.5618024089101483e-08,8.829856488210163e-08,1.935179667820198e-07,2.6462583088409315e-07,2.7567907504206273e-07,1.1204960131082296e-08,0.0,1.4469864177155915e-08,8.305250099894813e-08,1.7747013499137167e-07,2.0703709005665114e-07,1.1124742880533726e-08,8.684058750086586e-10,2.828500453438414e-08,1.86387378017303e-07,3.04040088079951e-07,5.652006584648653e-07,5.835977956576207e-07,2.6701748856148056e-08,1.0299083788800252e-09,2.5812595207664018e-08,1.8725896431322728e-07,3.3688353777358323e-07,5.72675666948159e-07,5.532373606354594e-07,2.10309576531801e-08,9.941657365575989e-10,2.5471512617553082e-08,1.5245014100109397e-07,3.646486675607506e-07,6.034024399750856e-07,6.189764514458286e-07,2.3130348611541523e-08,1.3036068819365257e-09
2.041753834455677e-08,1.3596358030000927e-07,3.1246486932222336e-07,3.7585558083054025e-07,3.4830855693782856e-07,1.8673384002990732e-08,1.0651421876007915e-09,2.42388412683025e-08,1.1489074347017105e-07,3.0600380042986e-07,4.336868714587176e-07,3.2436881902909097e-07,1.552410298149746e-08,7.552913752143101e-10,1.4963000918757943e-08,1.2050977655999222e-07,2.718828245042863e-07,3.314966196697722e-07,3.316533677881229e-07,3.3230438641224274e-07,6.659097654051863e-10,1.8495878799591595e-08,1.0698313230593468e-07,2.545825269865496e-07,3.327107777988842e-07,4.515001345300969e-07,1.5886809298918775e-08,2.1612099658696072e-10,1.0598168536277161e-08,7.43029841306142e-08,1.822949625881011e-07,3.443226135112709e-07,2.9874923408092195e-07,4.380533160292538e-09,2.7149600422070506e-10,1.500084693600836e-08,9.868872398282165e-08,2.9252652046371233e-07,4.040625634434677e-07,4.580451643900568e-07,1.6604421596668447e-08,2.993350417403131e-10,0.0,7.746879339556777e-09,5.036523974844328e-08,1.1303785977477017e-07,1.6312338812253102e-07,1.5801040804146832e-07,8.684504619817597e-09,2.0295192662405744e-08,1.1042941524171285e-07,3.2398612551751246e-07,3.5500180442360607e-07,3.5545541351613367e-07,1.986843259395925e-08,7.997855676364631e-10,0.0,9.37713918313509e-09,6.14864374774662e-08,1.1206258517219549e-07,1.5493046401077753e-07,1.641300839766719e-07,8.2159126235959e-09,1.777044257381241e-08,1.2261968154746847e-07,3.0391942300027503e-07,3.409882221215106e-07,9.043223084327994e-08,9.813398177043794e-08,3.298538743940269e-09,2.089646060442481e-08,1.2981367219301298e-07,2.3607107359691274e-07,4.131419030577458e-07,3.429042960699085e-07,2.859490906918963e-07,9.444264925281093e-10,0.0,7.725006326539589e-09,5.721522508980925e-08,2.5782130023254648e-08,4.641429572669918e-08,6.665164683971401e-08,1.7168682574247533e-10,1.587973965548328e-08,1.2570240320392776e-07,2.3751130963389696e-07,3.481495120692385e-07,3.3528280041614926e-07,3.964297984242416e-09,2.551848325225307e-11,0.0,9.438773276387097e-09,5.6852674601342135e-08,1.0511138247199175e-07,1.272871015203099e-07,2.41879530979327e-09,1.932596294065164e-10,1.9060121154795836e-08,1.245361770733154e-07,2.3413847839518734e-07,3.8737306867774454e-07,4.219140162841739e-07,1.5306272272522904e-08,8.872548524855183e-10,0.0,7.842300983083032e-09,6.609862026719607e-08,1.361529483431841e-07,1.5012053526876658e-07,1.484741023834756e-07,4.959762733708429e-10,0.0,8.679038889360942e-09,4.6598057296244565e-08,1.2361579242897753e-07,1.8485029152348872e-07,8.153791517087275e-09,6.001315220200024e-10,1.774258031854101e-08,1.056157809596078e-07,2.3666963205599378e-07,3.3704852153191795e-07,4.3738709661414047e-07,1.581061421047727e-08,1.0437908270159047e-09,1.743051175370097e-08,1.2816020159744044e-07,2.4230696250952197e-07,3.125400259543222e-07,4.3402297653519725e-07,1.768655249925474e-08,1.0343146228138187e-09,0.0,9.742504877486777e-09,4.667781901136646e-08,1.00051260190524e-07,1.3927450119248874e-07,9.651368061043509e-09,5.904042306185223e-10,0.0,1.080425009223824e-08,6.512633627528475e-08,1.5566700685968705e-07,1.5356217307817508e-07,1.572709068928668e-07,6.592355003494557e-09,0.0,7.786345329320355e-09,6.17813655258372e-08,1.0825679656416339e-07,1.8466819525967139e-07,1.9882132607347235e-07,6.4802022928636746e-09,5.616457977005454e-09,4.610454050127182e-08,1.3233763416033555e-07,2.0638377687885975e-07,3.076881704917267e-07,1.2142684473959185e-08,6.294633542874886e-10,2.0392940516518534e-08,1.2961039861865184e-07,2.9065906599546476e-07,3.4761615264076545e-07,4.6387015026039524e-07,1.932190009365612e-08,8.00994917065376e-11,9.543234292977215e-09,6.283425397550172e-08,1.7793419848647905e-08,4.971240892009889e-08,9.270899451301222e-08,1.1314013872243451e-07,3.73636965368783e-09,0.0,1.0845855145449695e-08,6.232722541285264e-08,1.3845862806616718e-07,1.9154176350137042e-07,2.0161354904658641e-07,8.223251878045362e-09,0.0,1.0048521366949981e-08,5.862421384923665e-08,1.269764265866671e-07,1.4986046804626517e-07,8.069840139151434e-09,6.287223721137438e-10,1.9642377124873593e-08,1.3155333939714625e-07,2.1749025221313544e-07,4.089091238789463e-07,4.2643765695439434e-07,1.954609515142262e-08,7.528395473024961e-10,1.7925425590938865e-08,1.3220885399652382e-07,2.410690231962073e-07,4.144932757465074e-07,4.0442611721048263e-07,1.5400267877641685e-08,7.268276033777503e-10,1.76885629650949e-08,1.0762812326613935e-07,2.609096001569166e-07,4.3665379997814915e-07,4.523539558734017e-07,1.6926968158507002e-08,9.517268859531036e-10
1.4178854365973137e-08,9.598359516944645e-08,2.2355224703041424e-07,2.719626157779671e-07,2.545343328829552e-07,1.3669161183683914e-08,7.781514252017856e-10,1.6832538591387903e-08,8.111898105055556e-08,2.1897403419358933e-07,3.138841849603679e-07,2.3710037608121586e-07,1.1367489524092356e-08,5.521146337559623e-10,1.0390978349952805e-08,8.503393172525354e-08,1.944017588685311e-07,2.3970537748140046e-07,2.4219163023945707e-07,2.448452509818214e-07,4.870181359601102e-10,1.2844367769145872e-08,7.552540571629129e-08,1.821441522654805e-07,2.4075068480656036e-07,3.2995282798611067e-07,1.1632764722412287e-08,1.5702372729624538e-10,7.359842512327568e-09,5.238167352406114e-08,1.301960190765804e-07,2.487035976689605e-07,2.1794870593773806e-07,3.1813809420020373e-09,1.9614172075861744e-10,1.0417260515781276e-08,6.963752148833526e-08,2.0915741917775972e-07,2.921597891181569e-07,3.3445553780582935e-07,1.2144069579002032e-08,2.1671367700847867e-10,0.0,5.37977942308437e-09,3.5541677898069886e-08,8.084449436974118e-08,1.1801656982292712e-07,1.1549372011984172e-07,6.368189780265385e-09,1.4093892332289967e-08,7.797526824486525e-08,2.3185195342037064e-07,2.569329990648095e-07,2.5981138818453555e-07,1.4548327121300456e-08,5.846249013582719e-10,0.0,6.511904747020003e-09,4.33906977455945e-08,8.014878275509696e-08,1.1208929545755569e-07,1.199649994341594e-07,6.0248413153227235e-09,1.2340592140613463e-08,8.655281974514517e-08,2.1738560115347485e-07,2.466613027799976e-07,6.581700457868169e-08,7.193613917484951e-08,2.4225752963272356e-09,1.4511439376542875e-08,9.164259151401757e-08,1.6888396356236867e-07,2.988858980454779e-07,2.5050633205299845e-07,2.1075004120668927e-07,6.90893394940519e-10,0.0,5.364589731299342e-09,4.038478638250404e-08,1.8355264327232918e-08,3.338495427104525e-08,4.84430305752181e-08,1.238349671827003e-10,1.1027603042900545e-08,8.870812013591773e-08,1.6985475320145245e-07,2.518196182169118e-07,2.4494605024030494e-07,2.884465305188057e-09,1.797283899281609e-11,0.0,6.554706077385857e-09,4.012770614802963e-08,7.520736237582022e-08,9.215056078820882e-08,1.7439210639707385e-09,1.3892318411090928e-10,1.3236202524417202e-08,8.788845297096882e-08,1.6744372418681587e-07,2.801588308950742e-07,3.0814003792444263e-07,1.1195259346113288e-08,6.474172804112654e-10,0.0,5.446044456025905e-09,4.66511377347183e-08,9.740780212142247e-08,1.0865717945449333e-07,1.0858358625496549e-07,3.599458722080505e-10,0.0,6.027112529220524e-09,3.2878679752001184e-08,8.840295324791129e-08,1.337390449828348e-07,5.91296860345744e-09,4.3422314354762535e-10,1.2321243406594788e-08,7.455478128566018e-08,1.6930352196528362e-07,2.438338207181682e-07,3.195488483286812e-07,1.1570720767937217e-08,7.624982219615312e-10,1.2104528907484236e-08,9.046373093856187e-08,1.7332753518244582e-07,2.2609570024505583e-07,3.1706870418413144e-07,1.2941888642984648e-08,7.553363999618038e-10,0.0,6.765630925793217e-09,3.294504457673809e-08,7.157485998491087e-08,1.0079296188866913e-07,7.000333787796328e-09,4.27425373905527e-10,0.0,7.502954419576564e-09,4.596290904394349e-08,1.1135818974255271e-07,1.1114064460696633e-07,1.1500503859360824e-07,4.8377447770443704e-09,0.0,5.407186339087678e-09,4.360048398337498e-08,7.74336655337448e-08,1.3361874588416833e-07,1.4534052144862228e-07,4.753712009569212e-09,3.900319181823977e-09,3.243052683976125e-08,9.429019969525704e-08,1.487429107289186e-07,2.2403191636919968e-07,8.858872271880563e-09,4.5865772867791114e-10,1.4161772198043205e-08,9.147596924624662e-08,2.0787832232674058e-07,2.5142517183503867e-07,3.388541157024946e-07,1.4141831712039529e-08,5.755332802323399e-11,6.627248594205984e-09,4.425921114054916e-08,1.2547292501077785e-08,3.541457439096944e-08,6.67839542294003e-08,8.23708416231281e-08,2.731168125147136e-09,0.0,7.53184679270478e-09,4.398904347711218e-08,9.904249825813103e-08,1.3860136421060906e-07,1.4739467705092761e-07,6.0332595865612195e-09,0.0,6.978142489620067e-09,4.137556370054702e-08,9.082884216127414e-08,1.084422626652011e-07,5.852813969714824e-09,4.5517330056036643e-10,1.3640547115196478e-08,9.283899359012239e-08,1.5554392337499937e-07,2.9575209470375463e-07,3.114952538442339e-07,1.4304865836813753e-08,5.502587994231171e-10,1.2448219308775394e-08,9.332961759987522e-08,1.7246681279635514e-07,2.999167929125482e-07,2.955418162556069e-07,1.1274578977957228e-08,5.313323281238686e-10,1.2283731537944521e-08,7.597400977401428e-08,1.8664174053754444e-07,3.158954231889773e-07,3.3047379358325346e-07,1.2384686711018404e-08,6.947876801940584e-10
9.846431440685253e-09,6.775060512829417e-08,1.5990452283492952e-07,1.9673148088313e-07,1.8594426567026728e-07,1.0003807162753294e-08,5.684449512131806e-10,1.1689268656874756e-08,5.726650137686867e-08,1.5666107101579917e-07,2.2711074922493862e-07,1.732520224020558e-07,8.321953336556825e-09,4.035593905924902e-10,7.215960364557614e-09,5.999392302916963e-08,1.389714957065209e-07,1.7328311709106335e-07,1.7680374727309312e-07,1.8033654308595308e-07,3.5615889700071713e-10,8.919704173679172e-09,5.3310470529965774e-08,1.302883499324993e-07,1.7415840688012e-07,2.4104598624754046e-07,8.515893446852832e-09,1.1409056642370952e-10,5.111003626561966e-09,3.692356257971465e-08,9.296807291855408e-08,1.7959026252380735e-07,1.5895058312590486e-07,2.3103309867131146e-09,1.4171056178074187e-10,7.234211988487646e-09,4.913195050767737e-08,1.4951636029410118e-07,2.1118965440639809e-07,2.4413327417013474e-07,8.880013796949902e-09,1.569114920166083e-10,0.0,3.735959149377748e-09,2.5077798416712744e-08,5.780723745405402e-08,8.53581870073539e-08,8.438798725333241e-08,4.668407798701047e-09,9.787430173913921e-09,5.505149649460312e-08,1.658814331795807e-07,1.8590230728950368e-07,1.8983873253213235e-07,1.0650382719691386e-08,4.2731157507933167e-10,0.0,4.522157542587694e-09,3.061668975862878e-08,5.7311051500073286e-08,8.107128496505919e-08,8.765380230027053e-08,4.41689023447462e-09,8.569859713556152e-09,6.108644734322965e-08,1.5545641317816796e-07,1.783777944160151e-07,4.789007926259334e-08,5.2717631636611336e-08,1.778859283987526e-09,1.0077393316608385e-08,6.468684855367643e-08,1.207921344135162e-07,2.1616719132940554e-07,1.8294536342004128e-07,1.5526851632755834e-07,5.053856660441074e-10,0.0,3.725410695409554e-09,2.8501443033653973e-08,1.3066070089518537e-08,2.4008203581600943e-08,3.5198586893862206e-08,8.93198724673096e-11,7.65806117408872e-09,6.25932357209889e-08,1.2144431613420643e-07,1.8209207083746743e-07,1.7888913481624273e-07,2.0985783994496465e-09,1.2660886169364703e-11,0.0,4.551880618208238e-09,2.8319191708960706e-08,5.379887457162319e-08,6.669330118936071e-08,1.257277394017318e-09,9.986591944957635e-11,9.191811519843156e-09,6.201718927708309e-08,1.1972123079774866e-07,2.025621523302056e-07,2.2497282160761474e-07,8.186703414205526e-09,4.723841069038378e-10,0.0,3.781976536993727e-09,3.292119154588585e-08,6.967281344608956e-08,7.862293889420697e-08,7.938227217109332e-08,2.6121359457315574e-10,0.0,4.185496080653448e-09,2.319563931161353e-08,6.32069539613726e-08,9.67321350899097e-08,4.287223975364058e-09,3.141697566312875e-10,8.556423127568201e-09,5.2621640333309196e-08,1.210860697850651e-07,1.763491424642169e-07,2.3338045165681795e-07,8.465992108419018e-09,5.569686006146076e-10,8.40592682080804e-09,6.384669401491926e-08,1.2395788012719589e-07,1.6351472257013278e-07,2.3155307932885165e-07,9.46801791560518e-09,5.51565879103078e-10,0.0,4.6983562772947305e-09,2.324946426327044e-08,5.119200195138302e-08,7.292266730414902e-08,5.076604653285825e-09,3.094229208242108e-10,0.0,5.210386728180286e-09,3.2434120818613e-08,7.96436836589594e-08,8.041447463797555e-08,8.406824045489169e-08,3.5491174058507873e-09,0.0,3.754991718107068e-09,3.076586657158955e-08,5.537439232435003e-08,9.665350390159942e-08,1.0620855108067165e-07,3.486218328069833e-09,2.708555646959145e-09,2.2810180545979787e-08,6.716966614820883e-08,1.0717374012781e-07,1.6307010791455757e-07,6.4618258744008265e-09,3.3417449546615516e-10,9.834568626475016e-09,6.455318404150934e-08,1.486416346935483e-07,1.8180099836246426e-07,2.474484266797507e-07,1.0348191830863284e-08,4.1361424214675374e-11,4.60225744759831e-09,3.1172188133867135e-08,8.847695442134145e-09,2.5225590108752375e-08,4.8097444849709134e-08,5.995075096619169e-08,1.9958833693305216e-09,0.0,5.230450866375341e-09,3.1042361508780094e-08,7.083166585200189e-08,1.002642626473613e-07,1.0771900262192614e-07,4.4252371119100875e-09,0.0,4.845933818261331e-09,2.9198081991159657e-08,6.495742286996538e-08,7.844847037833186e-08,4.2441357151725844e-09,3.295150563326268e-10,9.47260646897679e-09,6.550931585848811e-08,1.1121722442350974e-07,2.1384913252422276e-07,2.2745911348846737e-07,1.0466733034479872e-08,4.0215282276490977e-10,8.644600845552278e-09,6.58749699396371e-08,1.2335979910116588e-07,2.169503783075781e-07,2.1590008097966747e-07,8.25230563037006e-09,3.8838462092777075e-10,8.530373319819721e-09,5.36224486337845e-08,1.334849300154179e-07,2.2846890324729638e-07,2.413526304727099e-07,9.059404285225092e-09,5.071827743612179e-10
6.8378023895695855e-09,4.781586815744662e-08,1.1435305245386571e-07,1.4227110654657734e-07,1.3579238767212803e-07,7.319702463114225e-09,4.1522081752687775e-10,8.117551003380027e-09,4.042225285763378e-08,1.1205563479329154e-07,1.6427929150426252e-07,1.2655501361119156e-07,6.091002168851634e-09,2.949496201481976e-10,5.0110854234212014e-09,4.2322192970193134e-08,9.932527550733473e-08,1.2523225985348716e-07,1.2902782455454821e-07,1.3277445909157828e-07,2.6044105190942796e-10,6.194241516587655e-09,3.762483578691097e-08,9.317536247994588e-08,1.2595034521399964e-07,1.7603703924368427e-07,6.232735273857525e-09,8.289875674718788e-11,3.5493091618145096e-09,2.602433716844148e-08,6.637190933082935e-08,1.296490485474583e-07,1.1588633782150024e-07,1.677649021127065e-09,1.0239027122989406e-10,5.0237602340021265e-09,3.4660156099019956e-08,1.0685945203890114e-07,1.5261839472215702e-07,1.7814596582301363e-07,6.4919016454878675e-09,1.1362146773286203e-10,0.0,2.594416780164228e-09,1.769237899466958e-08,4.132574089675187e-08,6.171981568088618e-08,6.163886757418919e-08,3.421402778999735e-09,6.796829369638855e-09,3.886176514602983e-08,1.1865578860599392e-07,1.3447049506344267e-07,1.3866507376179526e-07,7.795072955451313e-09,3.123016825303098e-10,0.0,3.140388032202105e-09,2.1600560502397765e-08,4.097192776328941e-08,5.862020995587104e-08,6.40234358404397e-08,3.237200568104496e-09,5.951293817981662e-09,4.31074229576824e-08,1.1114590393223432e-07,1.2896159760667883e-07,3.483745419491432e-08,3.8623080414777344e-08,1.305914469627571e-09,6.998192618313885e-09,4.565383737175567e-08,8.637636448774377e-08,1.5629821365559944e-07,1.3356201847933e-07,1.1435053211549147e-07,3.696594776465434e-10,0.0,2.5870914323744343e-09,2.011220614289731e-08,9.299772020627488e-09,1.7261542668977187e-08,2.556787185228821e-08,6.442432377376915e-11,5.318100066026978e-09,4.4160761862791864e-08,8.68128799462705e-08,1.316351754166335e-07,1.3060322109567184e-07,1.5266678624229663e-09,8.92066565330067e-12,0.0,3.1610290147268816e-09,1.9983031675462765e-08,3.847598470985378e-08,4.825463286457966e-08,9.063810118580227e-10,7.179067264157784e-11,6.383204881390926e-09,4.3755959398534966e-08,8.558173404055535e-08,1.464175322063877e-07,1.641994369352533e-07,5.985412255037147e-09,3.446512960574438e-10,0.0,2.62637330128205e-09,2.3229144848458218e-08,4.9823856787913724e-08,5.687409659527565e-08,5.801375976876901e-08,1.8955483159243093e-10,0.0,2.90659523487218e-09,1.6362309590357642e-08,4.518243712644941e-08,6.994547849910663e-08,3.107930915240984e-09,2.2730005070708497e-10,5.941962874475534e-09,3.7136109524480115e-08,8.658218206550425e-08,1.2750651250189398e-07,1.703921598669928e-07,6.193000722358004e-09,4.068064310845152e-10,5.837451478920173e-09,4.505529887255943e-08,8.863128598609364e-08,1.1822274482330467e-07,1.690465189626942e-07,6.925122248887649e-09,4.0273766792904586e-10,0.0,3.2627482650501228e-09,1.6405143017022414e-08,3.6605710402480705e-08,5.2743684175695734e-08,3.6808879509389537e-09,2.2398809295781872e-10,0.0,3.6183251090799615e-09,2.2884499466044865e-08,5.694892994159633e-08,5.8166117513533974e-08,6.143217714646282e-08,2.602997854603326e-09,0.0,2.6076338341344025e-09,2.1706606150349057e-08,3.9590781708375374e-08,6.989474894230135e-08,7.758601913519274e-08,2.5559634737584443e-09,1.8809418028260647e-09,1.604236211091549e-08,4.7841456155596344e-08,7.720287048365114e-08,1.1866047939112647e-07,4.7124330034163785e-09,2.4345749152560874e-10,6.829564206608905e-09,4.5548356030620174e-08,1.0626226804189161e-07,1.314208225228702e-07,1.806401294306978e-07,7.570531950877949e-09,2.973051943248465e-11,3.196012971315335e-09,2.195270008652575e-08,6.238780591788505e-09,1.7965678190351534e-08,3.463164161320303e-08,4.361965309275008e-08,1.4581793135228843e-09,0.0,3.6322585319122942e-09,2.1903292599952737e-08,5.0645291206390647e-08,7.25105627463521e-08,7.869615169969503e-08,3.2448764952872764e-09,0.0,3.3652327038585134e-09,2.0601988559075713e-08,4.644506392174283e-08,5.673442211418241e-08,3.0770779825937315e-09,2.385356599134541e-10,6.578201427187485e-09,4.6219016151503526e-08,7.950569103586523e-08,1.5458505331168566e-07,1.6604020802933652e-07,7.656710273640633e-09,2.938824587505913e-10,6.003197405801434e-09,4.64905111930891e-08,8.821596617722506e-08,1.568910363428512e-07,1.576677317308245e-07,6.038836923194197e-09,2.8386873579262594e-10,5.923872791599798e-09,3.78417742629851e-08,9.544690877804938e-08,1.6519247406461169e-07,1.7620790525528237e-07,6.625565964279725e-09,3.702099489543338e-10
4.748475487198301e-09,3.374228929171982e-08,8.176011389937114e-08,1.0285832929114802e-07,9.913482675143215e-08,5.3545910224350996e-09,3.0327382562107384e-10,5.637190120409627e-09,2.8528768934106236e-08,8.013308739283695e-08,1.1879729871089854e-07,9.241391452264523e-08,4.457128210708461e-09,2.1555057145420588e-10,3.4799214955589113e-09,2.985216403824817e-08,7.097471815304273e-08,9.04814029229267e-08,9.413188878433114e-08,9.772064649233179e-08,1.9043212658222752e-10,4.301558061190712e-09,2.6550963857128682e-08,6.66197753311432e-08,9.106133297990361e-08,1.2851868881089608e-07,4.56066882199982e-09,6.023624320048192e-11,2.464798659671727e-09,1.8340379869668347e-08,4.737512784409603e-08,9.357143953398956e-08,8.446300630257076e-08,1.2181338299543044e-09,7.398402465943314e-11,3.488723490559741e-09,2.4448019785330125e-08,7.635672485909757e-08,1.1026173053201495e-07,1.2995330604120196e-07,4.745032061502373e-09,8.228124186735275e-11,0.0,1.8016787266716197e-09,1.2480422051266215e-08,2.953705132671175e-08,4.461522258055881e-08,4.500725940061705e-08,2.50681940026406e-09,4.720022051376455e-09,2.7429508627499276e-08,8.485660194719041e-08,9.724074538088933e-08,1.0125277821362018e-07,5.703981461251135e-09,2.2822597943351898e-10,0.0,2.180825514776868e-09,1.5237645434250608e-08,2.9284808370059343e-08,4.2374719196391154e-08,4.674781643509666e-08,2.3719494988193507e-09,4.13284428978309e-09,3.041611272983257e-08,7.944866414363632e-08,9.32097935563285e-08,2.533620211942006e-08,2.8289244202745562e-08,9.585106251411561e-10,4.859857615765892e-09,3.22167832760185e-08,6.175307590880174e-08,1.1297953778986238e-07,9.747770906872849e-08,8.418490769074059e-08,2.703621876727595e-10,0.0,1.796591661690474e-09,1.4190486311513834e-08,6.618248671271561e-09,1.2408285644372548e-08,1.8566978633146583e-08,4.6467270014491994e-11,3.69312621823044e-09,3.115241449448173e-08,6.204402777004565e-08,9.513362146501787e-08,9.531960003149635e-08,1.1105090857138803e-09,6.286606401821827e-12,0.0,2.195159505987142e-09,1.4098950969177524e-08,2.751132301903793e-08,3.490360312673304e-08,6.53378402775959e-10,5.160907062328231e-11,4.4327825786682926e-09,3.0867971668794255e-08,6.116457513429445e-08,1.0580600482076543e-07,1.1980497483323112e-07,4.37511191906079e-09,2.5144141601366125e-10,0.0,1.8238707560945692e-09,1.6388384961719515e-08,3.5621907600607346e-08,4.1129740085525434e-08,4.238272309540151e-08,1.3754751253435293e-10,0.0,2.0184693386187593e-09,1.1540642526560257e-08,3.229107813281672e-08,5.056227745406723e-08,2.252636443433165e-09,1.6444373741392408e-10,4.126364478207122e-09,2.620429543834644e-08,6.189711538368387e-08,9.216640880632918e-08,1.2436397382575116e-07,4.529291890103872e-09,2.971042617361139e-10,4.053787078804724e-09,3.179053138645171e-08,6.335890699393556e-08,8.545284218124013e-08,1.2337362023849655e-07,5.0641065122198e-09,2.94044928339289e-10,0.0,2.2657978995978876e-09,1.1574232536655127e-08,2.6169902608246757e-08,3.8137810039613454e-08,2.668434038894953e-09,1.6213493893122637e-10,0.0,2.51272634351295e-09,1.614456143178077e-08,4.0712360170692236e-08,4.206126048344769e-08,4.4875666135978775e-08,1.908553197452526e-09,0.0,1.8108572337389572e-09,1.5313007915012905e-08,2.8300006452076523e-08,5.053008147847465e-08,5.6657943819941414e-08,1.873414994563654e-09,1.306209807127003e-09,1.128166582067269e-08,3.4069146141630274e-08,5.5599768348743397e-08,8.631911401571636e-08,3.435961814682522e-09,1.7735246074500967e-10,4.742754462858654e-09,3.213460937699321e-08,7.594975778778848e-08,9.497606574309801e-08,1.3182669012727646e-07,5.5372179414643425e-09,2.1374161700624888e-11,2.21945394716892e-09,1.5458460575368103e-08,4.399046239683543e-09,1.2793510562888915e-08,2.4930264724838426e-08,3.172768000917241e-08,1.0650663882920056e-09,0.0,2.5224023276791154e-09,1.545287754159227e-08,3.620410727329556e-08,5.24245380842066e-08,5.747347710125231e-08,2.378690103801945e-09,0.0,2.3369676673779254e-09,1.4534806806575583e-08,3.320148579018703e-08,4.101916524800281e-08,2.2305523012605106e-09,1.72667224177094e-10,4.568196875495025e-09,3.260499952078509e-08,5.682414604643541e-08,1.1171449324394246e-07,1.2116666742303644e-07,5.599859747316286e-09,2.1474029157922644e-10,4.168888460545043e-09,3.280590976174865e-08,6.30706878219958e-08,1.1342679481397593e-07,1.151041438685785e-07,4.418089114954019e-09,2.0745872608300794e-10,4.11380195575102e-09,2.6701798426741328e-08,6.823372039802253e-08,1.1940829588143698e-07,1.2860533963310804e-07,4.844567830496632e-09,2.7021006418767025e-10
3.29755335182868e-09,2.3807927057566166e-08,5.844445302694265e-08,7.434363693498218e-08,7.234977804903471e-08,3.916192823243983e-09,2.2149023843881295e-10,3.914716476300446e-09,2.0132102497411053e-08,5.729239969041823e-08,8.588367522059467e-08,6.746123714680173e-08,3.260802951175133e-09,1.5751078255492611e-10,2.4166127636631845e-09,2.10538276701421e-08,5.07059287047157e-08,6.535625968382707e-08,6.865205317970319e-08,7.189543307878553e-08,1.392304944035235e-10,2.9871939386951053e-09,1.8733997548341244e-08,4.762260835568538e-08,6.581881263263596e-08,9.379690930829302e-08,3.3364146274523207e-09,4.377005874758414e-11,1.7116661003366968e-09,1.292380058253939e-08,3.380907532578379e-08,6.751593349315229e-08,6.154132926282062e-08,8.844118841431371e-10,5.346118279612099e-11,2.42272528721339e-09,1.7242663931115158e-08,5.4549788492820366e-08,7.963940539389096e-08,9.476824691956223e-08,3.4674911608583787e-09,5.959004487095054e-11,0.0,1.2511660176019312e-09,8.802770207449665e-09,2.1106831357454304e-08,3.224201931988977e-08,3.285235144461231e-08,1.8362259423493899e-09,3.277794049448492e-09,1.9357826236036412e-08,6.06721365664738e-08,7.029918475033129e-08,7.391053498448811e-08,4.17291122583074e-09,1.6676916054689345e-10,0.0,1.5144624487722515e-09,1.0747751332355775e-08,2.092703491151481e-08,3.062295966810144e-08,3.412242529715722e-08,1.7375004473209247e-09,2.8700315443138963e-09,2.1458566233067913e-08,5.677921575154524e-08,6.73512803866993e-08,1.8421784804394846e-08,2.071478098509235e-08,7.033774361558663e-10,3.3749020662964935e-09,2.273168168316157e-08,4.413986782297435e-08,8.164484050511137e-08,7.111976138546083e-08,6.195462224607962e-08,1.9772130087826472e-10,0.0,1.2476333240874547e-09,1.001106841380916e-08,4.709315625007625e-09,8.917792038853913e-09,1.3479290270709584e-08,3.351494803967308e-11,2.564671664398466e-09,2.197322080948971e-08,4.433288442380464e-08,6.873515530793342e-08,6.954579630630674e-08,8.077121601398664e-10,4.4311986046303914e-12,0.0,1.5244165957358425e-09,9.946218537379804e-09,1.96670768059501e-08,2.5239327859717593e-08,4.709686033479121e-10,3.710141876507028e-11,3.0783220504846563e-09,2.1773366502021476e-08,4.370480103272164e-08,7.6438406594172e-08,8.738592249709265e-08,3.197380785815477e-09,1.8342757797051382e-10,0.0,1.2665771499634544e-09,1.1560728853880447e-08,2.546268803361667e-08,2.9735511768498334e-08,3.095274871228289e-08,9.980396178623883e-11,0.0,1.401715063949921e-09,8.13885513611271e-09,2.3073044494759156e-08,3.654041472984678e-08,1.6324332371937179e-09,1.1896432009868082e-10,2.865531679849796e-09,1.848815308031031e-08,4.424061806492895e-08,6.660332133076125e-08,9.074053140548471e-08,3.311810733058462e-09,2.1696652291021135e-10,2.8151306858843082e-09,2.242823196518059e-08,4.528322724625389e-08,6.174971030863168e-08,9.00120525954259e-08,3.702416875337549e-09,2.1466956219283406e-10,0.0,1.5734710494274625e-09,8.164890533994052e-09,1.870524076668016e-08,2.756894615011017e-08,1.9341268589638623e-09,1.1735632835233515e-10,0.0,1.744949181009792e-09,1.1388263075136316e-08,2.909878591040012e-08,3.0406934406301245e-08,3.2770200822561245e-08,1.3989839440742862e-09,0.0,1.2575399787805208e-09,1.0801292988798452e-08,2.0224962221577352e-08,3.652041280818707e-08,4.136124421310637e-08,1.3727566919373365e-09,9.070902726071586e-10,7.933117958029316e-09,2.4257432690025126e-08,4.0032109495497065e-08,6.277385539624386e-08,2.504752233615513e-09,1.291857302548553e-10,3.2935803788741312e-09,2.2668328188145056e-08,5.4272989149250294e-08,6.861955200347475e-08,9.617317526133434e-08,4.049117095294706e-09,1.536925749047197e-11,1.5412877498227479e-09,1.0884356986983803e-08,3.1017477417201906e-09,9.109205919299676e-09,1.7942582121873846e-08,2.3070923496258588e-08,7.777380055448473e-10,0.0,1.7516686121964142e-09,1.090072769659341e-08,2.587528490016584e-08,3.7892033108767984e-08,4.196008503748674e-08,1.743237685378597e-09,0.0,1.6228945091659743e-09,1.0253108516324619e-08,2.3729250510094594e-08,2.9648775883982355e-08,1.6166313068444688e-09,1.249810174087325e-10,3.1723597760746428e-09,2.2998230507060312e-08,4.060481157093488e-08,8.07114563627346e-08,8.83924009175728e-08,4.094643948186484e-09,1.5689521590424552e-10,2.8950622257610326e-09,2.3146462377018785e-08,4.508334605410182e-08,8.198127612883603e-08,8.400384322115868e-08,3.231610329150105e-09,1.516014487324453e-10,2.8568077282832998e-09,1.8838859327499395e-08,4.8769145301364656e-08,8.629019924703261e-08,9.383281594923573e-08,3.5415701082030586e-09,1.9720752771626136e-10
2.289968144373882e-09,1.6796316326108782e-08,4.176904391752859e-08,5.3719425140507175e-08,5.278495636971046e-08,2.8635638108802854e-09,1.6174724692764763e-10,2.718553752044886e-09,1.420495051083431e-08,4.095344826733445e-08,6.207212986775998e-08,4.9230253005203015e-08,2.3850485765303537e-09,1.150879995831535e-10,1.678203664639904e-09,1.4846863263989393e-08,3.621814953316379e-08,4.719558647956174e-08,5.0053618142162354e-08,5.2876365928009936e-08,1.0178650569281134e-10,2.0744407220317157e-09,1.3216790341149954e-08,3.403552703118595e-08,4.7560796752107314e-08,6.843411754409653e-08,2.44024470156342e-09,3.18056034874068e-11,1.188657225163846e-09,9.10596813696312e-09,2.4123159619080908e-08,4.8703453462945267e-08,4.4826524299547864e-08,6.420643238238447e-10,3.8633059782219244e-11,1.6824484878432841e-09,1.2159433865057624e-08,3.896292534307519e-08,5.750664871071328e-08,6.908827415776462e-08,2.5333818704903614e-09,4.315952917020122e-11,0.0,8.688654259293666e-10,6.208080435831267e-09,1.5079595129142147e-08,2.3293986125584144e-08,2.3972225680025327e-08,1.344665395174553e-09,2.276246422565984e-09,1.365963582503075e-08,4.337118065609144e-08,5.0808301518281826e-08,5.39345639960234e-08,3.0521333280766343e-09,1.218499015062825e-10,0.0,1.0517102000464335e-09,7.579928077014797e-09,1.4951462019050196e-08,2.2124325175638377e-08,2.489870079259721e-08,1.2724153549244858e-09,1.9930779177426346e-09,1.5137142560702642e-08,4.056982528132661e-08,4.8653595579044296e-08,1.3391148150745418e-08,1.5164393195271315e-08,5.160472841094503e-10,2.34368253770285e-09,1.603711867854482e-08,3.154376606613094e-08,5.898511902639887e-08,5.187280437614115e-08,4.557836265341991e-08,1.445848105439498e-10,0.0,8.664121610428169e-10,7.06171228006454e-09,3.350556367871821e-09,6.407924689735169e-09,9.783037684457109e-09,2.4172561699681482e-11,1.7810223830091205e-09,1.549684926828958e-08,3.1671124555265784e-08,4.964874215366651e-08,5.0724971731398054e-08,5.874175333084314e-10,3.1240081220047906e-12,0.0,1.0586227934209699e-09,7.015777711235134e-09,1.4056466073716204e-08,1.824581955373893e-08,3.39462111873427e-10,2.6672310208618336e-11,2.1377241179191466e-09,1.535643890116064e-08,3.122266238559916e-08,5.520756569448439e-08,6.371964472825942e-08,2.336198222613571e-09,1.3380183767104165e-10,0.0,8.795676026640958e-10,8.154197793249554e-09,1.8197006459898636e-08,2.1491890045888727e-08,2.2597698994818307e-08,7.241331090886572e-11,0.0,9.734133810066315e-10,5.739121198271375e-09,1.6483068377807447e-08,2.639987634506258e-08,1.1827810477971622e-09,8.605907265172435e-11,1.989953015252993e-09,1.3042486675735892e-08,3.1614198527343454e-08,4.811756403192044e-08,6.61868394566153e-08,2.4210673549002678e-09,1.584302843516941e-10,1.9549523100474247e-09,1.5821166299830165e-08,3.235768579563749e-08,4.46095539514946e-08,6.565127052215612e-08,2.706294244456595e-09,1.5670807753410862e-10,0.0,1.0926883943804439e-09,5.7591097804594585e-09,1.336699496813531e-08,1.992349002143198e-08,1.4016451020727511e-09,8.494027401039802e-11,0.0,1.2117704566230368e-09,8.032226997942787e-09,2.079374427541484e-08,2.1975708420146464e-08,2.392228065797472e-08,1.0251801230800381e-09,0.0,8.732917870873255e-10,7.617956305537964e-09,1.445103560203688e-08,2.6387805600108184e-08,3.018449162261177e-08,1.0056209634623525e-09,6.299238752486603e-10,5.578029268033441e-09,1.7268562593895308e-08,2.881651006894799e-08,4.563765916916427e-08,1.8255538518029923e-09,9.409231962331171e-11,2.287209113344162e-09,1.598869259401932e-08,3.877505550993904e-08,4.9564061146391086e-08,7.014035093113356e-08,2.9602799389759816e-09,1.1053288755852909e-11,1.0703388812775753e-09,7.662987688323722e-09,2.18697302094111e-09,6.485101752876328e-09,1.2910667642777858e-08,1.677120113278924e-08,5.677822123023433e-10,0.0,1.2164367264740875e-09,7.68862415591292e-09,1.8489378190852192e-08,2.738059341579509e-08,3.0624020971305694e-08,1.2771895869406002e-09,0.0,1.1270102480613557e-09,7.231840776159646e-09,1.6955883019868626e-08,2.1424376081092004e-08,1.1714782955447844e-09,9.045962847740028e-11,2.2030281048513305e-09,1.622005051119075e-08,2.9009034429900074e-08,5.829698404485876e-08,6.446298811727139e-08,2.9933631608022784e-09,1.1462019856872033e-10,2.010460339303331e-09,1.6329121289836198e-08,3.2219163275163114e-08,5.9237512655282384e-08,6.128713216682335e-08,2.363235773137311e-09,1.1077236836415256e-10,1.9838947262773903e-09,1.3289683338296264e-08,3.484989463389176e-08,6.234085892135235e-08,6.844070447600459e-08,2.5884837746065008e-09,1.4391720884800005e-10
1.5902559681228e-09,1.1848211345040928e-08,2.984533829275954e-08,3.880643299279171e-08,3.84987820459517e-08,2.0934128183354453e-09,1.18108374859894e-10,1.887884922773207e-09,1.0021568326510009e-08,2.9268036857276592e-08,4.4850394615019725e-08,3.591472398945283e-08,1.7441079561621937e-09,8.408283601859453e-11,1.1654194173943465e-09,1.046857447036874e-08,2.5864702041289145e-08,3.407245775372875e-08,3.648248394312152e-08,3.887490213651247e-08,7.440568807828716e-11,1.440584116156516e-09,9.323259663657866e-09,2.4319933380602605e-08,3.4358392799610506e-08,4.991379184388604e-08,1.784386395786184e-09,2.3111883427195498e-11,8.254565287918473e-10,6.415294975475109e-09,1.7208944961437258e-08,3.5124103207977466e-08,3.2641709267885656e-08,4.660856218909407e-10,2.7918892087546714e-11,1.16836722110936e-09,8.573762655490778e-09,2.7824283873294366e-08,4.1514182083742656e-08,5.035163689400231e-08,1.850525862112485e-09,3.126133493433957e-11,0.0,6.033788467150121e-10,4.377679736003629e-09,1.077130582053025e-08,1.682478194801666e-08,1.7486796080471267e-08,9.84437593957561e-10,1.5807270043524636e-09,9.637547351238894e-09,3.099722609364584e-08,3.671157808288602e-08,3.934515668551716e-08,2.231882845923108e-09,8.902096853294467e-11,0.0,7.303544007343796e-10,5.3451647496818056e-09,1.0680007853453231e-08,1.5980011362637954e-08,1.8162419066470446e-08,9.315758117840364e-10,1.3840821512077547e-09,1.0676629030506028e-08,2.89820510760537e-08,3.5137460458426354e-08,9.7319681294361e-09,1.1098301560853497e-08,3.7853008171196027e-10,1.62755763479983e-09,1.131272864429862e-08,2.2537587740090336e-08,4.2603227033446423e-08,3.7822950793085615e-08,3.351902064200455e-08,1.0571873752291345e-10,0.0,6.016751865942176e-10,4.980659856054843e-09,2.3835317580335137e-09,4.603551983573486e-09,7.09844261801805e-09,1.7434047060711217e-11,1.2368213278031276e-09,1.0928022705246652e-08,2.2621101332928798e-08,3.5852844367375335e-08,3.6985957319157926e-08,4.271612557804394e-10,2.2028712780401297e-12,0.0,7.351548086743471e-10,4.948129995558653e-09,1.0044350065746404e-08,1.318647700361622e-08,2.4465936328962017e-10,1.917500853214073e-11,1.484530911477337e-09,1.082938284700795e-08,2.230096157166794e-08,3.9863257562619517e-08,4.644855819784809e-08,1.7066136790611343e-09,9.759507670547632e-11,0.0,6.108109139596466e-10,5.750757573782013e-09,1.3001863989722072e-08,1.5529420345086832e-08,1.6492477940673134e-08,5.253673759271909e-11,0.0,6.75981597580956e-10,4.0464763356701836e-09,1.1772896271065349e-08,1.9068369675847543e-08,8.568364771673274e-10,6.225240579266572e-11,1.3819120825448056e-09,9.199706230026221e-09,2.258679827852473e-08,3.475341383477529e-08,4.826222914174361e-08,1.7695162963730483e-09,1.1567624851889562e-10,1.3576060280942643e-09,1.1159095645306333e-08,2.311687987158493e-08,3.221862121042585e-08,4.7868686684242124e-08,1.97775305869362e-09,1.1438663295840771e-10,0.0,7.588114799778611e-10,4.061701491039993e-09,9.550253004724656e-09,1.4394387187472344e-08,1.015583960931709e-09,6.147479629977754e-11,0.0,8.415073726652883e-10,5.66451220454447e-09,1.4855972926999005e-08,1.587796098549439e-08,1.745755367861478e-08,7.510478292297325e-10,0.0,6.064527081654804e-10,5.372167072848571e-09,1.032337255298567e-08,1.906138457377104e-08,2.2020826597926463e-08,7.364735949195227e-10,4.3744717919265903e-10,3.9217895379164036e-09,1.2291257862147875e-08,2.0738298593182268e-08,3.316976422995896e-08,1.3302648324573122e-09,6.852597181544187e-11,1.5883399606838854e-09,1.127597834415632e-08,2.769706341224767e-08,3.579091096479663e-08,5.113839844154785e-08,2.1637606003993133e-09,7.950649716302579e-12,7.432909857123944e-10,5.39452065943934e-09,1.541946312515562e-09,4.61635661686266e-09,9.287944159218656e-09,1.2188150466826518e-08,4.144030859189968e-10,0.0,8.447478372003277e-10,5.42237574466333e-09,1.3209021598657214e-08,1.977976434672396e-08,2.2343285892628815e-08,9.35481343695403e-10,0.0,7.826461060390436e-10,5.100232700425718e-09,1.211345416891311e-08,1.547721189492708e-08,8.48754798567103e-10,6.546982954348494e-11,1.529880907130879e-09,1.1438217476142006e-08,2.0720561584469965e-08,4.20962869605133e-08,4.6997146760859555e-08,2.187797830968458e-09,8.372727399404261e-11,1.3961532790065126e-09,1.1518276882430919e-08,2.3020949085827663e-08,4.2792108361416007e-08,4.469955907927676e-08,1.7278215737773365e-09,8.093101108587259e-11,1.377704944218631e-09,9.373924521367365e-09,2.489827842488303e-08,4.502668814008583e-08,4.9904528913633935e-08,1.891489520332909e-09,1.0501903486922081e-10
1.1043446022352295e-09,8.356774165607753e-09,2.1321143499680107e-08,2.8026087485517314e-08,2.807045680887977e-08,1.530059481381085e-09,8.623525867195503e-11,1.3110314130208554e-09,7.0693241457014925e-09,2.0912582587760913e-08,3.2398214184642024e-08,2.6192534477741808e-08,1.2751262892234717e-09,6.142443653529684e-11,8.093191585428763e-10,7.3805776193446785e-09,1.8467309812224335e-08,2.4592060773999912e-08,2.6582881359795574e-08,2.8571068064200485e-08,5.438518837210271e-11,1.0004057981253322e-09,6.57592178135106e-09,1.7374173961201325e-08,2.481434229582601e-08,3.639435377193511e-08,1.3045084465451728e-09,1.679462094498402e-11,5.73233771165593e-10,4.519208860060236e-09,1.2274239427340895e-08,2.532469353213566e-08,2.3761950505425332e-08,3.383100648370815e-10,2.0176898078051736e-11,8.113662507644748e-10,6.044765334627418e-09,1.9866053831140105e-08,2.996158515509089e-08,3.66853213328719e-08,1.3514469773933565e-09,2.264456322601553e-11,0.0,4.190131340648723e-10,3.086598219731843e-09,7.692372949122978e-09,1.2149005764821971e-08,1.275187550327365e-08,7.205246166204343e-10,1.0977272717383148e-09,6.79891596471902e-09,2.2149062312588687e-08,2.651899075469275e-08,2.8693298587228457e-08,1.6317103610547455e-09,6.503035159688202e-11,0.0,5.071906116736995e-10,3.768828970645773e-09,7.627332798685823e-09,1.1539046341757435e-08,1.3244416875161243e-08,6.818575795202556e-10,9.611683127060498e-10,7.529606487666408e-09,2.0699915673153196e-08,2.536960349661244e-08,7.071004688440053e-09,8.120371241859816e-09,2.7760125489997216e-10,1.130248540332163e-09,7.979129032855271e-09,1.609955796172459e-08,3.0763119898154936e-08,2.7570146650368624e-08,2.464186266954595e-08,7.729293757627114e-11,0.0,4.1783003379601555e-10,3.51246365377364e-09,1.6953926945212394e-09,3.3066282128387555e-09,5.149164518231001e-09,1.2573722698531932e-11,8.589038326411151e-10,7.705291081476237e-09,1.615392333993413e-08,2.5883712750870504e-08,2.6959874044731136e-08,3.105921058541354e-10,1.5536461481708419e-12,0.0,5.10524225989097e-10,3.4894312835090275e-09,7.175930393500335e-09,9.527428829310853e-09,1.763204160773488e-10,1.3785245488345357e-11,1.030924403129617e-09,7.63600056651929e-09,1.592543695808336e-08,2.8776350039402396e-08,3.3848535849281305e-08,1.2464390829287253e-09,7.118048253277256e-11,0.0,4.2417429140226566e-10,4.055248517575062e-09,9.288007823874136e-09,1.1218091769005542e-08,1.2032789356634615e-08,3.811363923077425e-11,0.0,4.694317134204197e-10,2.8527184376804236e-09,8.407017432401582e-09,1.3769244751675913e-08,6.206064368332393e-10,4.502919531634082e-11,9.59661323010382e-10,6.488361409586755e-09,1.6133921503680405e-08,2.5094522578311193e-08,3.51811711879974e-08,1.2930305585422584e-09,8.445194421643985e-11,9.427821126814013e-10,7.86986668098404e-09,1.6511781005650135e-08,2.3263425879628467e-08,3.4892135669523335e-08,1.4450292497965494e-09,8.348742087796959e-11,0.0,5.269524723231272e-10,2.864238049172923e-09,6.821939686895324e-09,1.0396929378306157e-08,7.357297655591819e-10,4.448933532084077e-11,0.0,5.843801839770336e-10,3.994274603856895e-09,1.0611612239197953e-08,1.1469113342627823e-08,1.2735720316424076e-08,5.500674766474803e-10,0.0,4.211477592632943e-10,3.78799711013936e-09,7.373214833224796e-09,1.3765462107365977e-08,1.6059972512963524e-08,5.392164072097069e-10,3.0378278849659234e-10,2.7571145560722407e-09,8.747143513458076e-09,1.492124585943194e-08,2.410113929232827e-08,9.691596671189545e-10,4.990186272574404e-11,1.1030140352483217e-09,7.951409833604399e-09,1.9780117932707124e-08,2.5838482819502892e-08,3.7272911264509523e-08,1.5812112364897084e-09,5.719839693210094e-12,5.161743510175356e-10,3.7972354828171846e-09,1.0871358916761197e-09,3.285707979121389e-09,6.680346989764904e-09,8.854983934627096e-09,3.023833218507881e-10,0.0,5.866305065206186e-10,3.8236596191475684e-09,9.434772997258174e-09,1.428513333244751e-08,1.6296442537828488e-08,6.850099276100726e-10,0.0,5.435042981235714e-10,3.5964975124622342e-09,8.652230252523973e-09,1.11779465487645e-08,6.148299867951122e-10,4.7380799694955395e-11,1.0624174571846325e-09,8.065172434984418e-09,1.4797334702791494e-08,3.0389938574323996e-08,3.425310063433154e-08,1.598673366771671e-09,6.115418420376367e-11,9.695510429119902e-10,8.123806255838751e-09,1.6445395441559698e-08,3.09041536123411e-08,3.259138243901633e-08,1.262975019504925e-09,5.912252309351179e-11,9.567397020291084e-10,6.6111329411486825e-09,1.7784839783804424e-08,3.25128230760513e-08,3.637751047870854e-08,1.3818835164865354e-09,7.662812612146018e-11
7.669060777404256e-10,5.893489115745589e-09,1.5228521758342142e-08,2.0235275997669773e-08,2.0460648993035488e-08,1.1180658978496367e-09,6.295762897573043e-11,9.104386057212511e-10,4.986171098478234e-09,1.4939428180762674e-08,2.3397131309966797e-08,1.9096282395125714e-08,9.320452612706035e-10,4.486736228120061e-11,5.620272623178984e-10,5.202880841441144e-09,1.3183050732343987e-08,1.774505094012182e-08,1.936378040268934e-08,2.0991095211447326e-08,3.97477231452401e-11,6.947263428064217e-10,4.637601183748798e-09,1.2409637310885383e-08,1.791679979917899e-08,2.6528627823813848e-08,9.534714191432284e-10,1.2204114818320366e-11,3.98079048396323e-10,3.1832013813776928e-09,8.752987990961654e-09,1.8254840676697337e-08,1.7292761410855632e-08,2.455415998057377e-10,1.458231248469813e-11,5.634488567819039e-10,4.2612604424876445e-09,1.4181285036256588e-08,2.1618443741538188e-08,2.6720356030086168e-08,9.86761933861559e-10,1.6403775080606658e-11,0.0,2.9098136926327393e-10,2.176037857172478e-09,5.492459269761125e-09,8.770397290661177e-09,9.296119741683023e-09,5.272261577991558e-10,7.623107124557886e-10,4.7957818355001115e-09,1.5823409033471086e-08,1.915128999937319e-08,2.0918789051122454e-08,1.1926659000002381e-09,4.750021229006768e-11,0.0,3.522157350639042e-10,2.6570630198928786e-09,5.446133374603365e-09,8.330097837388665e-09,9.655083320552405e-09,4.989489931141935e-10,6.674780828169799e-10,5.3095667404449134e-09,1.4781643791399072e-08,1.8312446697094774e-08,5.13641356959044e-09,5.939969195074054e-09,2.0354145534242927e-10,7.848949261386763e-10,5.627189220272498e-09,1.1498318700073542e-08,2.220790529668411e-08,2.0090578478774056e-08,1.8109536139504446e-08,5.650472172009048e-11,0.0,2.9015977025608666e-10,2.4767700196962605e-09,1.205772806850206e-09,2.3746269348190714e-09,3.734190371824817e-09,9.068144443730453e-12,5.964610718494068e-10,5.432335234927826e-09,1.1533404381783681e-08,1.8681796602214584e-08,1.9645658097402833e-08,2.258091732697167e-10,1.09597615888373e-12,0.0,3.545307430989163e-10,2.4604653901403207e-09,5.125622038996512e-09,6.881860121022529e-09,1.2706112109238172e-10,9.910524643552758e-12,7.15919817032611e-10,5.383664971574541e-09,1.1370366137065731e-08,2.0767721458320324e-08,2.46591439228373e-08,9.101591126647397e-10,5.191106975435944e-11,0.0,2.9456550698384524e-10,2.8592970053131748e-09,6.633643007611082e-09,8.10153787804448e-09,8.776217855897559e-09,2.7648334145736125e-11,0.0,3.259942736606011e-10,2.010906397244057e-09,6.002265414051086e-09,9.940155164119151e-09,4.4942729283888334e-10,3.2569407468743954e-11,6.664315633825924e-10,4.575561880243735e-09,1.1522300836935296e-08,1.8115466897305044e-08,2.5637880896398632e-08,9.446474522643427e-10,6.165006748981092e-11,6.547098865182033e-10,5.549507271465793e-09,1.179160163166278e-08,1.6793048628576916e-08,2.542570324742822e-08,1.0555745889054346e-09,6.092950145692517e-11,0.0,3.6593924922373866e-10,2.0195725848253016e-09,4.872075909680355e-09,7.507628238167373e-09,5.32899884842216e-10,3.2195059273879294e-11,0.0,4.0581960995229434e-10,2.8161965289029764e-09,7.578352248825967e-09,8.282279030073642e-09,9.288057883065208e-09,4.027599472148443e-10,0.0,2.924637479967515e-10,2.670666363288024e-09,5.265093473287887e-09,9.93834137736025e-09,1.1708986692936701e-08,3.94687173174681e-10,2.1096028431950893e-10,1.938174058262244e-09,6.223961927700966e-09,1.0733432528681343e-08,1.7506953825491646e-08,7.059379223908455e-10,3.6336074062459054e-11,7.659820685831186e-10,5.606391925088532e-09,1.412339475708238e-08,1.8648811035044244e-08,2.7158655715489658e-08,1.1552477465947202e-09,4.115597542311904e-12,3.584544429467667e-10,2.6726536366244264e-09,7.664556886974284e-10,2.3383331351312357e-09,4.803837851007394e-09,6.431553901796622e-09,2.2059072887818216e-10,0.0,4.073823326357521e-10,2.6959899175746655e-09,6.737611626459151e-09,1.0314163132488701e-08,1.1882325172678062e-08,5.014660606761734e-10,0.0,3.7743357371463584e-10,2.5358231316264155e-09,6.178767696355968e-09,8.070820222473312e-09,4.453000375156281e-10,3.428762931594426e-11,7.377899945595709e-10,5.6861576787989666e-09,1.0565265739810614e-08,2.193338566902285e-08,2.495728687512607e-08,1.1679314454543642e-09,4.466197909398115e-11,6.732994240712124e-10,5.7290123731252636e-09,1.174569712675024e-08,2.2312994452550924e-08,2.3755802112671503e-08,9.229856134152543e-10,4.318615109729379e-11,6.64402661798308e-10,4.66206963577102e-09,1.27011960333446e-08,2.34708230082905e-08,2.650911528861968e-08,1.009364625816402e-09,5.590776763518555e-11
5.325737255919282e-10,4.155803965389006e-09,1.0874755350604696e-08,1.460646763071422e-08,1.490934262806135e-08,8.168313401483763e-10,4.5958955905411406e-11,6.32249103654066e-10,3.5164492756371433e-09,1.0670229361769349e-08,1.6892440972534105e-08,1.3918364158183115e-08,6.811222372570866e-10,3.2769851574323595e-11,3.902967493661012e-10,3.6673205132553628e-09,9.409044398189261e-09,1.28012355727819e-08,1.4101014697055238e-08,1.541690266291972e-08,2.9046888452897705e-11,4.824489033091252e-10,3.2702342313679373e-09,8.861931274478318e-09,1.293324067083453e-08,1.933145839471282e-08,6.967413720267267e-10,8.868326384321838e-12,2.7644380749393814e-10,2.2419316052823663e-09,6.24080416571412e-09,1.315552510996137e-08,1.2581179047966805e-08,1.7819484977996931e-10,1.0539325836465461e-11,3.912839698855584e-10,3.0036414943769485e-09,1.0121318615926928e-08,1.559469345667952e-08,1.9456512280727693e-08,7.203366011316434e-10,1.1883516027172422e-11,0.0,2.0207041078053597e-10,1.5339237422181739e-09,3.920930161723371e-09,6.329750186648391e-09,6.7747774770086725e-09,3.856855727440956e-10,5.293825017429927e-10,3.3824126686150265e-09,1.1302075404433882e-08,1.3826991112614317e-08,1.524618560182816e-08,8.715631885856604e-10,3.4692030009859225e-11,0.0,2.4459427904041917e-10,1.8730446174714564e-09,3.8879396400130055e-09,6.012002773561881e-09,7.0363120599986345e-09,3.6501144557134966e-10,4.6352649739709275e-10,3.7436509623134105e-09,1.0553409208406412e-08,1.3215083863352686e-08,3.7302512252590825e-09,4.343926757324032e-09,1.4920901407506174e-10,5.450659822527793e-10,3.968042028380602e-09,8.210503823113844e-09,1.602786269562028e-08,1.4635823974735143e-08,1.3304379652183748e-08,4.130335756012315e-11,0.0,2.0149985458282837e-10,1.7462611454572141e-09,8.57446309831299e-10,1.7049990487655513e-09,2.7073459155039783e-09,6.539742833853087e-12,4.142091224115081e-10,3.829436576739131e-09,8.232911410155523e-09,1.3480354386990961e-08,1.4311487563460406e-08,1.6415133128666714e-10,7.732786977518586e-13,0.0,2.4620192305192796e-10,1.7347212810835246e-09,3.6603970126829004e-09,4.96959273851507e-09,9.155692804436723e-11,7.124939755081809e-12,4.971665925040829e-10,3.795252599141393e-09,8.116598313722652e-09,1.4984203721343987e-08,1.7959251220565142e-08,6.644681408851125e-10,3.785506141528835e-11,0.0,2.045593956538697e-10,2.0158175075537337e-09,4.736913405730532e-09,5.84927814288529e-09,6.3989848293146945e-09,2.005521955923039e-11,0.0,2.263849281896216e-10,1.417348259469542e-09,4.284540745390954e-09,7.174047713323631e-09,3.254075062320058e-10,2.355603775118938e-11,4.627997489600704e-10,3.2262866615699156e-09,8.227231017659577e-09,1.3074067537272762e-08,1.8677750662760288e-08,6.89981925736035e-10,4.500025106341191e-11,4.5465969381458695e-10,3.912829575217512e-09,8.419126955694145e-09,1.2119258409426422e-08,1.8522067370365884e-08,7.70919706611546e-10,4.446251211337044e-11,0.0,2.541244976681793e-10,1.4238355873467515e-09,3.478841381894088e-09,5.419855939531163e-09,3.8592048803860795e-10,2.3296794731485225e-11,0.0,2.818191949693132e-10,1.9853560222132896e-09,5.411063000884978e-09,5.979382903847296e-09,6.771571896180443e-09,2.948217344635738e-10,0.0,2.0309984011586703e-10,1.8826962535367697e-09,3.758983486632028e-09,7.1734047296857345e-09,8.534125481294613e-09,2.888203978098192e-10,1.4650020618256175e-10,1.3623809978018615e-09,4.427915323179727e-09,7.719249619791813e-09,1.2713439208220664e-08,5.141050489948503e-10,2.645563192030895e-11,5.319320494119568e-10,3.952509746010654e-09,1.008243844022647e-08,1.3456330077743282e-08,1.9783070783178612e-08,8.438499725562698e-10,2.9617434346528147e-12,2.489267152296131e-10,1.880956881898128e-09,5.403545238732433e-10,1.6639196469444745e-09,3.4537339612225184e-09,4.670076634181568e-09,1.6088374121271994e-10,0.0,2.8290441883604523e-10,1.9006733805530033e-09,4.810557721601142e-09,7.4451209374582176e-09,8.661134617882216e-09,3.6700344319314277e-10,0.0,2.6210666758150457e-10,1.7877564006984233e-09,4.411544067494508e-09,5.825875764648035e-09,3.2245968461667063e-10,2.4811075234667963e-11,5.12354217545034e-10,4.008434857717446e-09,7.542121118319186e-09,1.582606019455505e-08,1.8178817966525882e-08,8.530614714477823e-10,3.2613806052550523e-11,4.675690960974552e-10,4.039698174665952e-09,8.387410115807006e-09,1.610601866871664e-08,1.7310344886056574e-08,6.74372267301548e-10,3.154196217775766e-11,4.6139078996191376e-10,3.2872356605704006e-09,9.0688979138147e-09,1.693918041352128e-08,1.9312052033520443e-08,7.371129460260515e-10,4.078672000151467e-11
3.698428997174651e-10,2.9301317589195918e-09,7.764203908339737e-09,1.0540765356223773e-08,1.0860965786868097e-08,5.966279056534046e-10,3.354665846327236e-11,4.390619190671119e-10,2.4796491541440553e-09,7.619530756916912e-09,1.2193038752626762e-08,1.0141386571598577e-08,4.976427446447401e-10,2.393161913396715e-11,2.7103943246139965e-10,2.584675565766725e-09,6.714189067907096e-09,9.232520028169115e-09,1.0265600169244238e-08,1.131916738722296e-08,2.12246926947476e-11,3.3503399205309534e-10,2.305758443078031e-09,6.327224341119725e-09,9.333509944949534e-09,1.408267653835873e-08,5.090248891214063e-10,6.44428160390165e-12,1.9197488045600152e-10,1.5788386849696515e-09,4.448855673961328e-09,9.478420892990899e-09,9.150707957549222e-09,1.2930762218987078e-10,7.617498286104025e-12,2.717250032532126e-10,2.1169481378322787e-09,7.222329199538809e-09,1.1246656685973963e-08,1.4163226772363496e-08,5.257369650793681e-10,8.609249870230665e-12,0.0,1.403266834181612e-10,1.0811670484449865e-09,2.7985192719487145e-09,4.5671382125704634e-09,4.935780697702425e-09,2.820713540354078e-10,3.6762677368618516e-10,2.385294500310068e-09,8.071067804322282e-09,9.980387912561974e-09,1.1108519009391376e-08,6.367714940264967e-10,2.5334811821350453e-11,0.0,1.6985714889450875e-10,1.3202189617437808e-09,2.7750295007545714e-09,4.337890941533591e-09,5.1262743849281535e-09,2.6695958250663045e-10,3.2189343101031363e-10,2.639257988416693e-09,7.53320663434067e-09,9.534233206060752e-09,2.7084214123313593e-09,3.1759365637351573e-09,1.0935743178099518e-10,3.785180792817324e-10,2.7977603069338975e-09,5.8616722334045735e-09,1.1564739607855302e-08,1.0658962203233634e-08,9.770962082436522e-09,3.018841700041894e-11,0.0,1.399304628294836e-10,1.231071069873238e-09,6.09670405226581e-10,1.2239752070379294e-09,1.962366961137546e-09,4.7161698833905025e-12,2.8764524949668006e-10,2.6991979753635832e-09,5.875799280677496e-09,9.724696143348599e-09,1.0422554030678893e-08,1.1931581297718493e-10,5.457036329768046e-13,0.0,1.7097356815822435e-10,1.2229050640843813e-09,2.6135108096243005e-09,3.587750115319464e-09,6.59686141805434e-11,5.122327869476139e-12,3.452546086383681e-10,2.6751902633595705e-09,5.792837280673532e-09,1.0808653358718176e-08,1.3075918611826967e-08,4.850000191862699e-10,2.760271434422977e-11,0.0,1.4205514461831605e-10,1.4209999187710143e-09,3.3818461780310155e-09,4.222065494933895e-09,4.664222411704424e-09,1.4546365558852322e-11,0.0,1.572117645558772e-10,9.988810598501719e-10,3.0578091941661226e-09,5.176365605136837e-09,2.35570435401589e-10,1.7036110640029894e-11,3.2138874457947364e-10,2.2746331524282294e-09,5.873332235452319e-09,9.433306692115822e-09,1.3603144142948436e-08,5.038635272722966e-10,3.284375949346797e-11,3.1573592736320913e-10,2.758529703005467e-09,6.010047167921663e-09,8.744089883204441e-09,1.3488965924884203e-08,5.629081528417348e-10,3.24428638837722e-11,0.0,1.764753566223271e-10,1.003716334201116e-09,2.4835381185653965e-09,3.911664326537873e-09,2.7943131707098604e-10,1.6856830534415392e-11,0.0,1.9570778712404694e-10,1.3994744676846995e-09,3.862833557557474e-09,4.315696824916613e-09,4.935363218848558e-09,2.1575288305775269e-10,0.0,1.4104156456606074e-10,1.3270651461777727e-09,2.6831878673012752e-09,5.176385129494202e-09,6.218215298568648e-09,2.1129469006307959e-10,1.017362593576145e-10,9.575745721428483e-10,3.149664684939604e-09,5.55029095574056e-09,9.229890671151848e-09,3.7432741795370367e-10,1.9260005358508426e-11,3.693972903577057e-10,2.7862069580309914e-09,7.196303698816158e-09,9.707220410309347e-09,1.4406261841143566e-08,6.162551479337757e-10,2.13169550258397e-12,1.728657852836343e-10,1.3236602604900368e-09,3.809420750386783e-10,1.183879709140633e-09,2.4825725202442173e-09,3.390110140628692e-09,1.1730957042599507e-10,0.0,1.9646141395614393e-10,1.3398237080637615e-09,3.4340057918181946e-09,5.372780492113032e-09,6.3112402229410055e-09,2.685243117282491e-10,0.0,1.8201853012688873e-10,1.260226648421255e-09,3.1491658269891887e-09,4.204304745309642e-09,2.3346578869225e-10,1.7952542189554658e-11,3.5580157122564785e-10,2.8254146285486494e-09,5.382994073744608e-09,1.1416491812334349e-08,1.323751211914491e-08,6.22943977945474e-10,2.381310074697893e-11,3.2470079056083567e-10,2.848182466489927e-09,5.988151237696644e-09,1.1622762067133012e-08,1.26099261642055e-08,4.926169918655147e-10,2.3034815617294516e-11,3.204103014063721e-10,2.3175702753626165e-09,6.47412115119339e-09,1.2222170884788539e-08,1.4064820415948106e-08,5.381824149280966e-10,2.9752746308313623e-11
2.5683536735833406e-10,2.065710888391344e-09,5.542315330534899e-09,7.60486317129889e-09,7.909534331947558e-09,4.3569362569079475e-10,2.4484135222736405e-11,3.049041343530126e-10,1.7483388134507465e-09,5.439995996232774e-09,8.798784942766847e-09,7.387167269864087e-09,3.635090116043144e-10,1.7475213886114216e-11,1.8822184111682204e-10,1.8214451286640443e-09,4.790283241949528e-09,6.657079519108338e-09,7.471257377788211e-09,8.307857208924956e-09,1.550730740192676e-11,2.326625124372128e-10,1.6255450319579673e-09,4.5166332844074525e-09,6.7340259669512586e-09,1.0256004497154106e-08,3.718007958108094e-10,4.682772042021311e-12,1.3331589761691925e-10,1.1117596568773006e-09,3.1708862021431646e-09,6.82751704698037e-09,6.653742659557145e-09,9.382337910900894e-11,5.505841322675218e-12,1.886979327951951e-10,1.4918499865146173e-09,5.1527284306911835e-09,8.108968088263033e-09,1.0307076076292255e-08,3.836292562572808e-10,6.237389081437773e-12,0.0,9.74490907368911e-11,7.619636529435795e-10,1.997034597909174e-09,3.29453021308557e-09,3.5948927994706026e-09,2.0624078196674085e-10,2.552963913724928e-10,1.6819243394299313e-09,5.762615305714859e-09,7.202092455018068e-09,8.091389067885404e-09,4.6512891272458676e-10,1.8499440569130247e-11,0.0,1.1795635946153007e-10,9.304565618806005e-10,1.980312385228055e-09,3.129175659167639e-09,3.73360236007618e-09,1.9519742883040563e-10,2.2353712235401595e-10,1.8604556178334094e-09,5.3763208649753185e-09,6.876941433454517e-09,1.966053241644897e-09,2.3214171167056875e-09,8.013328230912584e-11,2.628597979834178e-10,1.9724000558235305e-09,4.183990276874306e-09,8.342375502824602e-09,7.760456718634304e-09,7.173601838701925e-09,2.2062180599644378e-11,0.0,9.717393730870289e-11,8.677771860573729e-10,4.334414814453145e-10,8.785000832196112e-10,1.4220256019127097e-09,3.400976442684005e-12,1.9975366011840553e-10,1.9023343803521346e-09,4.192752135803769e-09,7.013652750288093e-09,7.58815838683855e-09,8.671645605731029e-11,3.851797119209991e-13,0.0,1.1873165073821656e-10,8.619996915981484e-10,1.8656755391134366e-09,2.5894740764284766e-09,4.7528086782377295e-11,3.68259872929227e-12,2.397601627648993e-10,1.885474722478054e-09,4.13359015066134e-09,7.794782582414195e-09,9.517689714037478e-09,3.5393238062145313e-10,2.0125304530591575e-11,0.0,9.864941086367409e-11,1.0015866389325213e-09,2.4139513365582153e-09,3.0467517555017588e-09,3.3987071768151545e-09,1.0549915481344004e-11,0.0,1.0917484159827627e-10,7.03888976842862e-10,2.1818991560372842e-09,3.734020597841017e-09,1.7050583794299806e-10,1.2320083024593758e-11,2.2318664517616264e-10,1.6035053926140602e-09,4.192113126239072e-09,6.804725843709653e-09,9.904394583158266e-09,3.678710951270516e-10,2.3968808596492893e-11,2.1926107760979082e-10,1.9445332274436486e-09,4.289497500231987e-09,6.3073460672709895e-09,9.82069407892401e-09,4.109361615451686e-10,2.3670217689004754e-11,0.0,1.2255233726306332e-10,7.074791530046849e-10,1.7726534465111825e-09,2.822446829503169e-09,2.022914347967039e-10,1.2196288001525796e-11,0.0,1.3590819274620756e-10,9.863781215437926e-10,2.7570598451480687e-09,3.114118063404173e-09,3.595966329003299e-09,1.5784781679906847e-10,0.0,9.794553614852815e-11,9.353115845455212e-10,1.9149138869915116e-09,3.734385340113779e-09,4.529406374202033e-09,1.5453829289210763e-10,7.065018303295401e-11,6.730002745507764e-10,2.240076652927421e-09,3.9898989741228305e-09,6.699041401249518e-09,2.724997299791631e-10,1.4020130634331845e-11,2.565259157003271e-10,1.9638370770023913e-09,5.135372480443496e-09,7.0009556763862245e-09,1.0487759388337847e-08,4.499470854702854e-10,1.5344891721488641e-12,1.20045690149382e-10,9.314000570870466e-10,2.685513856251946e-10,8.42233994021535e-10,1.7841394536622392e-09,2.460294107918099e-09,8.551691406527345e-11,0.0,1.3643154482418038e-10,9.443641508437448e-10,2.450890599959212e-09,3.876301094196104e-09,4.597513295290737e-09,1.9641874297066793e-10,0.0,1.2640176305550882e-10,8.882610995212302e-10,2.247593481885961e-09,3.03331889396983e-09,1.6900375418170526e-10,1.2989061762048643e-11,2.470844422791081e-10,1.99132294195971e-09,3.84125173237952e-09,8.233540908932929e-09,9.636541520376067e-09,4.548033821957446e-10,1.7385236712024186e-11,2.2548667753087705e-10,2.007877395577252e-09,4.2743946072490006e-09,8.385379954073265e-09,9.183153177528857e-09,3.5976948448582993e-10,1.6820224954905212e-11,2.2250717178641577e-10,1.6337504763956845e-09,4.6208801265889626e-09,8.816528337463795e-09,1.0240334791700305e-08,3.9285717274556536e-10,2.17018117304849e-11
1.783579053323006e-10,1.4561394444434832e-09,3.95551958100588e-09,5.485350519327695e-09,5.7584755924311704e-09,3.181014404450456e-10,1.7867992832907342e-11,2.1173899577216698e-10,1.232568907770116e-09,3.883166223616039e-09,6.347841649077318e-09,5.379372577554082e-09,2.654715098611973e-10,1.2759242806528326e-11,1.307096197730765e-10,1.2834522703377934e-09,3.4170355522471294e-09,4.7989221878261824e-09,5.43600690260317e-09,6.09568593946316e-09,1.1328786602324783e-11,1.6157119994053883e-10,1.145869606850391e-09,3.2235493193294018e-09,4.857336007666671e-09,7.466984349175141e-09,2.7151003496422426e-10,3.4027140004119566e-12,9.258048916821392e-11,7.827848272967232e-10,2.259636534996073e-09,4.91688341185779e-09,4.8367853982843885e-09,6.806989550307683e-11,3.9796558949193546e-12,1.3104023882391957e-10,1.0512199497148644e-09,3.675514257925113e-09,5.8452710024429935e-09,7.49870676501732e-09,2.7987580663392857e-10,4.5191372720238265e-12,0.0,6.767298276918578e-11,5.369437982606671e-10,1.4248268850742585e-09,2.375943093126908e-09,2.6175020935437076e-09,1.5075818913026436e-10,1.7728917290466921e-10,1.185825301241426e-09,4.113630319389857e-09,5.195925458637873e-09,5.892011662594973e-09,3.3967876402947446e-10,1.350677381846863e-11,0.0,8.191414209303245e-11,6.556910190926999e-10,1.4129244718124575e-09,2.256703765257643e-09,2.718475764851693e-09,1.4268984418260197e-10,1.5523412250684968e-10,1.3113194104255154e-09,3.836275559761388e-09,4.959066953141169e-09,1.4268423936565148e-09,1.6963973342895e-09,5.87069192854563e-11,1.8254153827188682e-10,1.390370406005829e-09,2.985921237456659e-09,6.0164264726027435e-09,5.648535048184203e-09,5.2649743104184535e-09,1.612161155069132e-11,0.0,6.748190351411881e-11,6.116249940657246e-10,3.0811543698777736e-10,6.304238803179504e-10,1.030212524757745e-09,2.4524611615613775e-12,1.387178278704179e-10,1.3405775310640544e-09,2.9912400679261563e-09,5.057167833721196e-09,5.522975432666158e-09,6.301648285939774e-11,2.719290328123105e-13,0.0,8.245253889860615e-11,6.075381152735173e-10,1.3315725421223876e-09,1.868488682594288e-09,3.4239654155770934e-11,2.6475337874497717e-12,1.6650012347660818e-10,1.3287384790247366e-09,2.949058710207409e-09,5.619947885265936e-09,6.925765643855745e-09,2.582319678550147e-10,1.467219136894447e-11,0.0,6.850653805751974e-11,7.058872497315349e-10,1.7227434371420782e-09,2.1980627092325146e-09,2.475804639593078e-09,7.650850254054798e-12,0.0,7.581586521539672e-11,4.959620115215524e-10,1.5566045401125947e-09,2.692904971640254e-09,1.2339090328493879e-10,8.909041069661268e-12,1.5499073551543254e-10,1.1302665387779833e-09,2.9915764209898447e-09,4.90740770523268e-09,7.209282954162261e-09,2.6852593917971354e-10,1.749020261479072e-11,1.5226464684353266e-10,1.3705812158569409e-09,3.060932872665102e-09,4.548556253994614e-09,7.147951829641773e-09,2.9992998756143203e-10,1.7268010519730317e-11,0.0,8.510579357627007e-11,4.986186599566937e-10,1.2650124935269694e-09,2.036018793131706e-09,1.4642163283960128e-10,8.8236982543784e-12,0.0,9.438069334867959e-11,6.951434936200984e-10,1.9674529100580125e-09,2.24652003885927e-09,2.6192730127033455e-09,1.1545330761316074e-10,0.0,6.80177363383549e-11,6.591331808468279e-10,1.3663629145424052e-09,2.6934221682821394e-09,3.2982788058895755e-09,1.129981607755452e-10,4.9062628847579767e-11,4.729626675405487e-10,1.5929269966517063e-09,2.867574958633882e-09,4.8608575092079195e-09,1.9833321586137298e-10,1.0204797930685315e-11,1.781430084440916e-10,1.3840440547368574e-09,3.6639884207127516e-09,5.0479531729664694e-09,7.63289963890082e-09,3.2844923841908964e-10,1.1047427628778527e-12,8.336506616619519e-11,6.553277036581511e-10,1.8931457561736687e-10,5.991128006012334e-10,1.2819488001577555e-09,1.7850292349975919e-09,6.23259323010113e-11,0.0,9.474413277311125e-11,6.655546331084243e-10,1.7489012419457736e-09,2.7959437460003275e-09,3.34812291241652e-09,1.436378983270257e-10,0.0,8.777900542159435e-11,6.260153868124083e-10,1.6038305099731857e-09,2.187934544341313e-09,1.2231927470180803e-10,9.397239706828291e-12,1.7158642877932152e-10,1.4033114153855615e-09,2.7405720683297003e-09,5.936577243263773e-09,7.013127303083206e-09,3.3197453275245187e-10,1.2690967975639533e-11,1.5658798074299327e-10,1.415330304327915e-09,3.050524964732183e-09,6.048250995837081e-09,6.685674096985075e-09,2.626907998337524e-10,1.2280869745155544e-11,1.5451887934743507e-10,1.1515691477757485e-09,3.2975188445101707e-09,6.358307816389534e-09,7.453665500293473e-09,2.8671461074196927e-10,1.5827948365397794e-11
1.2385966324680365e-10,1.0263326921300162e-09,2.8225066779418424e-09,3.955600882878579e-09,4.191214451950017e-09,2.3219730924504463e-10,1.3038313405542037e-11,1.4704097698981317e-10,8.688560123710634e-10,2.771351237806932e-09,4.578502946961501e-09,3.916156347938532e-09,1.9383234604855275e-10,9.314906583888494e-12,9.077057410411054e-11,9.04268911631809e-10,2.437022591201698e-09,3.458609112534769e-09,3.954074024477707e-09,4.471126449395401e-09,8.27525330771944e-12,1.1220222848025209e-10,8.076498606987174e-10,2.3002382734215547e-09,3.5028090042715693e-09,5.4348543891712325e-09,1.9822852093924492e-10,2.4725217031480465e-12,6.429200886404915e-11,5.511030298759103e-10,1.609989733169343e-09,3.540125249588819e-09,3.5150271226909145e-09,4.938048100265179e-11,2.8765808606994067e-12,9.100017031755814e-11,7.406554298286693e-10,2.6213253292227788e-09,4.212519639540543e-09,5.454015971936797e-09,2.0414074937041496e-10,3.2743225759660512e-12,0.0,4.699512868819222e-11,3.783356006306391e-10,1.016386643458735e-09,1.71306242112047e-09,1.9052888914457657e-09,1.1017394721087564e-10,1.231174883258141e-10,8.359600702130056e-10,2.935952531612753e-09,3.747671093315983e-09,4.2892296520561915e-09,2.4800998087043685e-10,9.860433109586592e-12,0.0,5.6884823090345145e-11,4.6201496975066657e-10,1.0079162471798315e-09,1.6270985941391868e-09,1.9787719774862787e-09,1.0428054029337491e-10,1.0780147958193658e-10,9.241662118476681e-10,2.7368741052304503e-09,3.575205938063289e-09,1.035283375038846e-09,1.2393557861063953e-09,4.300091817418553e-11,1.2676496371055178e-10,9.799812399030113e-10,2.1305203260084675e-09,4.337943009695597e-09,4.110191946960912e-09,3.862923098551322e-09,1.1779294051116527e-11,0.0,4.686243452512933e-11,4.3103727028393795e-10,2.190002015057084e-10,4.5232032633420903e-10,7.461736685588937e-10,1.7684139781341817e-12,9.633182995778739e-11,9.446059202832572e-10,2.1336554349272994e-09,3.645580825082768e-09,4.018703191794054e-09,4.5788368659967834e-11,1.9201413664913533e-13,0.0,5.7258709478324035e-11,4.2814680491692486e-10,9.501925119567884e-10,1.3479084533390114e-09,2.466458122572175e-11,1.9033907443000305e-12,1.1562509199192963e-10,9.362929610857778e-10,2.1035867776537137e-09,4.0509583292347624e-09,5.0382822229598e-09,1.8836973012891626e-10,1.0695680323099224e-11,0.0,4.75739862795359e-11,4.974336919823479e-10,1.2292247058356356e-09,1.5853875831564439e-09,1.8029715958525542e-09,5.547988488855264e-12,0.0,5.2649908358552906e-11,3.4941954346629554e-10,1.1103051448378774e-09,1.941598090522759e-09,8.927968385883011e-11,6.442013484509521e-12,1.0763246111653797e-10,7.966057263050881e-10,2.1344549806815373e-09,3.538260726468086e-09,5.2460602726541746e-09,1.959679183710739e-10,1.2761367983070233e-11,1.0573934339492781e-10,9.659321027067236e-10,2.1838416581168503e-09,3.2794174160949712e-09,5.201139611725655e-09,2.188640459179078e-10,1.2596169243225708e-11,0.0,5.910124784421336e-11,3.513794289306239e-10,9.025783075583822e-10,1.4683549703349221e-09,1.0596403944402226e-10,6.383283091019407e-12,0.0,6.554215048885645e-11,4.89845099494147e-10,1.4037235773732048e-09,1.6202351929797091e-09,1.9072882024468567e-09,8.442303690800537e-11,0.0,4.7234540814210154e-11,4.644548651636629e-10,9.74771124052474e-10,1.942155072654759e-09,2.4010748209668433e-09,8.260290146858759e-11,3.4071271126326954e-11,3.323593005229289e-10,1.1325676995497582e-09,2.060514193981957e-09,3.5261333753299503e-09,1.4432449928746653e-10,7.426989017259982e-12,1.2371042888716276e-10,9.753207141004393e-10,2.613707617685745e-09,3.6389007071350847e-09,5.5535846444731915e-09,2.397073741337027e-10,7.954537734322953e-13,5.789240926830504e-11,4.6104553806403533e-10,1.334531436176634e-10,4.2612375117938784e-10,9.209346307214292e-10,1.2947632420505186e-09,4.5413463622197674e-11,0.0,6.579453942069345e-11,4.690088221278169e-10,1.2477461157554803e-09,2.0161985500898997e-09,2.437539298979418e-09,1.050129622494348e-10,0.0,6.095764468553799e-11,4.4114610814153244e-10,1.144244342606896e-09,1.5777724969761885e-09,8.851544664232113e-11,6.798182100110539e-12,1.191572481772914e-10,9.88826191276455e-10,1.954926232790567e-09,4.279395668352496e-09,5.102458924812339e-09,2.422660806663165e-10,9.263128527639085e-12,1.0874165948488545e-10,9.975401346513406e-10,2.1766760228028825e-09,4.361460150745194e-09,4.866024140571045e-09,1.9176589546406798e-10,8.965530519695706e-12,1.0730478344052734e-10,8.116083609750756e-10,2.3527169578264037e-09,4.584389766490378e-09,5.4237913466901865e-09,2.0920649841585306e-10,1.1542823235534638e-11
8.601365883821643e-11,7.233122815764271e-10,2.0136623438667517e-09,2.8517864264017025e-09,3.0496467310324465e-09,1.694557051062526e-10,9.513074458698952e-12,1.0211179378873192e-10,6.124013446936771e-10,1.977499884871299e-09,3.301538111192273e-09,2.8501302225825366e-09,1.414948249836061e-10,6.799587364050937e-12,6.30351236111797e-11,6.370454000707811e-10,1.7377705046842312e-09,2.4920592879676815e-09,2.8753426069489695e-09,3.2784901561705916e-09,6.044063862421151e-12,7.791821764154977e-11,5.691981569073465e-10,1.6410864149170737e-09,2.5254052162206164e-09,3.9546475137927055e-09,1.446943267672241e-10,1.796575095989073e-12,4.464723001070639e-11,3.8795617578765264e-10,1.1469254379896472e-09,2.548297950636676e-09,2.5537776596753115e-09,3.5818793924107795e-11,2.0792927354775237e-12,6.319456553468061e-11,5.21787495178662e-10,1.8691611184566123e-09,3.035140154745181e-09,3.965765988721932e-09,1.4886926787621448e-10,2.372459056392873e-12,0.0,3.263550700126276e-11,2.6655084282022514e-10,7.248985308379637e-10,1.23482763659047e-09,1.3864652857031563e-09,8.049508574171336e-11,8.549825979345501e-11,5.892528064568163e-10,2.095038702134042e-09,2.702437900811886e-09,3.121560487641973e-09,1.81040610053985e-10,7.197653656889285e-12,0.0,3.9503350652222027e-11,3.2551215444816815e-10,7.18871535523195e-10,1.1728683669973982e-09,1.4399273417185481e-09,7.619133165461341e-11,7.486214195978688e-11,6.512455991510814e-10,1.9521866012267173e-09,2.5769140121459102e-09,7.510101186987652e-10,9.052309640654924e-10,3.149043087657179e-11,8.803122869802931e-11,6.906491131631563e-10,1.5198955863579702e-09,3.126991783988284e-09,2.9899754425178836e-09,2.833338209955858e-09,8.605573192232721e-12,0.0,3.254335819191146e-11,3.037370149026959e-10,1.556410258380634e-10,3.244763672782027e-10,5.403163743542669e-10,1.2751110707323151e-12,6.689710695636067e-11,6.655239819014933e-10,1.521665904747993e-09,2.627384874858568e-09,2.9233204210874414e-09,3.3266249955646187e-11,1.3561135988401589e-13,0.0,3.9762993823944e-11,3.0169306931856395e-10,6.77918634416937e-10,9.721265621834377e-10,1.7765718410404905e-11,1.3683997394943179e-12,8.029520605648179e-11,6.596873097128725e-10,1.500235788693037e-09,2.9193205347144384e-09,3.6641829133033396e-09,1.3738011835361937e-10,7.796179894830863e-12,0.0,3.303749124590044e-11,3.5050061456068777e-10,8.769234156525416e-10,1.1432063377415348e-09,1.3126018432445189e-09,4.022772427765343e-12,0.0,3.656243748105726e-11,2.46150743717584e-10,7.91822692562049e-10,1.3995648944047905e-09,6.458742317320436e-11,4.657843240423938e-12,7.474476802833876e-11,5.613823965267972e-10,1.5226313687677865e-09,2.5504982722242475e-09,3.816392911218443e-09,1.4298556825427777e-10,9.310067863622859e-12,7.343010288415069e-11,6.806777275962005e-10,1.5577922016769202e-09,2.363836172915144e-09,3.783505641651862e-09,1.5967549699771423e-10,9.187344074633995e-12,0.0,4.1042534559148617e-11,2.4759265173085763e-10,6.438655378107507e-10,1.0587051000933424e-09,7.66721191510714e-11,4.61750440890863e-12,0.0,4.551538366289167e-11,3.4514137621926674e-10,1.0013342058542082e-09,1.1682607874708048e-09,1.3884299994943126e-09,6.17167875566377e-11,0.0,3.2801765498576436e-11,3.2724122729678275e-10,6.952806059040754e-10,1.4000996263990038e-09,1.747422591662714e-09,6.036828193836841e-11,2.3660605544587138e-11,2.335385213128208e-10,8.05134856714829e-10,1.480285852334107e-09,2.557241004831822e-09,1.050026344297636e-10,5.4047615839093356e-12,8.591002394558787e-11,6.872246687616693e-10,1.864153851918392e-09,2.6225471855900854e-09,4.03957610255056e-09,1.749046070965097e-10,5.728263251340991e-13,4.0203063154588397e-11,3.243341096382802e-10,9.407225778716045e-11,3.0305038727045146e-10,6.614611697735474e-10,9.389094448001446e-10,3.30826610777436e-11,0.0,4.5690653903183184e-11,3.3047002931534444e-10,8.900365623777416e-10,1.4535618140680512e-09,1.7740888870294718e-09,7.675478819426241e-11,0.0,4.2331698775812505e-11,3.1083768119860264e-10,8.162059791011012e-10,1.1374953705859221e-09,6.404261439938981e-11,4.917615212798982e-12,8.274809221164353e-11,6.966908090955404e-10,1.3942520328955465e-09,3.084089182260934e-09,3.7113005052602e-09,1.7676147175196285e-10,6.7603439329506485e-12,7.551504502877578e-11,7.030004718543189e-10,1.5528637112451657e-09,3.144346586631236e-09,3.540630128840807e-09,1.3996009770838788e-10,6.5444283382812584e-12,7.45172142561181e-11,5.719471550330279e-10,1.6783130736132475e-09,3.3045999790283e-09,3.9456167801191355e-09,1.5261984086737823e-10,8.417000968245873e-12
5.973170952798765e-11,5.097024167585758e-10,1.436347844225654e-09,2.055508641614934e-09,2.2183905820762597e-09,1.236411496028022e-10,6.940223142317345e-12,7.091097040505425e-11,4.3159548900136124e-10,1.4107880174863052e-09,2.3801585005880416e-09,2.0737061419687482e-09,1.0326692002534193e-10,4.962909510027489e-12,4.377439284881371e-11,4.4874406626688517e-10,1.2389367300032857e-09,1.7952116384088227e-09,2.0903350222931037e-09,2.4032286616179214e-09,4.4139320375799735e-12,5.4109875461266606e-11,4.011039931728601e-10,1.1706074232230133e-09,1.8203014768140384e-09,2.87677815942612e-09,1.0559477091594023e-10,1.3053881028144944e-12,3.1005021716561006e-11,2.7308167653645487e-10,8.169129449012598e-10,1.833943186642449e-09,1.8549042492355784e-09,2.597892930988611e-11,1.5030085089019897e-12,4.388511638567529e-11,3.675586146715793e-10,1.3325900986742541e-09,2.1863332337930486e-09,2.8828355946845277e-09,1.0854047303238893e-10,1.7190379704677108e-12,0.0,2.266354703596898e-11,1.8777511453497943e-10,5.169136221895104e-10,8.8989107026203e-10,1.0086329726990463e-09,5.879672191231857e-11,5.937379398381478e-11,4.1530753569000384e-10,1.4947047469629297e-09,1.9482604201458223e-09,2.271132632322067e-09,1.3212631655015447e-10,5.253343226438376e-12,0.0,2.7432883239897237e-11,2.293154826700568e-10,5.126258908051474e-10,8.45244037900812e-10,1.0475181815493522e-09,5.5654563411745545e-11,5.198760038125231e-11,4.588738596000176e-10,1.3922280075420633e-09,1.8569399742133942e-09,5.44673758866051e-10,6.610263021683989e-10,2.305644154609302e-11,6.113280011000491e-11,4.866876243738694e-10,1.0840857283714964e-09,2.253557279095945e-09,2.1744722115243995e-09,2.0775190835680834e-09,6.286212510377571e-12,0.0,2.259955477257597e-11,2.1401025896368366e-10,1.1059935719502186e-10,2.3272575837087157e-10,3.911585746582839e-10,9.193765058937597e-13,4.645632604986872e-11,4.688476401197679e-10,1.0850191097246858e-09,1.8931262399510105e-09,2.1259160798733975e-09,2.4165708008224925e-11,9.579524768385492e-14,0.0,2.7613190960405128e-11,2.1256515963152068e-10,4.835750099874922e-10,7.009372591022351e-10,1.2795456766894934e-11,9.83775187811372e-13,5.5760561801331946e-11,4.6474988009011647e-10,1.0697486091285067e-09,2.103321179729297e-09,2.6641165991049127e-09,1.001725176276271e-10,5.682172663861974e-12,0.0,2.2942702791028994e-11,2.4694302729482914e-10,6.254791900111344e-10,8.241551818343658e-10,9.553234425456868e-10,2.9166104274225223e-12,0.0,2.5390582084238864e-11,1.7338476486855403e-10,5.645938409308196e-10,1.0086105789098229e-09,4.671639288213083e-11,3.367595570744317e-12,5.190609092128098e-11,3.9557392701896095e-10,1.0859866446782244e-09,1.8380573044428499e-09,2.7755751312286697e-09,1.0430575581393832e-10,6.791425630784544e-12,5.099312897585252e-11,4.796122626644027e-10,1.1110152097252382e-09,1.703479451960434e-09,2.751507689237162e-09,1.16469383655488e-10,6.7003271356631295e-12,0.0,2.8501760858586573e-11,1.7444296267204776e-10,4.592263182043071e-10,7.631589566319866e-10,5.5467977815006645e-11,3.3399471556658553e-12,0.0,3.160790616610153e-11,2.4315875021833694e-10,7.141637644675626e-10,8.421644715715022e-10,1.010428160515181e-09,4.510600432470401e-11,0.0,2.2779004388950484e-11,2.3054054919816178e-10,4.958376750564711e-10,1.0090923229535634e-09,1.2713518471722245e-09,4.4107539848166816e-11,1.6430976308073005e-11,1.6408893117353015e-10,5.722819935588692e-10,1.0632267260129073e-09,1.8540997556075227e-09,7.637938846844706e-11,3.93273857729639e-12,5.96597412226856e-11,4.841773422489598e-10,1.3293195331605282e-09,1.88962631195304e-09,2.9375026454234436e-09,1.275934074465693e-10,4.125561505743227e-13,2.791879449417919e-11,2.2814208338823248e-10,6.631049023554513e-11,2.1549963517225561e-10,4.750053349630429e-10,6.806861800900261e-10,2.409445420326415e-11,0.0,3.1729621592963224e-11,2.3282927162129816e-10,6.34762446904858e-10,1.0476842547705652e-09,1.2908455652792652e-09,5.6086416050203804e-11,0.0,2.939701355904157e-11,2.1899757245714342e-10,5.821066242459795e-10,8.198822155681097e-10,4.632816183363776e-11,3.5570082644566556e-12,5.7463954944701687e-11,4.908118931519583e-10,9.942028783456975e-10,2.222137216843138e-09,2.6986902549617043e-09,1.2894073955903894e-10,4.933185458706709e-12,5.244100561710159e-11,4.953751459520929e-10,1.107628960145791e-09,2.2663482148282042e-09,2.575524219830497e-09,1.0212777128956398e-10,4.776564418685262e-12,5.174806760685023e-11,4.030128417385485e-10,1.1970112550112562e-09,2.381523872874797e-09,2.869506251084736e-09,1.113160002005797e-10,6.1370517638885145e-12
4.148035516256969e-11,3.591380375144302e-10,1.0243655591090075e-09,1.481223835411024e-09,1.6132691141384259e-09,9.019408931688386e-11,5.062654539480011e-12,4.9243730928459454e-11,3.0413807377754426e-10,1.0063024486996312e-09,1.7155110002816456e-09,1.5083741114425967e-09,7.535093792678287e-11,3.6219231114356526e-12,3.039888475065285e-11,3.1606996899171755e-10,8.831423014695867e-10,1.2929287458926217e-09,1.5192356476883156e-09,1.7610929016299289e-09,3.2230730167115804e-12,3.7576303764443376e-11,2.826209204462322e-10,8.348594233989987e-10,1.3117603640563115e-09,2.0921132609946518e-09,7.704408733664357e-11,9.484652039107449e-13,2.1531265566988375e-11,1.9220426071187404e-10,5.817626293695686e-10,1.3195530546374574e-09,1.3469310286246868e-09,1.8840197953037823e-11,1.0864576073877173e-12,3.047577609248466e-11,2.5889022979463723e-10,9.498859455171667e-10,1.5745483524225424e-09,2.0950588248331598e-09,7.912067821021677e-11,1.2456036813575413e-12,0.0,1.5738574553894478e-11,1.3226708246473474e-10,3.68537991398215e-10,6.41159442062586e-10,7.335587700935668e-10,4.2936928541560737e-11,4.123180265597745e-11,2.926784161267721e-10,1.0662037109813967e-09,1.4042247703873752e-09,1.6519352905130864e-09,9.64072148825754e-11,3.833803136215469e-12,0.0,1.90506139149634e-11,1.6153074362218725e-10,3.6548809666014186e-10,6.089949963355324e-10,7.61833938470999e-10,4.064337481505469e-11,3.61025014133546e-11,3.2329300301381426e-10,9.927112990647513e-10,1.337815286888566e-09,3.949408254234054e-10,4.825862632375504e-10,1.6877928165821902e-11,4.245333497392747e-11,3.4292328636316143e-10,7.731011923847174e-10,1.6237183282167343e-09,1.5809650879774057e-09,1.5228514291459097e-09,4.591410035310562e-12,0.0,1.5694135583680992e-11,1.5077387723123712e-10,7.85833433385363e-11,1.6689031435270215e-10,2.831101663272415e-10,6.628559398414377e-13,3.22613386480698e-11,3.3025954487687933e-10,7.735342461907644e-10,1.3637528136785686e-09,1.5455979415467868e-09,1.7552605083940723e-11,6.768253901510285e-14,0.0,1.9175827408822434e-11,1.4975234039998942e-10,3.448827924778376e-10,5.05278491230626e-10,9.214932968490074e-12,7.072547617163963e-13,3.872261341882997e-11,3.273828128696039e-10,7.626549288263076e-10,1.5150622504954399e-09,1.9364763047086404e-09,7.302734541406925e-11,4.141000756191662e-12,0.0,1.593243276691538e-11,1.739641675624682e-10,4.460524761784651e-10,5.940047749144591e-10,6.950928357573072e-10,2.1144307155194232e-12,0.0,1.7632348916355364e-11,1.221172900918183e-10,4.0250193807041104e-10,7.266949153262331e-10,3.378445426684699e-11,2.4345914659345606e-12,3.6045897633161494e-11,2.7870881403486345e-10,7.744210973570093e-10,1.3243206406010735e-09,2.0180618404409107e-09,7.607352666561576e-11,4.953598923649942e-12,3.541189625520388e-11,3.3790411619718483e-10,7.922342688013546e-10,1.227316438057711e-09,2.0004560203594617e-09,8.49366780002975e-11,4.886026502393764e-12,0.0,1.9792889909381674e-11,1.2289213745969703e-10,3.2747694039273016e-10,5.499869842308431e-10,4.012114551479251e-11,2.4156848026630454e-12,0.0,2.1949935197235863e-11,1.7129238088378178e-10,5.092592668382621e-10,6.06947020280521e-10,7.35126907883506e-10,3.2957559993984157e-11,0.0,1.581875328300038e-11,1.623985311852769e-10,3.535427448944315e-10,7.271116881675465e-10,9.247210256381966e-10,3.221871925489687e-11,1.141040027215722e-11,1.1528437952813358e-10,4.0671421031823724e-10,7.635151291141621e-10,1.3439541416699978e-09,5.5547988408961875e-11,2.861329114913633e-12,4.1430377101580264e-11,3.4108707751282633e-10,9.47765573232211e-10,1.361223140497744e-09,2.1355133937940514e-09,9.305994240913187e-11,2.971618610706304e-13,1.9388052124807257e-11,1.6046584835445506e-10,4.674021772967076e-11,1.532256418595501e-10,3.410455092263735e-10,4.933573072134346e-10,1.754427694219038e-11,0.0,2.2034460055347233e-11,1.6402051354968992e-10,4.5262383082200203e-10,7.549624869388378e-10,9.389662298980319e-10,4.097325655751246e-11,0.0,2.0414592976899187e-11,1.542765885174662e-10,4.150764904960347e-10,5.908145870885122e-10,3.350790978229284e-11,2.5726643823940873e-12,3.990552531062292e-11,3.457367894438462e-10,7.088145029856419e-10,1.6007206517066029e-09,1.9618317382341894e-09,9.403741275840968e-11,3.5994244860097148e-12,3.641736632016087e-11,3.490332856842467e-10,7.899102182514115e-10,1.6331342794845728e-09,1.872970740196983e-09,7.450589505925746e-11,3.485837570178315e-12,3.5936159396894364e-11,2.8394624257930925e-10,8.535844468835669e-10,1.7158959313753829e-09,2.086321608714379e-09,8.117368569525094e-11,4.474231724935506e-12
2.880580308078629e-11,2.5302337429627094e-10,7.304217655949702e-10,1.067142521316761e-09,1.1728903784419934e-09,6.578118863100353e-11,3.692621296200946e-12,3.419703640804682e-11,2.142981894769795e-10,7.176584761362632e-10,1.2361765232302217e-09,1.096861410079261e-09,5.496969012901163e-11,2.6429596126001636e-12,2.1110337253047806e-11,2.2259968605906478e-10,6.294164517309063e-10,9.30971551584412e-10,1.1038721158305973e-09,1.2901406129441445e-09,2.3532152917985685e-12,2.6094656250042094e-11,1.9911597956728283e-10,5.953038977459946e-10,9.450741774054743e-10,1.5210577723455648e-09,5.620082246213453e-11,6.891109434021086e-13,1.495226809740606e-11,1.3526783776832343e-10,4.142344628550079e-10,9.49236279421357e-10,9.778136142331246e-10,1.3661642377515208e-11,7.853594637220194e-13,2.1163734016586782e-11,1.8233139308548064e-10,6.769745826987504e-10,1.1337019901618469e-09,1.5221502881584592e-09,5.766340242472e-11,9.025685677238593e-13,0.0,1.0929565800551065e-11,9.315837433483622e-11,2.627066720870563e-10,4.618439130833653e-10,5.333543231241155e-10,3.13475622771537e-11,2.8633197150572762e-11,2.0623625089508332e-10,7.604093087695028e-10,1.0118726812620428e-09,1.2012262945749672e-09,7.032942267231845e-11,2.797514874957152e-12,0.0,1.3229593315760909e-11,1.1377144722038269e-10,2.605376017055194e-10,4.3867753786353494e-10,5.539089408986729e-10,2.967381256857013e-11,2.5071182134572716e-11,2.277479176635118e-10,7.07717822394893e-10,9.635983416053387e-10,2.8630788805164485e-10,3.522321310219978e-10,1.2352633107805738e-11,2.948148361220791e-11,2.416006780009689e-10,5.512300972145516e-10,1.1696455151184272e-09,1.1491435920702367e-09,1.1159316316007716e-09,3.3531266987535022e-12,0.0,1.0898705536501538e-11,1.062118327247389e-10,5.582878971423521e-11,1.1965861485078906e-10,2.0486006052230866e-10,4.778860697421922e-13,2.2403708070894357e-11,2.3261368881729657e-10,5.513746446134043e-10,9.82184807607582e-10,1.1233863458795283e-09,1.2747629710572282e-11,4.782927603143948e-14,0.0,1.3316547066008285e-11,1.0548982772965351e-10,2.459244282468638e-10,3.6414905204863385e-10,6.6357702728444435e-12,5.084547593789808e-13,2.6890704327021822e-11,2.3059428066315364e-10,5.436251959405619e-10,1.0910826959991873e-09,1.407198749042969e-09,5.3227365187268564e-11,3.0175446834852316e-12,0.0,1.1064189544960638e-11,1.2254018569682372e-10,3.180401817119017e-10,4.2802466575097193e-10,5.056054651723236e-10,1.5327440894951341e-12,0.0,1.2244686960197228e-11,8.600039327452428e-11,2.8689599556392853e-10,5.234559867720837e-10,2.4428174788938537e-11,1.7599595004710097e-12,2.5031873907233635e-11,1.9634895107401945e-10,5.521459200061228e-10,9.539565333496387e-10,1.4668948154918066e-09,5.547130874047888e-11,3.6126995918005757e-12,2.4591595203926154e-11,2.3804102114102036e-10,5.648217388093518e-10,8.840515333440609e-10,1.4540209057010365e-09,6.192829402675612e-11,3.5626134536270237e-12,0.0,1.3745062750418973e-11,8.656659406138915e-11,2.3348451800339143e-10,3.9626758630610207e-10,2.901554099679855e-11,1.747063470973286e-12,0.0,1.5243010718625206e-11,1.2065410232567163e-10,3.630809691462571e-10,4.373234339588278e-10,5.34682818880671e-10,2.4075002344802968e-11,0.0,1.0985245437234867e-11,1.1438602350998544e-10,2.520393599039451e-10,5.238065440248079e-10,6.724104242127942e-10,2.352859734678659e-11,7.923889134685398e-12,8.099018845185201e-11,2.890062453268563e-10,5.481785024589295e-10,9.739285491761214e-10,4.039029402286591e-11,2.0815852389526454e-12,2.8771096019866814e-11,2.4026017660594036e-10,6.756120503723633e-10,9.803581005100207e-10,1.5520630253198571e-09,6.785866573899834e-11,2.140675629477949e-13,1.3463925433065786e-11,1.1285601655961083e-10,3.2944806692549575e-11,1.089356877636711e-10,2.4482006342204945e-10,3.574942794963314e-10,1.2771927699684409e-11,0.0,1.5301708574993395e-11,1.1553524340334412e-10,3.226914443188538e-10,5.43900783606978e-10,6.82816508359723e-10,2.992504338729792e-11,0.0,1.4176800911446132e-11,1.0867170451532517e-10,2.9592222945745467e-10,4.256475955510956e-10,2.4231265420642018e-11,1.8605814456711625e-12,2.7712171138524202e-11,2.435186701305427e-10,5.05260135182246e-10,1.1528218447343026e-09,1.4257839344455709e-09,6.856769979077907e-11,2.6259419527444568e-12,2.528983841198343e-11,2.458975361205511e-10,5.632285498505222e-10,1.1765691481326848e-09,1.3616895227562289e-09,5.4343174518559293e-11,2.5435814846816337e-12,2.4955666875230917e-11,2.0003605695587563e-10,6.085815429124783e-10,1.2360275950568294e-09,1.5164866108177975e-09,5.918127770975824e-11,3.2616148417477407e-12
2.0004030318528198e-11,1.7824405682674165e-10,5.207351024265376e-10,7.686449106381702e-10,8.524938758510531e-10,4.7966093780028936e-11,2.693036245999843e-12,2.3747942610429332e-11,1.5098044252792012e-10,5.117179577980526e-10,8.905700748717098e-10,7.97400922609699e-10,4.0092721126810776e-11,1.928366837024301e-12,1.4659956864416657e-11,1.5675567163771205e-10,4.485101832590672e-10,6.701967525355878e-10,8.018592788714067e-10,9.448460452460504e-10,1.717905868249855e-12,1.812128944573588e-11,1.4026943956619917e-10,4.2441273389961473e-10,6.807360531152882e-10,1.1055779487390978e-09,4.0987643452914274e-11,5.006583361502053e-13,1.0383519733848499e-11,9.518920201633613e-11,2.949021224334242e-10,6.826993005548738e-10,7.096677095768012e-10,9.905421429142372e-12,5.677110791092815e-13,1.4697037949808604e-11,1.2839986850932097e-10,4.823921718387015e-10,8.161054462657304e-10,1.1056182521307813e-09,4.201678822727057e-11,6.540105059882321e-13,0.0,7.589976395942709e-12,6.560682605036493e-11,1.8723433485921312e-10,3.326026243049856e-10,3.876835832832421e-10,2.2880859511910908e-11,1.9884165129365177e-11,1.4530930125840597e-10,5.422232618762726e-10,7.289806301173618e-10,8.732515016836822e-10,5.129467791641004e-11,2.041093776954843e-12,0.0,9.187217692129403e-12,8.01250406536853e-11,1.8569194315773318e-10,3.1592093689269265e-10,4.026217886937351e-10,2.16596969413191e-11,1.7410543585480723e-11,1.6042360998293803e-10,5.044554948978877e-10,6.939029936809765e-10,2.075109853011101e-10,2.570287444773568e-10,9.038864800339184e-12,2.0473252909390357e-11,1.70198007289713e-10,3.9296544688073715e-10,8.423654054851589e-10,8.350477701785034e-10,8.17498148521867e-10,2.448498639235516e-12,0.0,7.568545730306474e-12,7.481275118415032e-11,3.965848864822819e-11,8.577956002867986e-11,1.4820390936274105e-10,3.445150498835264e-13,1.555813102419535e-11,1.6382192381282517e-10,3.929525479454116e-10,7.07218272387612e-10,8.162917334110497e-10,9.256835591565478e-12,3.380610826932561e-14,0.0,9.247602216502175e-12,7.4302531228515e-11,1.7532963431983198e-10,2.623769092695382e-10,4.778072236085719e-12,3.655312060751852e-13,1.8674100471986973e-11,1.6240442930485862e-10,3.8743352637721225e-10,7.855763148599664e-10,1.0223141685748345e-09,3.878798973624219e-11,2.198664014146393e-12,0.0,7.683465022281079e-12,8.630850290438809e-11,2.267263601026705e-10,3.0835208860531996e-10,3.676705644446293e-10,1.1109796916176e-12,0.0,8.503254974479394e-12,6.055937290580988e-11,2.0445920760713167e-10,3.769718874371876e-10,1.766004831169496e-11,1.2721812661094122e-12,1.738324618756547e-11,1.383126644604436e-10,3.9360042492761725e-10,6.87015586787249e-10,1.0659771956405493e-09,4.0440195894851574e-11,2.6344705427245233e-12,1.7077496967080852e-11,1.6767406154582463e-10,4.026190691450187e-10,6.366506989290239e-10,1.0565670567245914e-09,4.514333942163408e-11,2.5973710130969805e-12,0.0,9.54518256526936e-12,6.097232800624275e-11,1.6644083385524665e-10,2.8544649745735816e-10,2.0980441485829887e-11,1.2634097563577068e-12,0.0,1.0585424192060479e-11,8.497724824608861e-11,2.588168058165186e-10,3.150316105350832e-10,3.8878432063546205e-10,1.7582035463406187e-11,0.0,7.628642765260171e-12,8.056020100907599e-11,1.796469508420159e-10,3.772606997497024e-10,4.888081197076564e-10,1.717817538781545e-11,5.502700783083063e-12,5.689386668992207e-11,2.0533572214965575e-10,3.9349575005558894e-10,7.056061969885491e-10,2.936314461673934e-11,1.5141667725141873e-12,1.997992821537773e-11,1.6922115981776468e-10,4.815260037516432e-10,7.059003584191554e-10,1.1277188908164766e-09,4.947163816593011e-11,1.542248512468303e-13,9.349948471743206e-12,7.93655720903291e-11,2.322046196713706e-11,7.743963938356884e-11,1.7571287445973036e-10,2.5898284073596607e-10,9.295674062332407e-12,0.0,1.0626186750496634e-11,8.137427834933393e-11,2.3001827607043222e-10,3.9175508133753296e-10,4.96407063319215e-10,2.1850507639597362e-11,0.0,9.845000798665085e-12,7.654014570266999e-11,2.1093658734352208e-10,3.065841375299219e-10,1.7519898680958426e-11,1.345491399134419e-12,1.9244563746501074e-11,1.7150457146972297e-10,3.601001679988217e-10,8.300648851899467e-10,1.0359298433398983e-09,4.998587731936113e-11,1.9155041239214886e-12,1.7562388200669235e-11,1.7321952935943578e-10,4.015282454344399e-10,8.474509560826429e-10,9.897109864244406e-10,3.962847812280099e-11,1.8557976235911976e-12,1.7330324591712632e-11,1.4090811605781747e-10,4.338265066578912e-10,8.901595124419157e-10,1.1019973617567626e-09,4.313851027296167e-11,2.3773967518579108e-12
1.3891687964005582e-11,1.2555247812622705e-10,3.711807148866555e-10,5.535182048975917e-10,6.194550057293259e-10,3.496845133007575e-11,1.9638121500675355e-12,1.6491627227987877e-11,1.0635992460677766e-10,3.64811109085969e-10,6.414422588642728e-10,5.795426844220413e-10,2.923585760328737e-11,1.4068119064251268e-12,1.0180525865527801e-11,1.1037735234414283e-10,3.195466675049781e-10,4.823624614990602e-10,5.823240186638983e-10,6.917606553058212e-10,1.2539564704565033e-12,1.2584229008645716e-11,9.880428657146479e-11,3.025264746438445e-10,4.902236924305897e-10,8.033736490177076e-10,2.9886195234416537e-11,3.6372815798666237e-13,7.210777777017457e-12,6.697965932300351e-11,2.0991414845669096e-10,4.909003996394843e-10,5.149245647490389e-10,7.1811664324201245e-12,4.103819968544392e-13,1.0206276590095707e-11,9.04119091857852e-11,3.4368143649337976e-10,5.873531178351262e-10,8.028614002515071e-10,3.060963318238662e-11,4.73905527847037e-13,0.0,5.270816958687842e-12,4.6199125713234756e-11,1.3342168245261197e-10,2.394741475705835e-10,2.817222749176544e-10,1.6696962681531764e-11,1.3808448376534724e-11,1.023709150395744e-10,3.865746376421415e-10,5.250591317051509e-10,6.346554037244564e-10,3.7403801433394566e-11,1.4890212587047111e-12,0.0,6.380012294337943e-12,5.6423592240966045e-11,1.3232508072106192e-10,2.2746469941656907e-10,2.925758714249787e-10,1.580620736063381e-11,1.2090655527820476e-11,1.1298961850279231e-10,3.5951093745465264e-10,4.995805359257673e-10,1.503682517202088e-10,1.875141423022054e-10,6.612757092716916e-12,1.4217536914631874e-11,1.1988547879143188e-10,2.8009261104862576e-10,6.065277555391829e-10,6.066451303792734e-10,5.986964319852826e-10,1.7877014477481254e-12,0.0,5.255934711714284e-12,5.269081202330453e-11,2.816856748621113e-11,6.148249602818397e-11,1.0719235995991646e-10,2.483532171079186e-13,1.0804257847294384e-11,1.1536291986210028e-10,2.8000156957397167e-10,5.091170688177495e-10,5.929891204950081e-10,6.7211007167945365e-12,2.3899038025298688e-14,0.0,6.4219461241656295e-12,5.233031076944024e-11,1.2497798582009662e-10,1.8900418390353467e-10,3.4401371369866115e-12,2.62779582478611e-13,1.296812548015822e-11,1.1436799283633589e-10,2.7607171369125474e-10,5.65488538501352e-10,7.425066901290265e-10,2.8260038958505365e-11,1.6018434152906714e-12,0.0,5.335739676450148e-12,6.07834805469101e-11,1.6160211381953737e-10,2.2208821848341115e-10,2.67291822194236e-10,8.051967805377031e-13,0.0,5.905038197280406e-12,4.2640328656394224e-11,1.456852283087316e-10,2.7141870269412785e-10,1.2764969443012787e-11,9.195268509250812e-13,1.2071698959912353e-11,9.742073930163519e-11,2.8053253051906117e-10,4.946617881507086e-10,7.744309142695882e-10,2.947599454052637e-11,1.920899870447382e-12,1.185937316871926e-11,1.1809631572097164e-10,2.8694813939603223e-10,4.583831776017632e-10,7.675552255396043e-10,3.29010193743513e-11,1.893437778674331e-12,0.0,6.6285990846331416e-12,4.2940989874768085e-11,1.1862797371591504e-10,2.055711627180671e-10,1.5167899185062398e-11,9.135794017646599e-13,0.0,7.35098906612115e-12,5.984396683267484e-11,1.8446199679949456e-10,2.268852324079452e-10,2.826190284054081e-10,1.2837026054089705e-11,0.0,5.297668581738486e-12,5.673165257678265e-11,1.2802576150519893e-10,2.716528849229257e-10,3.5524188068780213e-10,1.2538689706570413e-11,3.821320028718044e-12,3.996408965493908e-11,1.4586864891919676e-10,2.8240531546969453e-10,5.110832420710836e-10,2.1342502764997324e-11,1.1013005387089599e-12,1.3874950442560894e-11,1.1917481994377866e-10,3.431381198177824e-10,5.081670496872382e-10,8.191778685532372e-10,3.6059206355485544e-11,1.1112236208354163e-13,6.4930198842348585e-12,5.5809142358826505e-11,1.6365991397630722e-11,5.5044185613512536e-11,1.2609072082128688e-10,1.8757228807925575e-10,6.7640940843669965e-12,0.0,7.379296480544519e-12,5.730820194534047e-11,1.6393175487590374e-10,2.821054622553841e-10,3.607890171657323e-10,1.5950769209937378e-11,0.0,6.836806114844244e-12,5.390375906722311e-11,1.5033223071772e-10,2.2077554397380314e-10,1.2665259154029113e-11,9.729247989975266e-13,1.3364280597185837e-11,1.2077485080479168e-10,2.566010542214874e-10,5.975390334660966e-10,7.52476659248212e-10,3.6432110582235005e-11,1.3970967667533228e-12,1.2196103194823542e-11,1.2201002389505003e-10,2.862022500077266e-10,6.102593979827468e-10,7.191563080724185e-10,2.889204287861442e-11,1.3538217790343428e-12,1.2034947879257676e-11,9.924757925312153e-11,3.091999361813647e-10,6.409308320626791e-10,8.005870505855867e-10,3.14382260248245e-11,1.7327054566020483e-12
9.647005627471509e-12,8.842843905672887e-11,2.6453328720587053e-10,3.9851262644163964e-10,4.500018587238613e-10,2.5487561129108058e-11,1.43188257491759e-12,1.145251908213526e-11,7.491885302669066e-11,2.6003451608560205e-10,4.6190229719849585e-10,4.210941838238715e-10,2.1314475683304032e-11,1.0261931971898477e-12,7.069809756539341e-12,7.7713282798445e-11,2.2762763088863223e-10,3.4709721000358273e-10,4.227851685975285e-10,5.063175967166855e-10,9.151877743433573e-13,8.739048042498003e-12,6.958969240516722e-11,2.1560788717786052e-10,3.5295044640347313e-10,5.836221181855602e-10,2.178693806848067e-11,2.6423735536714967e-13,5.007484694805901e-12,4.7126022286840995e-11,1.4939584871467074e-10,3.529126554845515e-10,3.73527953077748e-10,5.205571826792318e-12,2.966539618767459e-13,7.087692222657664e-12,6.36568604142943e-11,2.4481654393769263e-10,4.2262878166401966e-10,5.828610100408017e-10,2.2294947805269197e-11,3.433995468384264e-13,0.0,3.66028962324003e-12,3.2529446631768686e-11,9.505934706485975e-11,1.7238336192470528e-10,2.0466737411855044e-10,1.2181478833980314e-11,9.589200468044121e-12,7.211326559137042e-11,2.7555864989449654e-10,3.7809746167820556e-10,4.6112869165840763e-10,2.7268912209179578e-11,1.086139677436239e-12,0.0,4.430564090578456e-12,3.972933377145959e-11,9.427980895987483e-11,1.6373948427969808e-10,2.1255119006929096e-10,1.1531878979744798e-11,8.396288647052883e-12,7.957301233704705e-11,2.5617033280872173e-10,3.595981675386177e-10,1.0893796639118828e-10,1.3676874243521867e-10,4.836887407041882e-12,9.873289568955872e-12,8.44374488216529e-11,1.9960698910616787e-10,4.366222907460719e-10,4.40601357922181e-10,4.3832758255141595e-10,1.3050723421281225e-12,0.0,3.649954746188539e-12,3.7106612862450176e-11,2.000527122470667e-11,4.406033668503425e-11,7.751237925886556e-11,1.7902279904672337e-13,7.50295693721782e-12,8.123038542953214e-11,1.994843388893572e-10,3.6642657078797956e-10,4.306599807746548e-10,4.879356312751578e-12,1.6898537911145573e-14,0.0,4.459684826706911e-12,3.685193593992409e-11,8.907119030353883e-11,1.361187332200299e-10,2.4766233217226833e-12,1.889092070522541e-13,9.005642861300685e-12,8.05320979877706e-11,1.9668654767637731e-10,4.069725494854494e-10,5.391439726782667e-10,2.0585516441779377e-11,1.1669079365831835e-12,0.0,3.7053747904170665e-12,4.280308580768116e-11,1.1516434742499719e-10,1.599211639985703e-10,1.9426461866842483e-10,5.835211249319543e-13,0.0,4.100720929239801e-12,3.00205418539226e-11,1.0378915794189704e-10,1.9537717947449022e-10,9.225182560659091e-12,6.645816017927502e-13,8.383124465414774e-12,6.861161208079911e-11,1.9991152958467052e-10,3.560861532204804e-10,5.624768324253516e-10,2.148000979503146e-11,1.4004429517522366e-12,8.235675985583074e-12,8.316944661943447e-11,2.044747012757352e-10,3.2995986350615036e-10,5.574548603208139e-10,2.3973780495767634e-11,1.3801275783772281e-12,0.0,4.6031938001150565e-12,3.0239092820096854e-11,8.453581721670039e-11,1.480138039793892e-10,1.0963857213196612e-11,6.605631295008258e-13,0.0,5.104853594432616e-12,4.2140124340127546e-11,1.3144611984254385e-10,1.6336548416161202e-10,2.0538830508424018e-10,9.370290865251704e-12,0.0,3.678936572406323e-12,3.994737399528422e-11,9.122248295921644e-11,1.9556467953499844e-10,2.5810306544556706e-10,9.150025336006134e-12,2.6536944585744786e-12,2.8070241706711285e-11,1.0360968064606241e-10,2.0263829487251967e-10,3.700975058159777e-10,1.5509783549826443e-11,8.009218521418007e-13,9.635382365088758e-12,8.392124188517731e-11,2.4448150022375316e-10,3.6574231801309626e-10,5.948983893866353e-10,2.627758176185118e-11,8.007374836364251e-14,4.509041596228974e-12,3.924142218194896e-11,1.153456677099559e-11,3.912146717384931e-11,9.046626806137605e-11,1.3581994595241164e-10,4.920888867386057e-12,0.0,5.124511495233249e-12,4.0355615991269806e-11,1.1681285917644162e-10,2.0310073382928416e-10,2.6215102838149696e-10,1.1641153079010893e-11,0.0,4.747781979116508e-12,3.795826796202744e-11,1.0712211118305416e-10,1.589480747601686e-10,9.154272476583092e-12,7.034660958463092e-13,9.28075046498212e-12,8.504235620747415e-11,1.828189972082084e-10,4.300570659582753e-10,5.464408410643325e-10,2.654795526276591e-11,1.0188608089369823e-12,8.469516278880374e-12,8.593117930650378e-11,2.0396538196524865e-10,4.3935782583752864e-10,5.22425290914504e-10,2.1059983614492692e-11,9.875016108069613e-13,8.357602897468797e-12,6.989733960310327e-11,2.2033813719477918e-10,4.6138060266865443e-10,5.814655036399036e-10,2.2906744124951667e-11,1.2627031100567147e-12
6.699309557380233e-12,6.227527819093992e-11,1.8849619159347482e-10,2.868517244439124e-10,3.2681821353133196e-10,1.857335813463744e-11,1.0439122823446684e-12,7.953138426981445e-12,5.276678283063019e-11,1.8531921720166645e-10,3.3254234380608155e-10,3.058859677967137e-10,1.5536115443620195e-11,7.484597020640558e-13,4.909590157462229e-12,5.471037318158708e-11,1.6212324233174022e-10,2.497102206761816e-10,3.0687718500687806e-10,3.704793976274132e-10,6.678546003492886e-13,6.0687834343509604e-12,4.900846072539377e-11,1.5363605037621767e-10,2.540611439596687e-10,4.238705171132128e-10,1.587925603013135e-11,1.9195173565560064e-13,3.4774199660812024e-12,3.315444220776783e-11,1.0630879604329959e-10,2.536600636323734e-10,2.708911652494552e-10,3.7730518103991945e-12,2.1444297684189751e-13,4.9220086103786226e-12,4.4815048581008674e-11,1.7436335845854552e-10,3.0403723944061045e-10,4.230383970150455e-10,1.6235596209088564e-11,2.4883243730247484e-13,0.0,2.5418678378617085e-12,2.2902260629047907e-11,6.77160590917158e-11,1.2406149382137027e-10,1.4864871011903808e-10,8.885068173878377e-12,6.65916717582232e-12,5.079369199700888e-11,1.9639082015194386e-10,2.722098347376895e-10,3.349601909956239e-10,1.98759996749006e-11,7.921670867005217e-13,0.0,3.0767806490017797e-12,2.7971804624511794e-11,6.716199374081139e-11,1.1784138606791746e-10,1.5437387738505034e-10,8.411440954664545e-12,5.830756027198903e-12,5.603387451231541e-11,1.8250466199656586e-10,2.587830344621734e-10,7.890621415985334e-11,9.973349644088876e-11,3.5372398732553637e-12,6.856451116127645e-12,5.94648942191604e-11,1.4222553760613483e-10,3.142442575876362e-10,3.199233867103082e-10,3.208223932335568e-10,9.526161722464858e-13,0.0,2.5346908120518285e-12,2.6129162258097333e-11,1.4206124422558848e-11,3.1569927004367905e-11,5.6037995135225186e-11,1.2903961792839249e-13,5.210386819691874e-12,5.71912282169317e-11,1.420973770363666e-10,2.636711081877385e-10,3.12687226819722e-10,3.5418364328608437e-12,1.1950909265739363e-14,0.0,3.0970034113437156e-12,2.5949272153173543e-11,6.346985635641753e-11,9.800908228923141e-11,1.7828091070916048e-12,1.3580267160416433e-13,6.253918694034813e-12,5.670116680041473e-11,1.4010588050399918e-10,2.928285764312657e-10,3.913801950711727e-10,1.4992175675273817e-11,8.499782564468409e-13,0.0,2.5731769477652363e-12,3.0138574914178354e-11,8.205707476013219e-11,1.1513023833285208e-10,1.411511648815332e-10,4.228331495112639e-13,0.0,2.8477228491220507e-12,2.1133716839635476e-11,7.392937342557136e-11,1.4060876073889408e-10,6.665883860414258e-12,4.802861804071363e-13,5.821614366374804e-12,4.831713363320071e-11,1.4243618653431084e-10,2.5627598859557325e-10,4.084276419670354e-10,1.564990473424297e-11,1.020880460794746e-12,5.719219484293115e-12,5.85664457395071e-11,1.4568129355136191e-10,2.374650574584051e-10,4.047609576141646e-10,1.746528195319247e-11,1.0058610746896246e-12,0.0,3.1966623463226963e-12,2.1292344715767844e-11,6.023123590129288e-11,1.065481778508146e-10,7.923712417206006e-12,4.775817908744232e-13,0.0,3.5450372513897657e-12,2.967082126303106e-11,9.365177922340363e-11,1.176027834890112e-10,1.492221035531189e-10,6.838108975715279e-12,0.0,2.5548171321496764e-12,2.8126100643315382e-11,6.498817880573066e-11,1.4075734709385994e-10,1.8747651179326896e-10,6.675569841495356e-12,1.8428433547815044e-12,1.971489458917109e-11,7.358348935756356e-11,1.4537410436714668e-10,2.679397882620565e-10,1.1268967339159945e-11,5.824064120977155e-13,6.691237741255502e-12,5.909047082409192e-11,1.7416134793066877e-10,2.631786712573368e-10,4.319126796770972e-10,1.9145400915336146e-11,5.770566300983517e-14,3.131278941358927e-12,2.7589938797753738e-11,8.129197805121031e-12,2.7801928660377256e-11,6.489559831869108e-11,9.832342377025934e-11,3.579179537036573e-12,0.0,3.5586886246672735e-12,2.8415109563580735e-11,8.322350372041846e-11,1.461893860677833e-10,1.9042947927986082e-10,8.493868732946785e-12,0.0,3.29707084537576e-12,2.6727102174579543e-11,7.631922158843272e-11,1.144099570283676e-10,6.61547660003278e-12,5.085949859034604e-13,6.444965592763072e-12,5.987597570342498e-11,1.30230562120233e-10,3.094515166652524e-10,3.967181231100175e-10,1.9341404915637143e-11,7.429297939526304e-13,5.881608620323517e-12,6.051502882435902e-11,1.4533402792147944e-10,3.162477363169488e-10,3.794132137513944e-10,1.5347837424922392e-11,7.202099140394644e-13,5.803891019164191e-12,4.922194570819764e-11,1.56988506486296e-10,3.32057660981813e-10,4.222095623571357e-10,1.6687124751535475e-11,9.200905117648893e-13
4.6522983837391795e-12,4.385277129145736e-11,1.342929138009776e-10,2.0643303754239395e-10,2.372940974064234e-10,1.3532040879742314e-11,7.609729469322776e-13,5.523012843264023e-12,3.716097715045529e-11,1.320496874787432e-10,2.393587099949953e-10,2.2214048333975887e-10,1.1321909053418787e-11,5.458250144690626e-13,3.4094376649592014e-12,3.851268437809084e-11,1.1545057388909821e-10,1.7960987456983677e-10,2.2268992844074532e-10,2.7100697572011676e-10,4.873005988542216e-13,4.21443298777181e-12,3.4510783823750216e-11,1.0945857639842232e-10,1.828390672673519e-10,3.0776789976708116e-10,1.1571055718130484e-11,1.3943414512376003e-13,2.4148750158995894e-12,2.3323098015533297e-11,7.563704478904006e-11,1.8228421281613914e-10,1.9640841576023802e-10,2.734434131113864e-12,1.550144721982631e-13,3.418061581802224e-12,3.154729773358309e-11,1.2416533255392025e-10,2.1867720992599385e-10,3.0696312946218007e-10,1.1820718156628056e-11,1.8030677980865076e-13,0.0,1.765186029845485e-12,1.6122758503270192e-11,4.823006882582856e-11,8.92657371221453e-11,1.0793447458365408e-10,6.47918727101399e-12,4.6244218046339e-12,3.5773469275186345e-11,1.3994446008482916e-10,1.9593387683478432e-10,2.4324978961668694e-10,1.4484373437446215e-11,5.776885423203426e-13,0.0,2.13665324882333e-12,1.969195878195073e-11,4.783631854051397e-11,8.479074612837816e-11,1.1209099673465723e-10,6.133939260411275e-12,4.049136149400796e-12,3.945424111386929e-11,1.3000151455741874e-10,1.861922662280021e-10,5.7141645903476504e-11,7.271055536493071e-11,2.5862980918989914e-12,4.761424378314718e-12,4.18739391654152e-11,1.0132301292088344e-10,2.261185292010648e-10,2.3223971257463276e-10,2.347500906672863e-10,6.952554952901831e-13,0.0,1.7602019464645063e-12,1.839746528756245e-11,1.0086922493417146e-11,2.261671730720695e-11,4.0504157065414695e-11,9.300648433472531e-14,3.6183241991009293e-12,4.0262387873150826e-11,1.0120294222133752e-10,1.8969049142019007e-10,2.269733880626386e-10,2.5706200852876294e-12,8.453478892499444e-15,0.0,2.1506968275796184e-12,1.8270419676085193e-11,4.521944831032913e-11,7.055339821534907e-11,1.2832461281739607e-12,9.762398594227722e-14,4.3429991576873625e-12,3.991848137086885e-11,9.978561495976694e-11,2.1065411723763538e-10,2.840428985342864e-10,1.0916459489078235e-11,6.190604992461739e-13,0.0,1.7869284294684493e-12,2.1219201904491856e-11,5.845772812771477e-11,8.286614232116549e-11,1.0253199379229383e-10,3.063646473154979e-13,0.0,1.977585270228208e-12,1.4876239868588426e-11,5.2651598178521944e-11,1.0117113082573333e-10,4.815799454726723e-12,3.4707166909803024e-13,4.0427878196273585e-12,3.4022218800983715e-11,1.0146859375675055e-10,1.8440300542507212e-10,2.9649369196452617e-10,1.1399887574970153e-11,7.441022559599983e-13,3.971680243686118e-12,4.123747915100339e-11,1.0377600681682282e-10,1.7086204679052139e-10,2.9381750269149807e-10,1.2721168181306757e-11,7.330047492980908e-13,0.0,2.2199043575351787e-12,1.4991214467334674e-11,4.290729264346913e-11,7.668224403773644e-11,5.7256095590726305e-12,3.4525984309120673e-13,0.0,2.461831476042832e-12,2.088921921372075e-11,6.671333250858521e-11,8.464071784405225e-11,1.0838649932140488e-10,4.989007601380063e-12,0.0,1.7741786006753787e-12,1.980112538832613e-11,4.6290911781412785e-11,1.0128787583490435e-10,1.361402940265888e-10,4.869127815372529e-12,1.2797523207797185e-12,1.3845707577561173e-11,5.225198746347712e-11,1.0427266523565756e-10,1.939349330433064e-10,8.18617238753468e-12,4.234610211672043e-13,4.646692849568222e-12,4.160271982405677e-11,1.2404726740835635e-10,1.89336376491358e-10,3.1350106174775945e-10,1.3946134520086686e-11,4.158956014886238e-14,2.1744993261372474e-12,1.9396517473509995e-11,5.729034619204184e-12,1.9755651777024482e-11,4.654465540935331e-11,7.116235915194432e-11,2.602736812418178e-12,0.0,2.4713116312363687e-12,2.0005684640696023e-11,5.928298256118082e-11,1.0520242069446195e-10,1.3829375763939612e-10,6.195996495901334e-12,0.0,2.2896325061472134e-12,1.8817247090220728e-11,5.436475832015397e-11,8.233373350946487e-11,4.7799821372463924e-12,3.6767615824375075e-13,4.475670570963899e-12,4.215305306976774e-11,9.275431623183431e-11,2.22621445081911e-10,2.8794598004483423e-10,1.4088203661842412e-11,5.416575966536935e-13,4.084450489008641e-12,4.261215705068756e-11,1.0353960864164857e-10,2.2758457008167992e-10,2.754795768114242e-10,1.1182687875050085e-11,5.252002444289781e-13,4.030479913621493e-12,3.4658911008580446e-11,1.1183426120356086e-10,2.389322765005083e-10,3.06494156383641e-10,1.2153821767940588e-11,6.703661148741047e-13
3.2307628510926114e-12,3.087711007981295e-11,9.566053238530398e-11,1.4852803500352e-10,1.7224938081893533e-10,9.85705845064338e-12,5.546544815591172e-13,3.835425565837908e-12,2.6168043238841645e-11,9.407683445980477e-11,1.722495588931113e-10,1.6128168130149505e-10,8.249104351203513e-12,3.9800058750441435e-13,2.367665064904749e-12,2.710804148545073e-11,8.220122776796848e-11,1.291617425325407e-10,1.6155817567521034e-10,1.9818633572244794e-10,3.5551233329421714e-13,2.9266895569338993e-12,2.4299469221837726e-11,7.797143880692121e-11,1.3155492667044585e-10,2.2341040149348078e-10,8.429954130124864e-12,1.0128014153374188e-13,1.676996586452483e-12,1.6405700616709046e-11,5.3806581537577504e-11,1.3096618343299037e-10,1.4237053562903611e-10,1.981490811429771e-12,1.1205476957175754e-13,2.3736538950013717e-12,2.2205504110895054e-11,8.840504031894041e-11,1.5724990353054628e-10,2.2268222101712192e-10,8.604660291569792e-12,1.3065119730622112e-13,0.0,1.2258236449781625e-12,1.1349068684694508e-11,3.434585638521583e-11,6.421550077885039e-11,7.835146360514869e-11,4.723676277026621e-12,3.2114041406304095e-12,2.5192403622484595e-11,9.970537219479124e-11,1.4100095852089595e-10,1.7660430805060008e-10,1.0553110516422604e-11,4.2122690898905133e-13,0.0,1.4837869539223068e-12,1.3861720006530042e-11,3.4066076079234185e-11,6.09967107908508e-11,8.136838156532809e-11,4.47206496700687e-12,2.8119001188502145e-12,2.777764965739328e-11,9.258765334923167e-11,1.3393562155751912e-10,4.13718214712493e-11,5.299769160820379e-11,1.8906389103231166e-12,3.306544688546419e-12,2.948391811061868e-11,7.217190753726171e-11,1.6267222917760277e-10,1.6854605673539898e-10,1.7172104894353886e-10,5.073567110048911e-13,0.0,1.2223624951217065e-12,1.2952374776985503e-11,7.16133614851526e-12,1.6200057364431942e-11,2.927003676680844e-11,6.703137095075683e-14,2.512725158195965e-12,2.8341927737079254e-11,7.206608549968369e-11,1.3643856351183832e-10,1.6471389364927444e-10,1.865478910097894e-12,5.980704132859669e-15,0.0,1.4935394765061303e-12,1.2862663138136781e-11,3.2211535924233267e-11,5.077780927988918e-11,9.235807718970713e-13,7.017737519467898e-14,3.015971644112974e-12,2.810060134701013e-11,7.105755648156953e-11,1.5150804983007635e-10,2.060920751604588e-10,7.94718974821381e-12,4.508289926427682e-13,0.0,1.2409224985351158e-12,1.493807503796391e-11,4.163865488437806e-11,5.963075278292523e-11,7.4459471683213e-11,2.2195492504122955e-13,0.0,1.3733231118712075e-12,1.04705845207492e-11,3.749181722087692e-11,7.277926739676387e-11,3.4786218997138976e-12,2.507869768595632e-13,2.8074916058603076e-12,2.3954251580265096e-11,7.227242998854154e-11,1.32658913538133e-10,2.1518248644874812e-10,8.302359321234296e-12,5.422981599909955e-13,2.758111335877081e-12,2.9033146446224206e-11,7.391285636785566e-11,1.2291359056935491e-10,2.132299139321587e-10,9.263841820923713e-12,5.341030714884303e-13,0.0,1.5416002075645575e-12,1.0553811039206433e-11,3.056115017551182e-11,5.5175942192773305e-11,4.1365924486033625e-12,2.4957940865963447e-13,0.0,1.709605183106676e-12,1.4705313745488306e-11,4.751585006125617e-11,6.090412554475674e-11,7.870516418078892e-11,3.639053304602215e-12,0.0,1.2320684740144369e-12,1.3938942668874461e-11,3.296756790267595e-11,7.287033347612209e-11,9.883573897922402e-11,3.5506810769388817e-12,8.887169154044819e-13,9.723184919753871e-12,3.7099525164038217e-11,7.47778181551104e-11,1.4033754859265e-10,5.9456101549682594e-12,3.0785883364838903e-13,3.2268700053910947e-12,2.9287701488043496e-11,8.833914036631417e-11,1.3618410955896143e-10,2.2749574503852987e-10,1.0156733086560372e-11,2.9976840512895275e-14,1.5100690324256336e-12,1.3635284539175708e-11,4.0374066410851695e-12,1.4036698591078758e-11,3.337731371870192e-11,5.149260911201297e-11,1.892276951952175e-12,0.0,1.7161886339931718e-12,1.4083700891337477e-11,4.222247820189183e-11,7.569066711817581e-11,1.0040565134004297e-10,4.518702457343731e-12,0.0,1.5900225786192197e-12,1.3247062604320342e-11,3.8719578989755684e-11,5.923772916932518e-11,3.4531826034427373e-12,2.657803448233155e-13,3.108104627155443e-12,2.9673251437358484e-11,6.605198287538658e-11,1.6012175616315917e-10,2.089447106165171e-10,1.0259693121019332e-11,3.9486229757399024e-13,2.8364239740230892e-12,3.0002827144517756e-11,7.375220437856543e-11,1.6374410313041168e-10,1.9996609786799686e-10,8.14620908567749e-12,3.8294364872471875e-13,2.7989443626860715e-12,2.4402236432400638e-11,7.965474069141745e-11,1.7188754252418663e-10,2.2243731172977784e-10,8.85029618716607e-12,4.883657396308807e-13
2.2435853260195363e-12,2.1738774235482866e-11,6.813065619838905e-11,1.0684304995163304e-10,1.2500280003577155e-10,7.1786534673827146e-12,4.042252584018806e-13,2.6634899197636026e-12,1.8425257785857338e-11,6.701273180794375e-11,1.2392951062623163e-10,1.1706655662631088e-10,6.009029426476256e-12,2.9017422611908846e-13,1.6442118317165086e-12,1.9078896913383004e-11,5.85184438967682e-11,9.286422851662639e-11,1.1717931260461913e-10,1.448922685676794e-10,2.5933105496421576e-13,2.032423296420814e-12,1.710793227120202e-11,5.553302002005897e-11,9.463542253445702e-11,1.6213422572141416e-10,6.1402682127027815e-12,7.356248033793111e-14,1.1645809530843372e-12,1.1538990673749774e-11,3.8271240855400344e-11,9.407700407313935e-11,1.0317539845072931e-10,1.4357079926318336e-12,8.100000978702249e-14,1.6483708055300445e-12,1.5628590874175482e-11,6.293411085076412e-11,1.130546537293626e-10,1.615024140021358e-10,6.26236326679219e-12,9.466938978433609e-14,0.0,8.51266417399607e-13,7.988063710028557e-12,2.445467925572213e-11,4.6185258223487174e-11,5.686215298836909e-11,3.4430263627502387e-12,2.2301418480248675e-12,1.773928076177704e-11,7.10249015968198e-11,1.0144777686113991e-10,1.2818610388488272e-10,7.687263761396454e-12,3.071025559578434e-13,0.0,1.0304075718817115e-12,9.756760394685392e-12,2.4255908982082886e-11,4.387052748028114e-11,5.905137408811168e-11,3.2596961056914716e-12,1.9527084272978524e-12,1.955494569204243e-11,6.593087468748614e-11,9.632527885583457e-11,2.9947987899752876e-11,3.862071914461989e-11,1.3818310882997597e-12,2.2962115849327594e-12,2.0757992645517422e-11,5.139948223098481e-11,1.170038737246935e-10,1.2229073980876697e-10,1.2557968468299977e-10,3.7018967882259515e-13,0.0,8.488628555570224e-13,9.11801458803978e-12,5.083726154225282e-12,1.160206461096291e-11,2.1147291306208158e-11,4.8307771742885254e-14,1.7449480700482402e-12,1.9948927077896132e-11,5.130979994388229e-11,9.811567132069413e-11,1.19502588479575e-10,1.353584913005582e-12,4.2320511679504806e-15,0.0,1.0371801681963608e-12,9.054674626537839e-12,2.2941772362509318e-11,3.653722748038594e-11,6.646594772933318e-13,5.044631437801648e-14,2.0944247727279774e-12,1.9779593283692295e-11,5.059227737135082e-11,1.0894613095055283e-10,1.4949689095526591e-10,5.784427455756279e-12,3.282792784378904e-13,0.0,8.617517016893101e-13,1.051526069710202e-11,2.965385952845462e-11,4.2901263714417885e-11,5.405893860078522e-11,1.6078546433967636e-13,0.0,9.536965937944508e-13,7.369018903849752e-12,2.6692712790330946e-11,5.2343982009940806e-11,2.512317694483757e-12,1.8119950980931402e-13,1.949646977045792e-12,1.6864041385675588e-11,5.146882745427463e-11,9.541449085675633e-11,1.561315899488729e-10,6.0452604458479866e-12,3.9517637482895286e-13,1.91535509019523e-12,2.0438801430434193e-11,5.263489599982217e-11,8.840233046842074e-11,1.5470746798407288e-10,6.744790092300975e-12,3.891279018904635e-13,0.0,1.0705557008451655e-12,7.429191040580572e-12,2.1763985549126406e-11,3.969282548906607e-11,2.988078682188744e-12,1.8039948877839704e-13,0.0,1.1872258455877223e-12,1.0351097068189038e-11,3.383721004239708e-11,4.3814805841014804e-11,5.713716287200484e-11,2.6537479450349777e-12,0.0,8.556031068002056e-13,9.811376784672742e-12,2.347517190345273e-11,5.2414578199969436e-11,7.173485398117017e-11,2.588634161541129e-12,6.17164523070924e-13,6.8277079844433805e-12,2.6337690104500012e-11,5.361607030545592e-11,1.0152942726411548e-10,4.317488167665499e-12,2.2378981535162725e-13,2.240881920640162e-12,2.061620389670091e-11,6.289998662779231e-11,9.793296494327841e-11,1.6504410532663312e-10,7.39546562177488e-12,2.160832654552064e-14,1.0486590871352537e-12,9.58456651682036e-12,2.845186630862037e-12,9.972321662843654e-12,2.3931001794550403e-11,3.725134540700761e-11,1.3754589732410552e-12,0.0,1.1917976761849686e-12,9.913796681110748e-12,3.006684928310688e-11,5.444610108941914e-11,7.287898148612538e-11,3.2946871244438316e-12,0.0,1.104182383010005e-12,9.324872994911975e-12,2.757238453218889e-11,4.261149253270076e-11,2.4942573020914183e-12,1.9210725859440137e-13,2.1584060598768645e-12,2.0886296798297972e-11,4.7029351314563615e-11,1.1514464548332624e-10,1.5158086929223535e-10,7.47007132766975e-12,2.878126779009455e-13,1.9697388807440607e-12,2.112271789037992e-11,5.252591979370661e-11,1.177869307314943e-10,1.4511577786369267e-10,5.933018746166636e-12,2.7918274773759776e-13,1.9437113792391686e-12,1.7179221954539074e-11,5.672558846273255e-11,1.236298519123639e-10,1.6139335220360244e-10,6.443424436627656e-12,3.55737307783688e-13
1.5580453947456585e-12,1.530357265298796e-11,4.8515812833131037e-11,7.684114394673818e-11,9.06931351288883e-11,5.226978784358835e-12,2.9455847720796905e-13,1.8496457468885685e-12,1.2972230645143204e-11,4.772678216163408e-11,8.914565704131908e-11,8.495176301033869e-11,4.376357091988733e-12,2.1153313433235304e-13,1.1418137862456498e-12,1.3426711819307623e-11,4.165242956990755e-11,6.675363925685689e-11,8.49704310881072e-11,1.0590010450324232e-10,1.8914548944705783e-13,1.4114050753212481e-12,1.2043635323969417e-11,3.95455762345011e-11,6.806281676027978e-11,1.176355331688736e-10,4.471568595693461e-12,5.3427419152720086e-14,8.087367655578541e-13,8.115322951403242e-12,2.7217408133377662e-11,6.756518904186847e-11,7.475313481227982e-11,1.040133819275346e-12,5.855114933940288e-14,1.1447019751058927e-12,1.0998671861971583e-11,4.479488431651962e-11,8.126410310394533e-11,1.171029544022375e-10,4.556777962193383e-12,6.85960646845952e-14,0.0,5.911572345991058e-13,5.621908437931364e-12,1.7409312120182013e-11,3.321057688940036e-11,4.125628060189799e-11,2.5090077106775663e-12,1.5487096454234284e-12,1.2489954256979637e-11,5.0586292419578533e-11,7.297465343683272e-11,9.301922242229538e-11,5.598531184175933e-12,2.2386971161947737e-13,0.0,7.155607974945683e-13,6.86680965716702e-12,1.726811543765409e-11,3.15463333686183e-11,4.284449722562515e-11,2.3754577025005585e-12,1.356047551139614e-12,1.3765044220964476e-11,4.694145568476809e-11,6.92620347100096e-11,2.1674172106692937e-11,2.8137693638160212e-11,1.009759850276568e-12,1.5945914053140726e-12,1.4613184111519286e-11,3.659996275004062e-11,8.41390664272656e-11,8.870797029269375e-11,9.181100249630527e-11,2.700701479198327e-13,0.0,5.894881062848088e-13,6.418169439655394e-12,3.608472008180237e-12,8.307808813649634e-12,1.5275490505256664e-11,3.4812024261765165e-14,1.2117695274389648e-12,1.4040110294803318e-11,3.652600395429524e-11,7.054242180737519e-11,8.667970930664184e-11,9.820261736183317e-13,2.9952336750128226e-15,0.0,7.202640122325849e-13,6.373455221579413e-12,1.6337017211725035e-11,2.6284758971294202e-11,4.782803566170802e-13,3.6262092018909795e-14,1.4544616426469534e-12,1.3921299226313968e-11,3.601560182715764e-11,7.832480528843963e-11,1.0841709442556015e-10,4.209423197704488e-12,2.3901626638956327e-13,0.0,5.984386866526652e-13,7.40126255920039e-12,2.1115260051311107e-11,3.0858701751807214e-11,3.923769354579836e-11,1.1646194089862492e-13,0.0,6.622893121353136e-13,5.185730324431983e-12,1.900120307610399e-11,3.763873096032124e-11,1.8141396253763197e-12,1.309105883827856e-13,1.3539215264147582e-12,1.187135631762065e-11,3.664775443790854e-11,6.861242601344684e-11,1.1325784245554815e-10,4.400899916708656e-12,2.8793252040992445e-13,1.3301076800960598e-12,1.4387211052132485e-11,3.7476512920700585e-11,6.356793533340304e-11,1.1221950206901174e-10,4.90974976615419e-12,2.8347072178895824e-13,0.0,7.43441471894618e-13,5.2291849761410155e-12,1.5496663592896982e-11,2.854846213596597e-11,2.1580918680618356e-12,1.3038428918191688e-13,0.0,8.244624028177921e-13,7.285493919387073e-12,2.409248824535032e-11,3.1513963564604324e-11,4.146893526686126e-11,1.934767638799179e-12,0.0,5.941688386839932e-13,6.905430845354694e-12,1.6713301096459598e-11,3.769316434463612e-11,5.205190604000501e-11,1.886813922634158e-12,4.28586472192111e-13,4.7941833298688844e-12,1.869525966652034e-11,3.843598434133311e-11,7.343639919749713e-11,3.1346241791081826e-12,1.6265940526357576e-13,1.5561679758099832e-12,1.4510837774107272e-11,4.477960020471509e-11,7.041132756359953e-11,1.1970725876048569e-10,5.383798550619367e-12,1.5577160205916787e-14,7.282354856854678e-13,6.7367270171587365e-12,2.0049622662226545e-12,7.084117852277797e-12,1.7155336658501003e-11,2.6942803952967256e-11,9.995853828509242e-13,0.0,8.276372594288695e-13,6.9778817018803616e-12,2.1407380139822827e-11,3.9156170777929286e-11,5.288546558028703e-11,2.4016700513631495e-12,0.0,7.667933234738938e-13,6.563366333077827e-12,1.9631317481767e-11,3.0645306413605806e-11,1.8013235069145722e-12,1.388442053719924e-13,1.4988931458168833e-12,1.470003929916044e-11,3.347991714101343e-11,8.278435591659827e-11,1.0993887832179754e-10,5.437850269285758e-12,2.0975739205178052e-13,1.3678742272142602e-12,1.4869519383364057e-11,3.740273724066968e-11,8.471069055601418e-11,1.0528474754610631e-10,4.3202332632298555e-12,2.0350996166917504e-13,1.349799582672749e-12,1.2093083428395285e-11,4.039037559216733e-11,8.890224735413454e-11,1.1707318856610374e-10,4.690186193881327e-12,2.5909809652461443e-13
1.0819759883978463e-12,1.0772351741362597e-11,3.454266794139601e-11,5.525252682716361e-11,6.57844018504135e-11,3.805143588101519e-12,2.146180951336863e-13,1.2844761799449235e-12,9.13219310286208e-12,3.3985844716943e-11,6.411144609841332e-11,6.163181420683333e-11,3.186636717276139e-12,1.541849728999526e-13,7.929262447416315e-13,9.44817402163058e-12,2.964297886964685e-11,4.797493648743084e-11,6.160000852949531e-11,7.737998109781795e-11,1.3793629518204982e-13,9.80142425037179e-13,8.47769067400184e-12,2.8156344399288472e-11,4.8941443199653e-11,8.532889066873102e-11,3.2556926834176054e-12,3.8801339674834054e-14,5.616227553227485e-13,5.707017231054216e-12,1.9353469711257834e-11,4.851530070367597e-11,5.414783222369704e-11,7.534613466145922e-13,4.2323385333516746e-14,7.949319541562672e-13,7.739669620361484e-12,3.1879008804336766e-11,5.840127444818005e-11,8.488935650076331e-11,3.3150721614539655e-12,4.970280381445689e-14,0.0,4.1052583979698967e-13,3.9562842023974786e-12,1.239179247779032e-11,2.38759190272202e-11,2.9926004611981596e-11,1.8279565155372814e-12,1.0754928502105741e-12,8.793154466033948e-12,3.6023513410878777e-11,5.248215566572674e-11,6.748353257133395e-11,4.07650455561544e-12,1.631741807921271e-13,0.0,4.969172112600526e-13,4.8324319969984194e-12,1.2291507266593026e-11,2.2679611246674643e-11,3.107793177518752e-11,1.7306907547840031e-12,9.416997129193106e-13,9.688555344966374e-12,3.341620073966307e-11,4.979228616758403e-11,1.568303056752667e-11,2.0495673352470147e-11,7.377316708271577e-13,1.1073551639459261e-12,1.0286419916064476e-11,2.6057619367179923e-11,6.049323596258211e-11,6.43319938979849e-11,6.710438920238111e-11,1.9700160264412017e-13,0.0,4.0936674486358285e-13,4.517338421152114e-12,2.561049846153573e-12,5.947999430201423e-12,1.1031780724248322e-11,2.508501152065199e-14,8.415066168252503e-13,9.880589325414596e-12,2.599784178382546e-11,5.070772938136738e-11,6.285674384011749e-11,7.123652708109726e-13,2.120270621556136e-15,0.0,5.001833643847486e-13,4.485777156143319e-12,1.1631874859236508e-11,1.8905159312424417e-11,3.441315882054723e-13,2.6065543194999632e-14,1.010042838865431e-12,9.797231554199073e-12,2.5634830709378977e-11,5.6298820077803955e-11,7.860665294267505e-11,3.0626729581346327e-12,1.740056232329251e-13,0.0,4.1558243032821285e-13,5.2089773187681884e-12,1.5032914974958688e-11,2.2191881103123644e-11,2.847273407133908e-11,8.434822507113476e-14,0.0,4.599231270841163e-13,3.6489860507198114e-12,1.3523917246353937e-11,2.705910502360962e-11,1.3097728927615424e-12,9.457095297848737e-14,9.402233006107692e-13,8.356014766068286e-12,2.6090523508087024e-11,4.9329056036216924e-11,8.213734272165489e-11,3.2031805615057887e-12,2.0976690473947882e-13,9.236859032053272e-13,1.0126473261079349e-11,2.667946140272749e-11,4.570083563626037e-11,8.138053148130777e-11,3.573257667139925e-12,2.0647722977465243e-13,0.0,5.162788148168876e-13,3.680334422700102e-12,1.1032397350575056e-11,2.0528772479059375e-11,1.5583921192454224e-12,9.422761471735622e-14,0.0,5.725433401018808e-13,5.127346683402188e-12,1.7151444738152737e-11,2.2661792105400403e-11,3.008965508921179e-11,1.4102519987370324e-12,0.0,4.1261726619135174e-13,4.859737575376822e-12,1.1897292427515014e-11,2.710087832781755e-11,3.7760225829320084e-11,1.3749525225345203e-12,2.9762949843372036e-13,3.3661071206658495e-12,1.3268764055874319e-11,2.7548808337518093e-11,5.310474853558742e-11,2.2754108330928568e-12,1.1821371517955484e-13,1.080672184015467e-12,1.0212620130820139e-11,3.187447132034617e-11,5.061373370860841e-11,8.680323539678705e-11,3.918540828048047e-12,1.1230147168995774e-14,5.057190788078565e-13,4.734716850520238e-12,1.412826234096075e-12,5.031922818617692e-12,1.2296100278132391e-11,1.948267651803619e-11,7.262769675274684e-13,0.0,5.747480916241121e-13,4.9109794795299995e-12,1.5239523589091986e-11,2.8154234206347195e-11,3.8367331086482233e-11,1.7502984109086198e-12,0.0,5.324953550812542e-13,4.6192479589915936e-12,1.3975161862460497e-11,2.203490454592327e-11,1.3006823614922614e-12,1.0034006370020682e-13,1.040898032641265e-12,1.0345150474407005e-11,2.38304842850785e-11,5.950657855930927e-11,7.971743748577329e-11,3.957695337169584e-12,1.528506961114688e-13,9.499126796771075e-13,1.0466563859319116e-11,2.6629623918668993e-11,6.091020976219103e-11,7.636776664545668e-11,3.1452160193274453e-12,1.483289185486883e-13,9.373608137734056e-13,8.511985102361283e-12,2.8754718939887545e-11,6.391659526696532e-11,8.490324036031809e-11,3.413329796711639e-12,1.8869010292816137e-13
7.513722379889282e-13,7.582085586451153e-12,2.4590146762531216e-11,3.972119412614911e-11,4.770528632506111e-11,2.7695193231993846e-12,1.5635345652610688e-13,8.919973274321826e-13,6.428289049420162e-12,2.419724545268232e-11,4.6097986134892926e-11,4.470249270057719e-11,2.3198731529312927e-12,1.123697527335234e-13,5.506432485524488e-13,6.647960264186485e-12,2.109298803632271e-11,3.447210953945876e-11,4.464686622871915e-11,5.6525350045148825e-11,1.0057772189445653e-13,6.806544729675284e-13,5.967026415326302e-12,2.0044130599084808e-11,3.5184821029875113e-11,6.18797636851e-11,2.369945648326375e-12,2.8177528311785683e-14,3.9001581238222425e-13,4.013085161942994e-12,1.3759717301435673e-11,3.482985402225253e-11,3.921320302631528e-11,5.45734037798861e-13,3.0592787356922043e-14,5.520360889296841e-13,5.445864769881598e-12,2.2683814345407615e-11,4.196238761060553e-11,6.152283783916852e-11,2.411260007600028e-12,3.6012500430084846e-14,0.0,2.8508737822715973e-13,2.7838969890701053e-12,8.819020732069815e-12,1.716150944118708e-11,2.170204112129872e-11,1.3314741152738952e-12,7.468700746395092e-13,6.189964012930429e-12,2.5649042289398824e-11,3.773657371930744e-11,4.894603100317308e-11,2.9676574669886965e-12,1.189190380515146e-13,0.0,3.450813967754131e-13,3.4004655775538618e-12,8.747802901787727e-12,1.630174443756692e-11,2.2537330048038737e-11,1.2606497004296564e-12,6.539581372552312e-13,6.818696794560554e-12,2.3784346168854804e-11,3.578835798180478e-11,1.1345687085250361e-11,1.4925959090973673e-11,5.388853378823732e-13,7.689966683232586e-13,7.2400918867326575e-12,1.8549058197898153e-11,4.3483917027758554e-11,4.6643149487102295e-11,4.903309716444158e-11,1.4368233090639762e-13,0.0,2.8428246873833393e-13,3.1791801790489355e-12,1.8174673303470405e-12,4.25783930098625e-12,7.965392764483586e-12,1.8074716114476698e-14,5.843795780434606e-13,6.9527566683163524e-12,1.850148326296888e-11,3.64427231143633e-11,4.557029473667854e-11,5.16683098782855e-13,1.5011775813061942e-15,0.0,3.4734955651096087e-13,3.156905916932978e-12,8.280540803906897e-12,1.3594578522852617e-11,2.475852937472044e-13,1.8735730928569118e-14,7.014186403251957e-13,6.894276326941478e-12,1.8243341176072004e-11,4.04587766010355e-11,5.69794115045836e-11,2.227895851691073e-12,1.2666320421637606e-13,0.0,2.8859892975140787e-13,3.665730527408063e-12,1.0700951375774978e-11,1.5955873785497807e-11,2.0655986524819496e-11,6.108323358013517e-14,0.0,3.1939106228520554e-13,2.567420417120143e-12,9.62404765928902e-12,1.944926589878358e-11,9.45476521565387e-13,6.831333837565972e-14,6.52932873046028e-13,5.881102705663126e-12,1.857168824574666e-11,3.54581001209948e-11,5.95537444438376e-11,2.330962395363872e-12,1.5280210628462198e-13,6.414485506847952e-13,7.126901614336678e-12,1.899014398845816e-11,3.284905316719351e-11,5.900231117945226e-11,2.6000627173919886e-12,1.5037783021021625e-13,0.0,3.585269685034628e-13,2.590012616433874e-12,7.852977564530189e-12,1.475889687190016e-11,1.1251561320007276e-12,6.809162131436211e-14,0.0,3.9759954444629214e-13,3.608177903990874e-12,1.220822605774871e-11,1.6292797654847728e-11,2.1827448014768257e-11,1.0276950666154236e-12,0.0,2.865397682860543e-13,3.419767562842985e-12,8.46773630427709e-12,1.9481189648491158e-11,2.7385794274251607e-11,1.001722464637004e-12,2.0668715684324877e-13,2.36327960974006e-12,9.416190942593186e-12,1.9741963385111053e-11,3.8393616322392735e-11,1.651408799752573e-12,8.590255383535305e-14,7.504667666440833e-13,7.1869281347658224e-12,2.2685048645335097e-11,3.637537358105109e-11,6.292851811837865e-11,2.8514959465640717e-12,8.096752981435672e-15,3.511938180840425e-13,3.3274232007293546e-12,9.955391816887968e-13,3.5738912986740486e-12,8.811832400000558e-12,1.4085123505713061e-11,5.275888053379946e-13,0.0,3.991306102702992e-13,3.4560026714983374e-12,1.084706847339955e-11,2.0239434944621014e-11,2.782783146304713e-11,1.2752969193211737e-12,0.0,3.6978843736248873e-13,3.2507033975023873e-12,9.947120411793951e-12,1.5840520457274868e-11,9.39031527542475e-13,7.250754426932509e-14,7.228458873392534e-13,7.279757423045798e-12,1.6959588039660596e-11,4.2765632349192845e-11,5.778986511098504e-11,2.8798547730027333e-12,1.1136791174421604e-13,6.596615992802119e-13,7.366681933949845e-12,1.895655646907935e-11,4.37878659263922e-11,5.5379591062229777e-11,2.289317698854276e-12,1.0809577652579337e-13,6.509450122008887e-13,5.9908086008500105e-12,2.0467912741758703e-11,4.5943816591757466e-11,6.155839555697574e-11,2.4836001267374853e-12,1.373990289769062e-13
5.217862834637186e-13,5.336147451022411e-12,1.7502491761908476e-11,2.854994775706275e-11,3.458647813078026e-11,2.015353686935053e-12,1.138923605533143e-13,6.194425657057352e-13,4.524557689857735e-12,1.7225291700552784e-11,3.313907506839544e-11,3.2415593283936006e-11,1.688528167021715e-12,8.188421940719016e-14,3.8239114604497656e-13,4.677262491905591e-12,1.5006863075741575e-11,2.476488465669531e-11,3.235188665746168e-11,4.1280185858512937e-11,7.332723047725913e-14,4.726767408424755e-13,4.199516681747075e-12,1.4266965507602947e-11,2.52898746489044e-11,4.4863934927070326e-11,1.7248263366582516e-12,2.0461227559642878e-14,2.708443046793564e-13,2.821719290179254e-12,9.781366335556484e-12,2.5000157385796748e-11,2.8391235064859303e-11,3.952292531948323e-13,2.2113138350374196e-14,3.8335839263086076e-13,3.831545862750834e-12,1.6138495037606825e-11,3.0144865251719554e-11,4.457777223491923e-11,1.7535230348231653e-12,2.609246553806002e-14,0.0,1.9797733000609086e-13,1.958760354221909e-12,6.275395999292051e-12,1.2332855220047946e-11,1.5734279591260516e-11,9.696240498487911e-13,5.186597944870168e-13,4.357041065557382e-12,1.8259502995365127e-11,2.7128481920511924e-11,3.549220025981488e-11,2.1599919375993625e-12,8.665524781534068e-14,0.0,2.3963984586443984e-13,2.3926182265985004e-12,6.224827267978606e-12,1.1715082739671262e-11,1.633982389414604e-11,9.180639694486456e-13,4.541375987816397e-13,4.798496638470425e-12,1.6926213290459355e-11,2.5717893008781952e-11,8.206267878680511e-12,1.0867495112389494e-11,3.9356126534666313e-13,5.340254579020425e-13,5.095477403712364e-12,1.3202095123655021e-11,3.125102226960743e-11,3.38100937593335e-11,3.5818817624194685e-11,1.0477966131148647e-13,0.0,1.9741837906070864e-13,2.23722284377051e-12,1.289642867751389e-12,3.047489637158587e-12,5.750173456009498e-12,1.3022675514349035e-14,4.058191500236425e-13,4.8920802623811175e-12,1.316469287487786e-11,2.61855297219614e-11,3.302999602547081e-11,3.7470317719339937e-13,1.063047287142153e-15,0.0,2.412149775092724e-13,2.2215049431339055e-12,5.893870242452915e-12,9.773752171875848e-12,1.7810788566272518e-13,1.3466781907993492e-14,4.87096263881444e-13,4.85105516094943e-12,1.2981152885040545e-11,2.9069709261771447e-11,4.129285297157968e-11,1.6203386645912343e-12,9.219100741537699e-14,0.0,2.0041592651013921e-13,2.579470280588896e-12,7.616138657414095e-12,1.1469861181612689e-11,1.498149233203998e-11,4.4230486520645786e-14,0.0,2.217993579611311e-13,1.8062788276495439e-12,6.847747043966958e-12,1.397672433708493e-11,6.823941708309931e-13,4.9342091353261844e-14,4.534255972201349e-13,4.138848785503811e-12,1.3217641567043733e-11,2.5482484458988652e-11,4.3169272885398396e-11,1.6959127207500825e-12,1.1129290340431666e-13,4.454503862296703e-13,5.0153906152985665e-12,1.351492350792267e-11,2.3606699617935716e-11,4.2767613184856504e-11,1.891551968155471e-12,1.0950722193437264e-13,0.0,2.489770507772177e-13,1.8225451424484523e-12,5.588978317153504e-12,1.0608562457162344e-11,8.12228886277678e-13,4.920069958086445e-14,0.0,2.7611078462356214e-13,2.538898266621721e-12,8.688364938940572e-12,1.1711387552292635e-11,1.5830018974397942e-11,7.487422175766252e-13,0.0,1.9898594974134357e-13,2.406260287175998e-12,6.025882090953e-12,1.4001029946912642e-11,1.9856842011936726e-11,7.296406892423475e-13,1.4353274858560942e-13,1.6591148923933822e-12,6.681385156420005e-12,1.4144952270951916e-11,2.7751692830820597e-11,1.1983129066598612e-12,6.241565277387064e-14,5.211574817452112e-13,5.057214419463926e-12,1.6142515077317948e-11,2.6137304744583705e-11,4.560961934829705e-11,2.0746003998675355e-12,5.8379820675123704e-15,2.4388461407957444e-13,2.338252527071575e-12,7.0147948050571e-13,2.5380978529946206e-12,6.313884256477405e-12,1.0180757571770542e-11,3.8317802147859516e-13,0.0,2.7717402585576537e-13,2.431879025620564e-12,7.71946711456794e-12,1.4546726474158456e-11,2.017859511474142e-11,9.28991703423318e-13,0.0,2.567975297933642e-13,2.287417039974465e-12,7.078999110223278e-12,1.1385178735104737e-11,6.778269412536094e-13,5.239065532918532e-14,5.019763119480989e-13,5.122232468076887e-12,1.2067921716877938e-11,3.072833563050551e-11,4.188394045687025e-11,2.095137038292191e-12,8.113252431044512e-14,4.580983455019695e-13,5.184427858909757e-12,1.3492345961670837e-11,3.147243288600312e-11,4.015000656974688e-11,1.6659979645138451e-12,7.876514932301384e-14,4.5204515256102444e-13,4.216007083451593e-12,1.4567063304070073e-11,3.301825141026695e-11,4.4621862760571615e-11,1.8067612619556556e-12,1.000385565627782e-13
3.6235158714654944e-13,3.755160142412271e-12,1.2455838667305719e-11,2.0516450557823072e-11,2.506938088736751e-11,1.4662639554606709e-12,8.295208604354946e-14,4.3016844950910596e-13,3.1843281204119783e-12,1.2260293480908435e-11,2.381836175028737e-11,2.350026938229688e-11,1.2287549351657044e-12,5.966149072744685e-14,2.655494171248761e-13,3.290473187608287e-12,1.0675250324473344e-11,1.77877385502918e-11,2.3437312508700804e-11,3.013873878273079e-11,5.345257564053825e-14,3.2824775541201404e-13,2.955303833708558e-12,1.0153370716719179e-11,1.817405280046911e-11,3.251946721734402e-11,1.2550611968322115e-12,1.4857034305365557e-14,1.8808633034543088e-13,1.9838822587484046e-12,6.952317594045149e-12,1.7941260049068747e-11,2.0551243379704174e-11,2.8619681077321267e-13,1.5983558489501087e-14,2.6622110523343873e-13,2.6955316156234037e-12,1.1480120529198384e-11,2.1651239712176263e-11,3.229240401516881e-11,1.2749575467369228e-12,1.8904496767972757e-14,0.0,1.3748425547375051e-13,1.3780735982158284e-12,4.464751068248968e-12,8.861058030551799e-12,1.1404830019784186e-11,7.05957558520709e-13,3.6018043146532064e-13,3.066590836555985e-12,1.2996915491928367e-11,1.949852504713595e-11,2.5730327552818448e-11,1.5718225799304829e-12,6.313665671220251e-14,0.0,1.6641654423440037e-13,1.6833378856447742e-12,4.4288491999014944e-12,8.417254876683863e-12,1.1843718123406819e-11,6.68429825768392e-13,3.1537334691603375e-13,3.3765328908737e-12,1.2043803274974661e-11,1.847752935720032e-11,5.9343803869672034e-12,7.91087629065497e-12,2.873735439081937e-13,3.7085099731436533e-13,3.585809063752385e-12,9.395037575207718e-12,2.24550756651633e-11,2.4502120930182026e-11,2.615880979357927e-11,7.639944699522695e-14,0.0,1.370960921519603e-13,1.5742200841751657e-12,9.150123867017135e-13,2.180873659984501e-12,4.150189350431885e-12,9.382097518933051e-15,2.8181885215950993e-13,3.441858110916127e-12,9.36592430159949e-12,1.8811645964713743e-11,2.393498208443884e-11,2.717014061521377e-13,7.529257011168292e-16,0.0,1.6751041073732544e-13,1.5631301553397561e-12,4.1944609909936515e-12,7.0253530567799e-12,1.281147524211841e-13,9.679339512080613e-15,3.3826130216254977e-13,3.413079879987996e-12,9.235446696314962e-12,2.0882578144968283e-11,2.991790870720969e-11,1.1782400854067729e-12,6.709298242983685e-14,0.0,1.391777209450077e-13,1.8149426974513015e-12,5.419776670132833e-12,8.24342882737056e-12,1.0863201982274405e-11,3.202392688908843e-14,0.0,1.540273421822598e-13,1.2706796494483658e-12,4.871617022610018e-12,1.0042018833948252e-11,4.924362688204139e-13,3.5636369386454606e-14,3.148788744666871e-13,2.912474308674279e-12,9.405705217917753e-12,1.8309763002164465e-11,3.128518933853176e-11,1.233634755762471e-12,8.104962889123888e-14,3.093405596439012e-13,3.5291550012501403e-12,9.616872570944984e-12,1.6961427441089805e-11,3.0992716252910497e-11,1.3758407359319555e-12,7.973494110996544e-14,0.0,1.7290072721564956e-13,1.2823809566161159e-12,3.97708548305612e-12,7.623808021250736e-12,5.862380150822453e-13,3.554762679742005e-14,0.0,1.9174360254201913e-13,1.7863445513951807e-12,6.182412979531835e-12,8.416535996438518e-12,1.147767434644771e-11,5.453831583031654e-13,0.0,1.3818468306809136e-13,1.6929781393200918e-12,4.28754680945081e-12,1.0060462335952716e-11,1.4394293056914322e-11,5.31341126238061e-13,9.967552622970274e-14,1.1646950952443659e-12,4.740289398026939e-12,1.0132979058222875e-11,2.005514613666905e-11,8.693750749978362e-13,4.5345053216984394e-14,3.619149052916253e-13,3.5582944219940324e-12,1.148519148691162e-11,1.877713783410996e-11,3.304942467498759e-11,1.5090721062838461e-12,4.2095849001986154e-15,1.693643104588929e-13,1.6430261397526918e-12,4.942634602894533e-13,1.8023349220385533e-12,4.523341959545476e-12,7.35712421795559e-12,2.782390684002637e-13,0.0,1.924819693760591e-13,1.7110878368758049e-12,5.4928410193906625e-12,1.045310771562595e-11,1.4628423547837354e-11,6.76572774037101e-13,0.0,1.783316090814902e-13,1.6094436825879319e-12,5.037106252392455e-12,8.18132105301208e-12,4.892012489014394e-13,3.7851744810089246e-14,3.485946665459486e-13,3.6038311374115642e-12,8.585888057374266e-12,2.2074882395520832e-11,3.034883644157221e-11,1.5239418841789098e-12,5.909788333654583e-14,3.181238726884847e-13,3.6483072083240544e-12,9.601739273102214e-12,2.2616256490417522e-11,2.9101736109028956e-11,1.2121495226511358e-12,5.738543400639635e-14,3.1392023928233075e-13,2.96673696600441e-12,1.036585869950009e-11,2.372442196791449e-11,3.2337514117948997e-11,1.3141229027489556e-12,7.282826723288091e-14
2.5163303565002404e-13,2.6423547473756983e-12,8.863009097234056e-12,1.474056118916353e-11,1.8166843163446013e-11,1.0665655749304268e-12,6.040951068827483e-14,2.9872810400246344e-13,2.240892248574775e-12,8.725083384236702e-12,1.711581105763844e-11,1.7032935615392946e-11,8.939961536272157e-13,4.346411134439237e-14,1.844093247715854e-13,2.3146680681882343e-12,7.592823637337108e-12,1.277385875479043e-11,1.697527023630023e-11,2.1998589501340267e-11,3.895933051064598e-14,2.279498502062089e-13,2.079538415452349e-12,7.22476853314537e-12,1.3057850022202293e-11,2.35661144202453e-11,9.130561770704964e-13,1.078706587954583e-14,1.306155080573495e-13,1.3947136517430427e-12,4.940836318973728e-12,1.2873101035180274e-11,1.487287325417527e-11,2.0721819974524276e-13,1.1552804300978828e-14,1.8487575901718677e-13,1.8961755154553628e-12,8.165205039889075e-12,1.5547816653608096e-11,2.338748520745677e-11,9.268239684059488e-13,1.3696264076897039e-14,0.0,9.54751772943846e-14,9.694534761617367e-13,3.176065828122771e-12,6.365350812116746e-12,8.264710677210897e-12,5.138769516510476e-13,2.5012529541837586e-13,2.1581478340333313e-12,9.249664644102306e-12,1.4011746934938223e-11,1.8649011409692925e-11,1.1435850101978943e-12,4.599506365444071e-14,0.0,1.1556703746651084e-13,1.184220383293729e-12,3.150580271602286e-12,6.046589015742774e-12,8.582735932732893e-12,4.865683171447637e-13,2.1900927052049278e-13,2.375741869735681e-12,8.568474934889041e-12,1.327297590816826e-11,4.290625235725322e-12,5.757427003773889e-12,2.0979740069874594e-13,2.5753539871654906e-13,2.5231986204163515e-12,6.684818879175849e-12,1.613171425002621e-11,1.7752556514845775e-11,1.909900774489324e-11,5.5698395534592435e-14,0.0,9.520562429141877e-14,1.1076033213919995e-12,6.491417242881221e-13,1.5604675964697031e-12,2.9948088302177224e-12,6.7588085721251875e-15,1.957075385811952e-13,2.4213394946096747e-12,6.662344232047471e-12,1.3511641571514164e-11,1.7340305852336257e-11,1.9698701874575969e-13,5.333717861792335e-16,0.0,1.1632668719435982e-13,1.09977973030876e-12,2.9846011392276478e-12,5.048790099705042e-12,9.214516941804234e-14,6.956899536702469e-15,2.34903700565455e-13,2.401153363577509e-12,6.569602464395042e-12,1.4998367710947497e-11,2.1671456959128304e-11,8.56602423136412e-13,4.882201346319257e-14,0.0,9.66511904244262e-14,1.276903903349711e-12,3.856229401564901e-12,5.92339685498636e-12,7.875090033773783e-12,2.3183560517249884e-14,0.0,1.0696343068409038e-13,8.938225632393529e-13,3.4652523250166314e-12,7.213584812689059e-12,3.5530003519277025e-13,2.57355114144539e-14,2.186658869087542e-13,2.049306446582573e-12,6.692129717249383e-12,1.3153439102958222e-11,2.2667434763193106e-11,8.971912631157442e-13,5.901735083304129e-14,2.1481983876377975e-13,2.4831283886978868e-12,6.8421070285405735e-12,1.218442977716906e-11,2.245453350851514e-11,1.0005388097537628e-12,5.804986272266407e-14,0.0,1.2006994959550084e-13,9.022328614249422e-13,2.829649689773954e-12,5.477737024249854e-12,4.2305787113430646e-13,2.568096355473364e-14,0.0,1.3315527255658211e-13,1.2567481003244707e-12,4.398587675161579e-12,6.04744333164951e-12,8.319966762216812e-12,3.971671627175522e-13,0.0,9.596158362508053e-14,1.1910315944054343e-12,3.0502319343760853e-12,7.227537596935627e-12,1.0431987143338905e-11,3.8684892500453207e-13,6.921911693798217e-14,8.175659108899056e-13,3.362721757217922e-12,7.257686316514074e-12,1.4490025464716025e-11,6.306172773446751e-13,3.2939349935156107e-14,2.5132978452222136e-13,2.5034292554254465e-12,8.170368087222763e-12,1.3486964518616458e-11,2.394258397668004e-11,1.0974882224906099e-12,3.0355593502011943e-15,1.1761410843293374e-13,1.154429901073898e-12,3.48248253580013e-13,1.2797442958802165e-12,3.240078115293012e-12,5.315520339956564e-12,2.0199885541952283e-13,0.0,1.3366804932877313e-13,1.2038311035116299e-12,3.907889797824022e-12,7.50999871002775e-12,1.0602307234202109e-11,4.926292558610939e-13,0.0,1.2384139966182357e-13,1.1323199635959006e-12,3.583652949055084e-12,5.877886842870812e-12,3.5300975604764533e-13,2.734507285552423e-14,2.4207963559835353e-13,2.5353203107936596e-12,6.107652151373706e-12,1.5855281598123012e-11,2.1985500470760022e-11,1.1082532624442549e-12,4.304182304843788e-14,2.2091937789198526e-13,2.5671078276918153e-12,6.831995354833574e-12,1.624897576304656e-11,2.1088744620187777e-11,8.817627809278493e-13,4.180336142241876e-14,2.1800016714153034e-13,2.0874643435391347e-12,7.375206431081754e-12,1.704326378995059e-11,2.3429619091564632e-11,9.5562557970557e-13,5.301282485191891e-14
1.7474515465541537e-13,1.8591579270964557e-12,6.305584266244321e-12,1.0588676280044125e-11,1.3161792708639254e-11,7.756717139233823e-13,4.39873996224306e-14,2.074500884861051e-13,1.576834488208752e-12,6.208312015804613e-12,1.2296971570960964e-11,1.2342556238519993e-11,6.503092892058148e-13,3.1659938049065696e-14,1.2806202964941465e-13,1.628108320559273e-12,5.399660045232831e-12,9.17152126242596e-12,1.2292136493722955e-11,1.6052851500268747e-11,2.8391838578396735e-14,1.5829852133798461e-13,1.4631681562486337e-12,5.14012257782355e-12,9.38009678000549e-12,1.7073878193641012e-11,6.641156440964066e-13,7.831489536121914e-15,9.070521878637478e-14,9.804414972789299e-13,3.5108543829955365e-12,9.234946022734058e-12,1.0761075853746657e-11,1.5001619540338172e-13,8.350093897909691e-15,1.2838593392625537e-13,1.3337572832704109e-12,5.8066509758022936e-12,1.1162827875503905e-11,1.6934364233153084e-11,6.736223863988234e-13,9.92258608300653e-15,0.0,6.630219925390694e-14,6.819388485153587e-13,2.2590126364749463e-12,4.571670477239548e-12,5.987762541855784e-12,3.7397776787026667e-13,1.736981240953823e-13,1.5186868278326599e-12,6.581832654815476e-12,1.0066953142756398e-11,1.35134289137591e-11,8.318546316225346e-13,3.3502988491263306e-14,0.0,8.02548770814747e-14,8.330240766340472e-13,2.240923660928339e-12,4.342764495970958e-12,6.21815609271117e-12,3.5410963493167714e-13,1.5208976522483124e-13,1.67143873974391e-12,6.095091181957707e-12,9.532560386012967e-12,3.1015730701366157e-12,4.189302914950026e-12,1.531343953549738e-13,1.788440213476572e-13,1.7753264318352232e-12,4.755728231430679e-12,1.1586791167649686e-11,1.2859354036527915e-11,1.3940905084150531e-11,4.060074982183387e-14,0.0,6.611502113324293e-14,7.79230819182634e-13,4.604765480566562e-13,1.1163892585526e-12,2.1606554889011054e-12,4.868669616924992e-15,1.3590801990129985e-13,1.703265003398718e-12,4.738498697804119e-12,9.703005722079626e-12,1.2559738653896293e-11,1.427987483671984e-13,3.7790799503436705e-16,0.0,8.078243105662867e-14,7.737122163632525e-13,2.123399949912349e-12,3.6276038342268477e-12,6.626789435641521e-14,5.000038059778971e-15,1.6312756756450586e-13,1.6891064155966657e-12,4.672588869330106e-12,1.077013876710602e-11,1.5694468690812622e-11,6.226482082333445e-13,3.552253472464869e-14,0.0,6.711888094649086e-14,8.982906635070665e-13,2.7433427191320925e-12,4.255474578985845e-12,5.7075447589987404e-12,1.6781777252203644e-14,0.0,7.428016161106034e-14,6.286818980053033e-13,2.4645273837758833e-12,5.180799019488095e-12,2.563134005799938e-13,1.858383060293952e-14,1.5185131614938445e-13,1.4418312485102051e-12,4.760731802384399e-12,9.447404612074024e-12,1.6419752603229322e-11,6.523780117947341e-13,4.296880104066453e-14,1.49180434688426e-13,1.7469906599906636e-12,4.8672357249489205e-12,8.751140829935991e-12,1.6264821842758855e-11,7.274716595234451e-13,4.225713011759676e-14,0.0,8.338190378231641e-14,6.347219465541102e-13,2.012965993140646e-12,3.935004466591281e-12,3.0525036114074823e-13,1.8551244571506133e-14,0.0,9.246894418249728e-14,8.840865207376979e-13,3.1289927438955124e-12,4.344348370368087e-12,6.029561607014766e-12,2.891665110299132e-13,0.0,6.663999023098637e-14,8.378358040356431e-13,2.1696684023489396e-12,5.191325226995434e-12,7.55860201818394e-12,2.8158774662403523e-13,4.806883837983717e-14,5.738631000658388e-13,2.3852029280623176e-12,5.1973922575985595e-12,1.0466958149122624e-11,4.573479247664923e-13,2.392481583766324e-14,1.745345817489768e-13,1.7611330359775663e-12,5.811417993723238e-12,9.685370166273942e-12,1.73411906940913e-11,7.980031732838141e-13,2.189068836954084e-15,8.167647337387146e-14,8.110751059885199e-13,2.453614032077707e-13,9.08598304788861e-13,2.3205216446038756e-12,3.839673484941354e-12,1.4662018180452846e-13,0.0,9.282503949447075e-14,8.468806815387284e-13,2.779866502303895e-12,5.39448003669224e-12,7.682467036977756e-12,3.586160429354729e-13,0.0,8.600097313570233e-14,7.965736484578003e-13,2.549218961277325e-12,4.222155422474897e-12,2.546927568696001e-13,1.9752998163221112e-14,1.681108590630689e-13,1.783466598454115e-12,4.344106612895781e-12,1.138588208470656e-11,1.5923245288209675e-11,8.057954001177307e-13,3.134375347810176e-14,1.5341623831066357e-13,1.8061734863803664e-12,4.860503099614183e-12,1.167204936338374e-11,1.527855383573043e-11,6.413006414367288e-13,3.044826140205981e-14,1.513889963695193e-13,1.4686620650210812e-12,5.246618427151843e-12,1.2241268547203331e-11,1.6971670743036927e-11,6.947948122306554e-13,3.858424319909864e-14
1.2135079806145083e-13,1.3079900937240127e-12,4.485451539859704e-12,7.60477130720437e-12,9.533480102149764e-12,5.640061550320046e-13,3.202550262151829e-14,1.440625808770021e-13,1.1094652988071494e-12,4.416858762304937e-12,8.833135981939895e-12,8.941714399200093e-12,4.729537953408214e-13,2.3058533022021722e-14,8.89319582309605e-14,1.1450977021386172e-12,3.839442322617298e-12,6.5838432013323725e-12,8.898994255912214e-12,1.1711118389194445e-11,2.0687804433828778e-14,1.0992953971564633e-13,1.029400800535746e-12,3.65644989967646e-12,6.7368935480929295e-12,1.2367363608219324e-11,4.82952116085817e-13,5.685313154697001e-15,6.298973570518565e-14,6.891697485072651e-13,2.4944071618891498e-12,6.623802850955797e-12,7.784336774138804e-12,1.0859137663366564e-13,6.035099805371478e-15,8.915688940158222e-14,9.380796161676566e-13,4.128792705243641e-12,8.01305539027429e-12,1.225907119995747e-11,4.895014217560981e-13,7.188401456302053e-15,0.0,4.604318753547695e-14,4.796541835649515e-13,1.6065176312638576e-12,3.28279891070072e-12,4.337112903639535e-12,2.721067393221784e-13,1.206236941506855e-13,1.068605597933083e-12,4.682778624519759e-12,7.231360730573844e-12,9.789841780782249e-12,6.049799697112323e-13,2.440047891933197e-14,0.0,5.573255636681866e-14,5.859315239761607e-13,1.5936802096704955e-12,3.118451031582004e-12,4.50398396083319e-12,2.576548612869627e-13,1.0561789477275693e-13,1.1758315558432052e-12,4.3350532198367076e-12,6.844923884816554e-12,2.24161172935927e-12,3.047651563822849e-12,1.1175453115879183e-13,1.2419722757008538e-13,1.249015905946426e-12,3.3828397269926987e-12,8.320768798846529e-12,9.31278367932996e-12,1.017324978516088e-11,2.95912993440512e-14,0.0,4.5913212779679807e-14,5.481653422606721e-13,3.266113636975173e-13,7.985716021375708e-13,1.5585406968207276e-12,3.5068717306074898e-15,9.438056784202396e-14,1.1980446551896343e-12,3.3697097556793143e-12,6.966622376961492e-12,9.095064259522282e-12,1.0350279867028698e-13,2.6780551714716705e-16,0.0,5.609892045039913e-14,5.442730613749382e-13,1.5104747312364961e-12,2.605954255748735e-12,4.7653048772836456e-14,3.593502635774168e-15,1.1328302134109613e-13,1.188114307806074e-12,3.3228757290097762e-12,7.73244702109337e-12,1.1363388075965275e-11,4.525062386889379e-13,2.5842916905448974e-14,0.0,4.661033594407857e-14,6.31887026487793e-13,1.9513436743086957e-12,3.0566127165056982e-12,4.1356183453262086e-12,1.214640084310371e-14,0.0,5.1583452652649375e-14,4.4215593856843547e-13,1.7525493460621874e-12,3.720136017448536e-12,1.8487516181781528e-13,1.3418389441815174e-14,1.0545230593056938e-13,1.0143438335201115e-12,3.3862593383849764e-12,6.784272162907298e-12,1.1891389197129452e-11,4.742746615504041e-13,3.1280332056299605e-14,1.0359752485916483e-13,1.2289817269653883e-12,3.4618813601072365e-12,6.284080598095469e-12,1.177867814521194e-11,5.288287646275557e-13,3.0757057642077474e-14,0.0,5.790409312393683e-14,4.4649042379051103e-13,1.431782397141784e-12,2.826214384407217e-12,2.2021329475143475e-13,1.3399713194316274e-14,0.0,6.421455238166762e-14,6.218781293125731e-13,2.2255262133795563e-12,3.120275234972119e-12,4.368652838980673e-12,2.1048760922673012e-13,0.0,4.627777553801539e-14,5.893301914454065e-13,1.5430896549232084e-12,3.7280571604532916e-12,5.475387038277792e-12,2.0492328451100263e-13,3.338113572695689e-14,4.027810851780547e-13,1.6916427880514734e-12,3.721344741372811e-12,7.55928785906312e-12,3.316272137170113e-13,1.7375223925055253e-14,1.2120458459714777e-13,1.238833311415933e-12,4.1329529569606034e-12,6.95402675928528e-12,1.2557080880253683e-11,5.801292630537059e-13,1.578700383447318e-15,5.671978027323345e-14,5.698037976996106e-13,1.728663046599205e-13,6.450332598261229e-13,1.6616924821331092e-12,2.7730309447406036e-12,1.0640289351463849e-13,0.0,6.446183772477756e-14,5.957207843334821e-13,1.9771639610061283e-12,3.874142546503091e-12,5.565442036854567e-12,2.610020269120361e-13,0.0,5.972289250953469e-14,5.603335049501388e-13,1.8131155361264954e-12,3.032238892662151e-12,1.8372895696531417e-13,1.426748289341807e-14,1.1674365533587953e-13,1.2544729586971927e-12,3.089331650660611e-12,8.174806995297897e-12,1.152998737871003e-11,5.857687727018919e-13,2.2821951657884272e-14,1.0653904906821499e-13,1.2706851138187817e-12,3.4574163092208956e-12,8.382722006192591e-12,1.1066609254326808e-11,4.66322597147761e-13,2.217457673881669e-14,1.0513125277910902e-13,1.0332085245353585e-12,3.73183079043136e-12,8.790580704875687e-12,1.2290960779744529e-11,5.050598420025725e-13,2.8079330034718907e-14
8.427138261695287e-14,9.201446136713382e-13,3.1902481496746694e-12,5.4607013465309514e-12,6.903825704930809e-12,4.100206561137765e-13,2.3313530137880718e-14,1.000434771650231e-13,7.805564256015276e-13,3.1418850218608286e-12,6.343788423633396e-12,6.4764594476209685e-12,3.43900204809965e-13,1.6791727409691262e-14,6.175830166509207e-14,8.053170566845448e-13,2.7296641593244378e-12,4.725386518404907e-12,6.441076007065216e-12,8.541508903844382e-12,1.5072105193999418e-14,7.633996145173497e-14,7.241661682780442e-13,2.600657490506088e-12,4.83759751001854e-12,8.956203038288786e-12,3.511390555361397e-13,4.126982111037238e-15,4.374287112502896e-14,4.843942389999181e-13,1.7720040877445973e-12,4.750104660188376e-12,5.629809523982508e-12,7.859577822705695e-14,4.3618012930331e-15,6.191450095886767e-14,6.597321610551809e-13,2.935349905741827e-12,5.75098281203826e-12,8.87259359261089e-12,3.55639562158797e-13,5.207428592619217e-15,0.0,3.197443552205189e-14,3.373462388561149e-13,1.1423278315503158e-12,2.3568470656846493e-12,3.1407783213093327e-12,1.979431209644155e-13,8.376645283129592e-14,7.518467932240884e-13,3.3311726553465273e-12,5.193488462439376e-12,7.0906695912454915e-12,4.3989562800129603e-13,1.776868940300307e-14,0.0,3.870315986802826e-14,4.120984069522101e-13,1.1332184980651287e-12,2.2388725017690897e-12,3.261613848115341e-12,1.8743314359637502e-13,7.334575370735342e-14,8.271107891707267e-13,3.082811500793234e-12,4.9141273753023316e-12,1.6197813520438885e-12,2.216663817908146e-12,8.154131218870737e-14,8.624806826782529e-14,8.786606415330357e-13,2.4059332170162404e-12,5.974234563669817e-12,6.7428431462006e-12,7.421953395984153e-12,2.1564152052849798e-14,0.0,3.188417319515061e-14,3.8558579814555803e-13,2.3163874382090266e-13,5.711497615303803e-13,1.1240041960347537e-12,2.525796956463176e-15,6.554206221857172e-14,8.426137493761236e-13,2.3959790278558555e-12,5.001001747930849e-12,6.584660050076627e-12,7.501024520742052e-14,1.898145713382195e-16,0.0,3.8957581516723165e-14,3.82840952005317e-13,1.0743160195397163e-12,1.871669389227123e-12,3.426375251079982e-14,2.5825531896850354e-15,7.866875470583191e-14,8.356492734447153e-13,2.362704554306606e-12,5.550497080559718e-12,8.225699460319617e-12,3.287950179544912e-13,1.8798711724101917e-14,0.0,3.2368291528556885e-14,4.4445346139513663e-13,1.3877931550969236e-12,2.195073517541473e-12,2.9959192337526505e-12,8.790402757824212e-15,0.0,3.582184170826891e-14,3.1094619010206214e-13,1.2460785791471444e-12,2.6707814287047776e-12,1.3332678272459965e-13,9.687860926618697e-15,7.323076181225932e-14,7.13542191465152e-13,2.408266894943347e-12,4.870936750239951e-12,8.609965358954716e-12,3.4472861687245934e-13,2.276846621252569e-14,7.194273176761899e-14,8.644983909017061e-13,2.46195444325486e-12,4.511670303661891e-12,8.5279931237064e-12,3.8435397643316467e-13,2.2383875801115406e-14,0.0,4.0211178558798416e-14,3.1405452656612336e-13,1.018251754272056e-12,2.029465974384577e-12,1.5884084825915333e-13,9.677836989911697e-15,0.0,4.459344456131645e-14,4.37401479869698e-13,1.5826996427882853e-12,2.2406683606070612e-12,3.164522306473855e-12,1.5318272151143498e-13,0.0,3.213734725359143e-14,4.14498604857452e-13,1.0973040956583246e-12,2.6767284061173386e-12,3.965411173983635e-12,1.4909904605222837e-13,2.3181339773833178e-14,2.8268668087439607e-13,1.1996139336995048e-12,2.6640492550882046e-12,5.458224022715619e-12,2.404233615847352e-13,1.2617120778428068e-14,8.41698610318271e-14,8.713606115154154e-13,2.9388498944219605e-12,4.992011178024683e-12,9.09078619652327e-12,4.2165847515668476e-13,1.1385655148720273e-15,3.938873335340934e-14,4.0027703135351323e-13,1.2178708877277597e-13,4.578825890493808e-13,1.1897380560883462e-12,2.0022952930572354e-12,7.720202329221615e-14,0.0,4.476516188171029e-14,4.1901311888322917e-13,1.4060453262712827e-12,2.781754838196413e-12,4.030866604768648e-12,1.8991685767840368e-13,0.0,4.147423103152326e-14,3.941228433814754e-13,1.2893822959105818e-12,2.1772574736641147e-12,1.3251654140896906e-13,1.0304377705141371e-14,8.107198321257231e-14,8.823122223935172e-13,2.1966820300381837e-12,5.8682332797613794e-12,8.346976176227501e-12,4.257393775429e-13,1.6614826611054617e-14,7.398545441704007e-14,8.938816867942044e-13,2.459006427836969e-12,6.019227788100187e-12,8.013990172615925e-12,3.390210377770593e-13,1.6146915786049717e-14,7.3007817922526e-14,7.268049169074626e-13,2.654008617058995e-12,6.311420607878164e-12,8.899180244165669e-12,3.6706841995175037e-13,2.043199968589049e-14
5.852179130520815e-14,6.472494416222822e-13,2.2687202745283267e-12,3.920391147405872e-12,4.9984020131961106e-12,2.9801912727594245e-13,1.6969316684136035e-14,6.947464082409482e-14,5.491086862610697e-13,2.2346248449272272e-12,4.5551263920603305e-12,4.6898264663019515e-12,2.5001245053683417e-13,1.222646782042719e-14,4.288770418220793e-14,5.66313382466605e-13,1.940395839704191e-12,3.390906798119191e-12,4.6610194243085735e-12,6.228193017539948e-12,1.0979227127138935e-14,5.301386515787258e-14,5.093963831783957e-13,1.849459480343411e-12,3.4731088648707134e-12,6.484457699394538e-12,2.5525215882053835e-13,2.99556089620577e-15,3.037699440553346e-14,3.404398185545391e-13,1.2586517962895266e-12,3.4058268475686937e-12,4.070736324570542e-12,5.687868890992395e-14,3.1523517412086892e-15,4.2996175292578924e-14,4.639392625688891e-13,2.086588688037991e-12,4.126738068521972e-12,6.42020661045462e-12,2.5833620965482405e-13,3.772218688497699e-15,0.0,2.2204469202691605e-14,2.372404883103104e-13,8.121480035797172e-13,1.6917540153466979e-12,2.273920956949754e-12,1.439626690429887e-13,5.81711445616468e-14,5.289375917653936e-13,2.369344000342136e-12,3.729206483527405e-12,5.134538054970693e-12,3.19796670087619e-13,1.293762201503492e-14,0.0,2.6877197259004206e-14,2.898145246828327e-13,8.056849217022709e-13,1.607083834458258e-12,2.3614016786433713e-12,1.3632095712116143e-13,5.093454735197344e-14,5.817636659054739e-13,2.1919899122496953e-12,3.5273118023012428e-12,1.1702286630370413e-12,1.6119295578433368e-12,5.948546560617197e-14,5.989448173140763e-14,6.18070882645526e-13,1.710898400148761e-12,4.2886494227098095e-12,4.881022705458064e-12,5.413369881482536e-12,1.571226612470501e-14,0.0,2.21417831113601e-14,2.712033149530958e-13,1.6426599393253264e-13,4.0843665233837124e-13,8.104679073751237e-13,1.8190534786601758e-15,4.5515320755658243e-14,5.925830749765401e-13,1.7033858092975495e-12,3.5893136949702046e-12,4.766114176230625e-12,5.435377890656297e-14,1.3455982023606637e-16,0.0,2.7053870646385784e-14,2.692678548737494e-13,7.63991142308612e-13,1.344026683069035e-12,2.463404544964482e-14,1.8559517197154912e-15,5.463107615265777e-14,5.876989103580927e-13,1.6797484968716083e-12,3.98351991485596e-12,5.953092913392948e-12,2.3886095969891826e-13,1.3672983106086126e-14,0.0,2.247798578159006e-14,3.1259206410216485e-13,9.868559280551635e-13,1.5760679181805754e-12,2.169798592030449e-12,6.360937340557785e-15,0.0,2.4876276425765613e-14,2.186556683160566e-13,8.858494414375871e-13,1.9170625597822906e-12,9.613646959278721e-14,6.993866223592486e-15,5.0854696516869244e-14,5.019012564344854e-13,1.7124884063719427e-12,3.4965610737899515e-12,6.23266949435428e-12,2.505197954346178e-13,1.6570681298864803e-14,4.996023745334632e-14,6.080612443160275e-13,1.7505987382141666e-12,3.23856352254852e-12,6.173070434446637e-12,2.792964883345179e-13,1.628813011869563e-14,0.0,2.7924432887223936e-14,2.2088319551911758e-13,7.240551489097874e-13,1.4570559019597303e-12,1.1455459062379833e-13,6.9890983609576095e-15,0.0,3.0967675949131694e-14,3.0762398274372227e-13,1.1253889843411684e-12,1.6087169955991264e-12,2.291758099434645e-12,1.1145474211274712e-13,0.0,2.2317607587729065e-14,2.915093407410097e-13,7.801922666528546e-13,1.921517831911421e-12,2.8711959056053714e-12,1.084589040877428e-13,1.6098150716416565e-14,1.9838890022601428e-13,8.505981951625102e-13,1.9068359778219397e-12,3.940332853193103e-12,1.742716282677309e-13,9.160895996981282e-15,5.845129823099354e-14,6.128409656918115e-13,2.0894581119954174e-12,3.5829002773800843e-12,6.579883966082644e-12,3.06417345715488e-13,8.21169512235361e-16,2.735328873847184e-14,2.811689464785287e-13,8.579835188252596e-14,3.2500380045887047e-13,8.517036599493737e-13,1.4454916182262487e-12,5.6004155116938435e-14,0.0,3.108691888750537e-14,2.946980829978954e-13,9.99757289570615e-13,1.9970103403563136e-12,2.918758244122302e-12,1.381622602290248e-13,0.0,2.880154913131573e-14,2.77192462003778e-13,9.16804093213373e-13,1.5630551230560157e-12,9.556402253129573e-14,7.441422955222596e-15,5.629998256238768e-14,6.205094216754073e-13,1.5617417163606877e-12,4.211697499670041e-12,6.041345541066443e-12,3.093699634885382e-13,1.2094278032766925e-14,5.1378793662758385e-14,6.287618568940963e-13,1.7486623202938578e-12,4.321307692808895e-12,5.802110769616098e-12,2.4642385339293854e-13,1.1756146419772366e-14,5.069987614345527e-14,5.112248639679402e-13,1.8872149413954e-12,4.5306030722064926e-12,6.441962127815612e-12,2.6672861022245575e-13,1.4865589841248924e-14
4.064013170167285e-14,4.552518047811114e-13,1.6131560182330851e-12,2.8140382593396884e-12,3.6180670727811046e-12,2.165706299148835e-13,1.2349934053588697e-14,4.824627518704041e-14,3.8625691724662943e-13,1.5891220091341998e-12,3.2701755716332553e-12,3.3953084405596283e-12,1.8172173056660247e-13,8.901195235156406e-15,2.9783127570872086e-14,3.9821052242902545e-13,1.379152243945887e-12,2.4328532397526914e-12,3.3721696692807246e-12,4.5402726807098964e-12,7.996644006354954e-15,3.6815190618095506e-14,3.582926176089504e-13,1.3150593277419426e-12,2.493024740454369e-12,4.693830294328207e-12,1.8551349030874489e-13,2.174153830226743e-15,2.1095131556978592e-14,2.3924935106335476e-13,8.939035038250115e-13,2.4415543728430376e-12,2.9427980271564126e-12,4.115723944827669e-14,2.2781911926087613e-15,2.985845134213453e-14,3.262275000912052e-13,1.4830462301050846e-12,2.9606939819254278e-12,4.644658991832585e-12,1.876204105932919e-13,2.7324474333715037e-15,0.0,1.5419768056826475e-14,1.6682740945707733e-13,5.773238459732646e-13,1.2141229367106326e-12,1.6459478480304505e-12,1.0468114451110759e-13,4.039662882927637e-14,3.7208585269774305e-13,1.684989922475392e-12,2.6772733215249664e-12,3.717227258715957e-12,2.3244188003026447e-13,9.41879624696678e-15,0.0,1.8664724986154047e-14,2.0380037092784295e-13,5.727388651797542e-13,1.1533665995525315e-12,1.709267048305385e-12,9.912604958431719e-14,3.537121650259618e-14,4.091611059057156e-13,1.5583675222968617e-12,2.5314061682895617e-12,8.452868140617707e-13,1.1719382484953316e-12,4.3387544713806526e-14,4.15933843887004e-14,4.347301562623714e-13,1.2164775841884857e-12,3.0780748317186776e-12,3.5325136761092605e-12,3.947383390378167e-12,1.1446774078721595e-14,0.0,1.5376234428944877e-14,1.90736553579052e-13,1.1647724010118977e-13,2.9203748846092255e-13,5.842823314488649e-13,1.3099679031294546e-15,3.160785749884919e-14,4.1671155329103837e-13,1.2108301478494507e-12,2.5756473453292644e-12,3.4490547522481453e-12,3.93803416793457e-14,9.540611228299648e-17,0.0,1.878741063024983e-14,1.8937196177143543e-13,5.432291170179425e-13,9.649482708418445e-13,1.7708955019999624e-14,1.3337351984997378e-15,3.7938239794305366e-14,4.1328650623989804e-13,1.1940412304870387e-12,2.8584011416520632e-12,4.307431022379688e-12,1.734941452333503e-13,9.943671388423062e-15,0.0,1.560971689654784e-14,2.198339650809578e-13,7.016516806310615e-13,1.1314072402815878e-12,1.5711207350292988e-12,4.60240001290518e-15,0.0,1.7275194896883583e-14,1.537455036428231e-13,6.296721127876309e-13,1.3757945028882143e-12,6.930925250287996e-14,5.0485701344287936e-15,3.53157604660845e-14,3.530055495995296e-13,1.2175590367711765e-12,2.5095165069556236e-12,4.510780790880879e-12,1.8202228547753383e-13,1.2058433078878105e-14,3.4694612148589333e-14,4.2765665387924726e-13,1.2446083053900554e-12,2.324276811397243e-12,4.467460827023374e-12,2.0291673407979165e-13,1.1850929950349222e-14,0.0,1.9391971989145673e-14,1.553407790382038e-13,5.147865618882811e-13,1.045898054234883e-12,8.260281146409222e-14,5.046890053830248e-15,0.0,2.1505334513296338e-14,2.1633435638875603e-13,8.00103047873526e-13,1.154782145088901e-12,1.6593213801273406e-12,8.107624917818315e-14,0.0,1.5498340300379893e-14,2.049969388101266e-13,5.546458852347779e-13,1.3791256193944538e-12,2.07845075895395e-12,7.887931877663825e-14,1.1179268048199223e-14,1.3922122158516184e-13,6.030565969675151e-13,1.364627071132131e-12,2.8439799538592537e-12,1.2629922801388525e-13,6.650638217841916e-15,4.059117653249181e-14,4.309857365905929e-13,1.4853540263152968e-12,2.571075044158732e-12,4.761459670156699e-12,2.2262956951190598e-13,5.92274120297762e-16,1.899533773240795e-14,1.974903007373403e-13,6.044262735287555e-14,2.3066700454978453e-13,6.096251936763514e-13,1.043321371599058e-12,4.0618969963222273e-14,0.0,2.158814180850311e-14,2.0724888537275666e-13,7.107701661758929e-13,1.4333785852218166e-12,2.1130018422596048e-12,1.0048990021698301e-13,0.0,2.0001078736191283e-14,1.9493797830708174e-13,6.517945987374336e-13,1.1219095891480602e-12,6.890503066190037e-14,5.373406931173766e-15,3.909720318901247e-14,4.3635506101709553e-13,1.1101745760439146e-12,3.0222321168921713e-12,4.371629852562082e-12,2.2476552087665598e-13,8.802480734721294e-15,3.5679719865027167e-14,4.422388369475951e-13,1.2433439268000665e-12,3.1017674280634373e-12,4.199787083899839e-12,1.7908337074732448e-13,8.558181174866779e-15,3.520825300424577e-14,3.595594960014841e-13,1.341775241121537e-12,3.2516600873813468e-12,4.662205075273664e-12,1.9378092475020217e-13,1.0814345863707973e-14
2.8222309418505297e-14,3.2018172736898897e-13,1.1468627188558345e-12,2.0195337639631845e-12,2.618346713880677e-12,1.573520841383006e-13,8.986874394263617e-15,3.350436122475412e-14,2.7168057637732937e-13,1.1299230636224167e-12,2.347261668998687e-12,2.4575710650573906e-12,1.320591936542006e-13,6.479436440974294e-15,2.068273005529856e-14,2.7998518842704626e-13,9.80111621309624e-13,1.7451725272740659e-12,2.4391862517799207e-12,3.3089893962115335e-12,5.823468294540985e-15,2.5566111366301785e-14,2.5199082015485766e-13,9.349437258250654e-13,1.7891848262565255e-12,3.396926362564919e-12,1.3480248882093886e-13,1.57785927539529e-15,1.464939754207196e-14,1.6812432869565952e-13,6.347760182812684e-13,1.749989848017699e-12,2.126949327620791e-12,2.97775569264593e-14,1.646385522588579e-15,2.0735035753084248e-14,2.293751323675223e-13,1.0539356355579669e-12,2.123747060675011e-12,3.359433754909416e-12,1.362369526055802e-13,1.9791893022409726e-15,0.0,1.0708168608693532e-14,1.173038160734039e-13,4.103405149691272e-13,8.711815171557778e-13,1.191133655796425e-12,7.610214636358038e-14,2.8053217876876227e-14,2.617254824058084e-13,1.1981340956041809e-12,1.921714781436129e-12,2.6905526935221007e-12,1.6891627004585663e-13,6.856115103413038e-15,0.0,1.2961614366883022e-14,1.4330320699826094e-13,4.0708827966195626e-13,8.27592936880525e-13,1.2369546638499537e-12,7.206471288969298e-14,2.4563346354201517e-14,2.8774473633232324e-13,1.1077498369539767e-12,1.8163572004123473e-12,6.104599390682106e-13,8.518763355960995e-13,3.164031220631949e-14,2.888429273732454e-14,3.057497146150259e-13,8.648164640325719e-13,2.2088134827415597e-12,2.5560135976923404e-12,2.8776912147305744e-12,8.33806192978041e-15,0.0,1.0677937146799297e-14,1.3413377764612507e-13,8.258320249742842e-14,2.087816229331946e-13,4.2114303793461823e-13,9.432861082547726e-16,2.1949903539607493e-14,2.930136547529386e-13,8.605861822913732e-13,1.8479185823062756e-12,2.4954066634444353e-12,2.852789161589463e-14,6.765680274011795e-17,0.0,1.304681115208793e-14,1.331718137859298e-13,3.8620414230356255e-13,6.92657449737759e-13,1.2729353131145312e-14,9.58423626838042e-16,2.63459989998365e-14,2.9061194038303384e-13,8.486630768311742e-13,2.050696155875952e-12,3.116024483249974e-12,1.2599249139461154e-13,7.230666597512022e-15,0.0,1.0840080832678469e-14,1.5458855126426786e-13,4.988028058786279e-13,8.120487134248976e-13,1.1373696747827815e-12,3.3296468242459387e-15,0.0,1.1996664899413307e-14,1.080962615866678e-13,4.4751721258518527e-13,9.871681358544266e-13,4.9960519705400334e-14,3.644020195017156e-15,2.4524832235148906e-14,2.482617841034292e-13,8.655506206900993e-13,1.8007780309344245e-12,3.263888360891498e-12,1.3222859579437088e-13,8.773746994432738e-15,2.409347881078575e-14,3.0075193832688215e-13,8.847468341969042e-13,1.6678021277879234e-12,3.2324099507650487e-12,1.4739712728371798e-13,8.621415958629734e-15,0.0,1.3466647864280379e-14,1.0923802607868361e-13,3.659506705257954e-13,7.50623456484529e-13,5.955381106194242e-14,3.644064261869944e-15,0.0,1.4934265790316967e-14,1.5212361316825455e-13,5.687599672762419e-13,8.287809269929794e-13,1.2011423499702011e-12,5.896521757867324e-14,0.0,1.0762734734007424e-14,1.441478640468158e-13,3.942486328400501e-13,9.896541432415173e-13,1.5042501318729282e-12,5.735475852762344e-14,7.763378235676704e-15,9.769443437932377e-14,4.275066988354022e-13,9.76438649358981e-13,2.052263826896089e-12,9.151644010038778e-14,4.827654956618661e-15,2.8188321243925173e-14,3.030705240035087e-13,1.0557644757625031e-12,1.8446608852537386e-12,3.4448323996131567e-12,1.6172227693282195e-13,4.2719498690244e-16,1.319120806059328e-14,1.3870632198646813e-13,4.2578894023808223e-14,1.636988429019401e-13,4.3629002408534354e-13,7.528989948535632e-13,2.945475113966708e-14,0.0,1.4991770644063102e-14,1.4573800418047252e-13,5.052471733329012e-13,1.028635651422098e-12,1.5293426079529865e-12,7.307406554021041e-14,0.0,1.3889638869076692e-14,1.370809654242201e-13,4.633242606070324e-13,8.051215066729853e-13,4.9675245087222836e-14,3.879740455098663e-15,2.7150832690807506e-14,3.0682986495006756e-13,7.890674517641916e-13,2.1683041384295853e-12,3.162709653783553e-12,1.6326721739932004e-13,6.405766865200687e-15,2.4777583951743503e-14,3.1102303382577046e-13,8.839268504115245e-13,2.2259929771527343e-12,3.0393003323118577e-12,1.3012021476035385e-13,6.229295047614317e-15,2.4450181656338077e-14,2.5286847195410797e-13,9.538459908382688e-13,2.3333258122995534e-12,3.3734217093077813e-12,1.4075757573815784e-13,7.866200334464583e-15
1.959882717668857e-14,2.2516802137450798e-13,8.152425903149071e-13,1.4490843046791444e-12,1.8944529642292364e-12,1.143045354625425e-13,6.5387734324145625e-15,2.3266919044286482e-14,1.9107583262819377e-13,8.033046096719456e-13,1.6845063377308102e-12,1.778436479831729e-12,9.595055272884239e-14,4.715932408823261e-15,1.4363005338328028e-14,1.9684492711193462e-13,6.964357019535467e-13,1.2516533804097498e-12,1.7639592101260234e-12,2.4110349963004583e-12,4.24026980366696e-15,1.775424610578836e-14,1.772135382024949e-13,6.646085392006507e-13,1.2838229821712377e-12,2.4578248878287778e-12,9.793483629282468e-14,1.1450154914538115e-15,1.0173192449669363e-14,1.181354087074476e-13,4.5070856085983497e-13,1.2540960091655239e-12,1.5369650978841611e-12,2.1541599606143764e-14,1.1897558487169394e-15,1.4399329261909092e-14,1.6126453711066484e-13,7.488860431140607e-13,1.5231251416905727e-12,2.4293312721411867e-12,9.890774159607538e-14,1.4335152110550375e-15,0.0,7.436225366250682e-15,8.247521051740665e-14,2.916155037484141e-13,6.249943492481115e-13,8.618064079101499e-13,5.5314109549793527e-14,1.9481400900224702e-14,1.8408289097341185e-13,8.518305205189421e-13,1.3791324367392758e-12,1.9470162544538387e-12,1.2272860507616157e-13,4.990020864030233e-15,0.0,9.001122540459762e-15,1.0075655345197103e-13,2.893088740791607e-13,5.937281670501979e-13,8.949577407517492e-13,5.238029835068972e-14,1.7057877731080737e-14,2.0234203320919653e-13,7.873261128362518e-13,1.3030557058395914e-12,4.407888669875047e-13,6.191020315923051e-13,2.306950925336191e-14,2.0058538984822897e-14,2.150194113466088e-13,6.147300349211373e-13,1.5847510130847194e-12,1.8490546051414973e-12,2.097362367802965e-12,6.072738930208811e-15,0.0,7.415231193514587e-15,9.432095055418648e-14,5.854635967935706e-14,1.49240373867549e-13,3.03499028076976e-13,6.791939524391662e-16,1.5242986617839643e-14,2.0601867191530908e-13,6.115713195962615e-13,1.325566807847296e-12,1.8050498549540903e-12,2.0663332173144938e-14,4.798664142205219e-17,0.0,9.060284362267002e-15,9.36429015380228e-14,2.7453059542504643e-13,4.971097296256234e-13,9.149044148459502e-15,6.886996958834586e-16,1.8295833805955522e-14,2.0433462969157143e-13,6.031049890345019e-13,1.470964821473285e-12,2.253674774027452e-12,9.147979039238307e-14,5.2572389695808494e-15,0.0,7.527832187496275e-15,1.0869908638825858e-13,3.5454915873893654e-13,5.827271214226309e-13,8.231837120356651e-13,2.4085860477356772e-15,0.0,8.33101853929217e-15,7.59951441193948e-14,3.180141772515336e-13,7.081901226067512e-13,3.600772584543653e-14,2.6299906282671777e-15,1.7031136019852245e-14,1.745837132399433e-13,6.152274060781968e-13,1.2919698313716863e-12,2.3611622555467486e-12,9.603841976404734e-14,6.382971034189656e-15,1.6731580812049378e-14,2.1148875173030162e-13,6.288488035856275e-13,1.1965292546626835e-12,2.3382948712672317e-12,1.0704821198484298e-13,6.271184521043249e-15,0.0,9.351839294458233e-15,7.68118385075929e-14,2.601108004259625e-13,5.386112870752868e-13,4.292961790460629e-14,2.6309184640492657e-15,0.0,1.0371020037900876e-14,1.069630965354665e-13,4.042524226229729e-13,5.947023411948283e-13,8.69284201334057e-13,4.287519532906054e-14,0.0,7.47411983292057e-15,1.0135272083830647e-13,2.8019831677171264e-13,7.100422284193773e-13,1.0884408728429158e-12,4.169508911859001e-14,5.391234675963045e-15,6.855052682027321e-14,3.030257880875281e-13,6.985654060481254e-13,1.4806548432169133e-12,6.63013586029278e-14,3.50393880590722e-15,1.9575228861110373e-14,2.1310349997621136e-13,7.503182711924837e-13,1.3232470613684064e-12,2.4917427818264643e-12,1.1745590776082673e-13,3.0813532011233327e-16,9.160561083381016e-15,9.741350588886483e-14,2.999384174154384e-14,1.161633837546642e-13,3.121952978399891e-13,5.432158361406263e-13,2.1355036304790977e-14,0.0,1.0410954917402273e-14,1.0247537872506689e-13,3.591032950491045e-13,7.380456079462423e-13,1.1066592609417297e-12,5.312669272897724e-14,0.0,9.64558270669941e-15,9.638821861447621e-14,3.2930635122635256e-13,5.776780681147317e-13,3.580651008568743e-14,2.8010097635923895e-15,1.88547405159335e-14,2.1573552165479483e-13,5.607618168035217e-13,1.555375220491931e-12,2.287612752074911e-12,1.1857321118170963e-13,4.660987760103469e-15,1.7206657098750873e-14,2.1872256507732358e-13,6.283213447977616e-13,1.5972016196899325e-12,2.1990042459741276e-12,9.452610804645695e-14,4.53353716004878e-15,1.6979298206894408e-14,1.7782144903912773e-13,6.779810394150565e-13,1.6740469702722452e-12,2.4403771914611985e-12,1.0222387131058837e-13,5.7210540495819986e-15
1.3610295607368283e-14,1.583370690594674e-13,5.794331881522945e-13,1.0395813119244207e-12,1.3704009243871862e-12,8.301813845062661e-14,4.7569353068490596e-15,1.6157583471948974e-14,1.34374909121595e-13,5.710209991498043e-13,1.2086634088656026e-12,1.2866993212900012e-12,6.970178822770169e-14,3.431936207302473e-15,9.974306575760521e-15,1.3838231479656e-13,4.947995938007515e-13,8.975402324149579e-13,1.2753844743139429e-12,1.7563354442940855e-12,3.0870449924478445e-15,1.2329340325733083e-14,1.2461627258359172e-13,4.723754809418046e-13,9.210373966557819e-13,1.7779633388060171e-12,7.113672624698168e-14,8.308432388496934e-16,7.0647189895177105e-15,8.300412867581124e-14,3.1997583855408113e-13,8.985721548921708e-13,1.1104065689245975e-12,1.5581625493973853e-14,8.597427692430106e-16,9.999531891247206e-15,1.1337012743972919e-13,5.320595946789245e-13,1.0921762098810476e-12,1.7563731276404321e-12,7.179374940197724e-14,1.0382352411492703e-15,0.0,5.1640444963886604e-15,5.798314025797522e-14,2.0721386242938828e-13,4.482970174409239e-13,6.233971062172536e-13,4.0196318194885665e-14,1.3528749161453757e-14,1.2946307509321702e-13,6.055379083964531e-13,9.89565891263026e-13,1.4086540150044088e-12,8.915338182994168e-14,3.631350011099702e-15,0.0,6.250779623343435e-15,7.083657201391412e-14,2.0557808471885773e-13,4.2587374916420854e-13,6.47376880728873e-13,3.8064876921152213e-14,1.1845750382144504e-14,1.4227578476830352e-13,5.595120810818788e-13,9.346475466280528e-13,3.182182452828527e-13,4.49844564316167e-13,1.6817379006044918e-14,1.392954559074057e-14,1.512011424122401e-13,4.3690422139265344e-13,1.1368050485506207e-12,1.3373484244120534e-12,1.5282635647094063e-12,4.422231229110252e-15,0.0,5.1494658148501594e-15,6.631997639227241e-14,4.1501711275925345e-14,1.0666485762884393e-13,2.186787945935863e-13,4.890027065190181e-16,1.0585408411667965e-14,1.4484123606221525e-13,4.3455236591093464e-13,9.50700277635168e-13,1.30540329199741e-12,1.49648179413981e-14,3.4040975764245293e-17,0.0,6.291865990139445e-15,6.58421092654182e-14,1.951215180067773e-13,3.567025326565035e-13,6.575076726418977e-15,4.948645663542503e-16,1.2705440549166493e-14,1.436604763040494e-13,4.285414110200268e-13,1.054937966624904e-12,1.6296354181896955e-12,6.640897301089178e-14,3.8219473108886875e-15,0.0,5.227659305792112e-15,7.64259554966092e-14,2.5197936217425117e-13,4.1808954106787795e-13,5.956566753515366e-13,1.7421129123762606e-15,0.0,5.785429659425144e-15,5.3423026630972414e-14,2.2595679327407595e-13,5.079613334471513e-13,2.5947640092373203e-14,1.8979661585219684e-15,1.1827179008107961e-14,1.2276187724391896e-13,4.372404603673371e-13,9.267604250940068e-13,1.7077500864022539e-12,6.974032129469773e-14,4.6430580211772665e-15,1.1619150792223971e-14,1.4870726661624474e-13,4.469048581102814e-13,8.582722811158996e-13,1.6911427141108393e-12,7.773016534035515e-14,4.561053590998962e-15,0.0,6.494333245342394e-15,5.400684594048679e-14,1.8485679348261056e-13,3.864116403191918e-13,3.0941236772130646e-14,1.8992744890334034e-15,0.0,7.20209714697513e-15,7.520347670598375e-14,2.8728800627967954e-13,4.266587582019501e-13,6.28975164525664e-13,3.116915413597684e-14,0.0,5.1903610931882255e-15,7.12573093811282e-14,1.9911430899494793e-13,5.093390128115951e-13,7.873995181821097e-13,3.030471981314075e-14,3.74391407689599e-15,4.8098171096808246e-14,2.1476749873415991e-13,4.996904794606831e-13,1.0680446010782138e-12,4.802540635110228e-14,2.542870386239844e-15,1.3593914531237697e-14,1.4983179095023413e-13,5.331704926818953e-13,9.490493742039442e-13,1.801965404468304e-12,8.52900653246156e-14,2.2226302083724577e-16,6.361502034445637e-15,6.840923829366682e-14,2.1127904574501822e-14,8.24245889531757e-14,2.233658986465862e-13,3.9185572254299627e-13,1.5479769013300934e-14,0.0,7.229829898006785e-15,7.204980091609165e-14,2.551974691180688e-13,5.294521083365666e-13,8.006235250812902e-13,3.861639333911843e-14,0.0,6.698322194310143e-15,6.776995257594246e-14,2.3402198677177883e-13,4.1441180384477954e-13,2.580580101011052e-14,2.0220197175769152e-15,1.3093569222351989e-14,1.5167444791169022e-13,3.984601097562296e-13,1.115510290702087e-12,1.6542986699318555e-12,8.609797582549462e-14,3.390982814119668e-15,1.1949069084645238e-14,1.5380146780050485e-13,4.465688802146048e-13,1.1458241604941335e-12,1.5906903248175792e-12,6.865573419892611e-14,3.29895334778667e-15,1.179117868000347e-14,1.2503731994730063e-13,4.818349808084471e-13,1.200833391747851e-12,1.7650268807223285e-12,7.422550124564635e-14,4.160381204118811e-15
9.451595664460123e-15,1.1133318802950182e-13,4.117765615196007e-13,7.456695760356492e-13,9.911048242787436e-13,6.02839280334549e-14,3.4602025795506944e-15,1.1220544582737835e-14,9.449226683087385e-14,4.0584952866038933e-13,8.670827322392206e-13,9.307289575262216e-13,5.06242391431073e-14,2.497192886109932e-15,6.926601582416288e-15,9.727573545583982e-14,3.5149652799812323e-13,6.435002330439222e-13,9.219421878691163e-13,1.2791112761292842e-12,2.247138815928314e-15,8.562044533801093e-15,8.762312718315154e-14,3.3569932411731674e-13,6.606515093713053e-13,1.2858867698866779e-12,5.166167442726761e-14,6.028240103513753e-16,4.906055200483494e-15,5.831626543054566e-14,2.271355951751505e-13,6.437287004700764e-13,8.020697313665244e-13,1.1269207317799862e-14,6.212451339397009e-16,6.944120172186271e-15,7.969407573736341e-14,3.779621876878336e-13,7.830238972498137e-13,1.2695714814507293e-12,5.2103207858693066e-14,7.519119122242301e-16,0.0,3.58614177263611e-15,4.076123835541508e-14,1.4722096210893409e-13,3.2149838528873637e-13,4.5084442932129714e-13,2.9204420941835636e-14,9.394966027730039e-15,9.104243001937497e-14,4.3039827685705993e-13,7.09914443266772e-13,1.0189357015870509e-12,6.475124225765012e-14,2.642257810024871e-15,0.0,4.340817447830686e-15,4.979768261356877e-14,1.4606105279040578e-13,3.0541988472025396e-13,4.681864158554343e-13,2.765621580352648e-14,8.226218340776044e-15,1.0003278787976189e-13,3.975637531054106e-13,6.702807645911885e-13,2.2968954964372426e-13,3.267969369767557e-13,1.2257475403447371e-14,9.673296099234763e-15,1.0631598265705737e-13,3.104774398183045e-13,8.153325218542936e-13,9.670493262377142e-13,1.1133190672904639e-12,3.21984868540925e-15,0.0,3.5760190383456445e-15,4.6628047968331946e-14,2.941646029124989e-14,7.622508795898477e-14,1.5753555817416343e-13,3.5204246379450945e-16,7.350979006802485e-15,1.018228316187193e-13,3.0873087619828955e-13,6.817256815768563e-13,9.438627336040764e-13,1.0836347804253595e-14,2.415211700785699e-17,0.0,4.369353150542892e-15,4.6291297513093135e-14,1.3866309123241366e-13,2.5590645536248856e-13,4.7247804562494785e-15,3.555708874845163e-16,8.823224777552112e-15,1.0099498435169201e-13,3.0446379432034605e-13,7.564427180014504e-13,1.1781469328971355e-12,4.8200318465833893e-14,2.7781711160335996e-15,0.0,3.630317176164731e-15,5.373073911213999e-14,1.7905856826777489e-13,2.9991295811703466e-13,4.3092376583757406e-13,1.2599120055237707e-15,0.0,4.017658563332867e-15,3.7552507225255166e-14,1.60526648753377e-13,3.642792077265553e-13,1.8695358266706234e-14,1.3695674003244155e-15,8.213319461513845e-15,8.631567865348764e-14,3.107042093136121e-13,6.646704092655998e-13,1.2348998476025667e-12,5.0634049687205037e-14,3.3769810655648245e-15,8.06885580493867e-15,1.0455472663237846e-13,3.175602629539197e-13,6.155320628638282e-13,1.2228420542449942e-12,5.6431294632687833e-14,3.3168459348012285e-15,0.0,4.509954732831649e-15,3.796963163692716e-14,1.3135733306457865e-13,2.7717068169429177e-13,2.2297277361406916e-14,1.3709664481176859e-15,0.0,5.00145401482374e-15,5.286996015786913e-14,2.041381766928124e-13,3.0604387304396447e-13,4.549992433134407e-13,2.26544434129784e-14,0.0,3.604416200800166e-15,5.009456465642008e-14,1.4147566657918108e-13,3.6530245515931806e-13,5.694977634168809e-13,2.202146936460683e-14,2.5999394512648248e-15,3.374607731965999e-14,1.5219851002029243e-13,3.573779106750966e-13,7.702660936679218e-13,3.478126992090051e-14,1.8451811945236613e-15,9.440222299403376e-15,1.0533781886711165e-13,3.7881700180042043e-13,6.80551430587123e-13,1.302863151483542e-12,6.192144377890551e-14,1.6032512050454355e-16,4.417709103133344e-15,4.8037819199654085e-14,1.488220364661884e-14,5.848016431804967e-14,1.5978923149618146e-13,2.8261745179444207e-13,1.1218855219092819e-14,0.0,5.020716866505354e-15,5.0653911948325054e-14,1.8133241255563052e-13,3.79745716078099e-13,5.790940550451833e-13,2.806343712505082e-14,0.0,4.6516128402806185e-15,4.764500638256582e-14,1.6628587283855213e-13,2.9723571942631755e-13,1.8595438748021736e-14,1.4595358389045128e-15,9.092755939692873e-15,1.0662778009054995e-13,2.830962260106494e-13,7.999010325582036e-13,1.196064307965518e-12,6.250555029890992e-14,2.466685608058569e-15,8.297967983845895e-15,1.0814179609856216e-13,3.173488206672768e-13,8.218628565598288e-13,1.1504117756698284e-12,4.98563372683656e-14,2.4002463207121633e-15,8.188319736411622e-15,8.791470592929527e-14,3.423901704509412e-13,8.612348022082679e-13,1.2763056883178522e-12,5.388583833684583e-14,3.025075382155225e-15
6.563608459089639e-15,7.827683206699277e-14,2.9259187227393924e-13,5.347593070030384e-13,7.166393391561627e-13,4.376728948906423e-14,2.5166284097738812e-15,7.792044209734374e-15,6.644165465736748e-14,2.884163382479588e-13,6.21926417340839e-13,6.7309720565941e-13,3.6761376297639874e-14,1.816795884190201e-15,4.810139138209249e-15,6.837486748249544e-14,2.4966453187739156e-13,4.612849099186767e-13,6.663112980856715e-13,9.313376694476095e-13,1.6355139563435058e-15,5.9458650316361605e-15,6.160690149848375e-14,2.3853708898810085e-13,4.737961094745064e-13,9.298045868406926e-13,3.7511253297996843e-14,4.3734610768660086e-16,3.406983777838425e-15,4.096854275642105e-14,1.6121314830030593e-13,4.610853305829982e-13,5.792356114276046e-13,8.149290801263572e-15,4.488903890066446e-16,4.8223079641119876e-15,5.601719362173044e-14,2.68460649309635e-13,5.612848265171717e-13,9.175058071643181e-13,3.7806304500456137e-14,5.445212748826794e-16,0.0,2.4903757251955523e-15,2.8652379263814036e-14,1.0458365005442491e-13,2.3052380548413696e-13,3.2598418549189606e-13,2.1214053755087565e-14,6.5242815066826065e-15,6.401880219239093e-14,3.0587324293312637e-13,5.092027145262035e-13,7.368818989157959e-13,4.701940278033427e-14,1.9223108272635253e-15,0.0,3.0144550769130104e-15,3.500486587529733e-14,1.0376127442018962e-13,2.189968144769645e-13,3.3852317723865176e-13,2.0089708983641172e-14,5.7126528356564606e-15,7.03267765587114e-14,2.8245367564418975e-13,4.806074031405662e-13,1.6576001478536142e-13,2.373610393313737e-13,8.932376118194156e-15,6.7175669269266995e-15,7.47495660110367e-14,2.206055911541981e-13,5.846664366536501e-13,6.991379415979753e-13,8.108466018576094e-13,2.3440490792355406e-15,0.0,2.4833479508218952e-15,3.2780621341044545e-14,2.0848438570066437e-14,5.446488539033894e-14,1.1346812944766237e-13,2.534224012912256e-16,5.104847345433077e-15,7.157573371846119e-14,2.1931160239775758e-13,4.887655515414544e-13,6.823113302701348e-13,7.845755932599211e-15,1.7138761745268472e-17,0.0,3.0342733225687363e-15,3.254334250640824e-14,9.852775732727732e-14,1.835600979651319e-13,3.394832034345573e-15,2.5547544975752155e-16,6.127239337146507e-15,7.099534698764395e-14,2.1628286167484862e-13,5.42313592567981e-13,8.515677089349141e-13,3.4978006480623906e-14,2.019205210647588e-15,0.0,2.521053531577981e-15,3.777218876182507e-14,1.2722356515802762e-13,2.1510170728432136e-13,3.1168155796018696e-13,9.110739272271144e-16,0.0,2.790038961813666e-15,2.6394752488524874e-14,1.1402822355151388e-13,2.6119322346607147e-13,1.3468026384822492e-14,9.881858453512328e-16,5.7036937970771965e-15,6.068517482956953e-14,2.2075813445256807e-13,4.766173203197491e-13,8.927894524871806e-13,3.6755444541455785e-14,2.4558187012170546e-15,5.603371854203752e-15,7.350590474500909e-14,2.2562132828537786e-13,4.4136807679706025e-13,8.840371964795279e-13,4.0961058508536e-14,2.4117359836150406e-15,0.0,3.1319116450112134e-15,2.6692620565236266e-14,9.332881760037046e-14,1.9877764372732515e-13,1.6065708216082473e-14,9.89519976748599e-16,0.0,3.4732312267276665e-15,3.7166150143493994e-14,1.4503526552967632e-13,2.194873879865358e-13,3.290746000345362e-13,1.6462358701477446e-14,0.0,2.5030648376613e-15,3.521431982736735e-14,1.0050877378656668e-13,2.61952160938558e-13,4.1180962294930064e-13,1.5999032249498357e-14,1.8055130852569528e-15,2.3675291139069512e-14,1.0784637406283974e-13,2.5555694611789773e-13,5.554039108182791e-13,2.518523713542695e-14,1.3387548115317324e-15,6.55571022220443e-15,7.405118700760194e-14,2.691139663251795e-13,4.879307748116366e-13,9.418054736214979e-13,4.494726962680012e-14,1.156495364734783e-16,3.0678542276438847e-15,3.3730689467544e-14,1.048249873053538e-14,4.14882356510126e-14,1.1429283305371244e-13,2.0379414987873451e-13,8.129301770283544e-15,0.0,3.4866095114260284e-15,3.5609062422268386e-14,1.2883008883178706e-13,2.7232194183800807e-13,4.187715985519281e-13,2.0390176516120027e-14,0.0,3.230287978518434e-15,3.349384588466025e-14,1.181399784873949e-13,2.1315395455185126e-13,1.3397677219280882e-14,1.0534219067749314e-15,6.314416103318057e-15,7.495420198217332e-14,2.0110679778354232e-13,5.734876227495386e-13,8.645802753251609e-13,4.536950587997531e-14,1.7940829152989093e-15,5.762477390166131e-15,7.603146151295148e-14,2.2549026149092041e-13,5.893926266226279e-13,8.318213679949269e-13,3.619787102181132e-14,1.7461280039190529e-15,5.686331832230951e-15,6.180878919666963e-14,2.432691768044128e-13,6.175681951149575e-13,9.227160283823596e-13,3.9112660827631996e-14,2.1993024233182026e-15
4.558060711020865e-15,5.5031175750958243e-14,2.0787676803865418e-13,3.8343794587129514e-13,5.18073967461987e-13,3.177004569503456e-14,1.830120459178261e-15,5.4111392391911745e-15,4.671444354234526e-14,2.049355038606513e-13,4.460069264601861e-13,4.866780116454139e-13,2.6689726084818548e-14,1.3216036429548155e-15,3.340374611035262e-15,4.805703041747723e-14,1.7731170044658458e-13,3.3061026751773403e-13,4.814625643244753e-13,6.77961532522479e-13,1.1901889050003742e-15,4.129075022361485e-15,4.331185860570706e-14,1.694744812368831e-13,3.397310546174432e-13,6.721877759912042e-13,2.723163690112011e-14,3.172654069042933e-16,2.3659610598039536e-15,2.877945000346029e-14,1.1440988429470418e-13,3.3020904883117377e-13,4.182272458905764e-13,5.892395309804467e-15,3.2433950168292134e-16,3.3488274448653995e-15,3.937177456092583e-14,1.9065920922030333e-13,4.0227063533784033e-13,6.62937648329037e-13,2.7427509212114925e-14,3.9431077868026805e-16,0.0,1.7294266560279457e-15,2.013920558931131e-14,7.428512232502318e-14,1.6526376337841562e-13,2.356542257012961e-13,1.540679189687359e-14,4.530751484086979e-15,4.5012966878042355e-14,2.1734758034401465e-13,3.6517383195513087e-13,5.327931235144604e-13,3.4137007608956464e-14,1.3983408572214509e-15,0.0,2.0933708210163205e-15,2.4604572350434946e-14,7.370214353231867e-14,1.570012745160391e-13,2.4471858785396483e-13,1.459042070558142e-14,3.967118736283063e-15,4.943863084911935e-14,2.0064644619337288e-13,3.4454803778452737e-13,1.1960278776387837e-13,1.7236833898456585e-13,6.508135382977693e-15,4.664975630077626e-15,5.255157428606708e-14,1.567279012501605e-13,4.1918619638466504e-13,5.053453087380217e-13,5.904137742148441e-13,1.7062195377918052e-15,0.0,1.7245472519654222e-15,2.3043821691529198e-14,1.4774600392212793e-14,3.8911498898223574e-14,8.171342500019698e-14,1.8241518930590808e-16,3.545032977390561e-15,5.031000750922769e-14,1.5577127242712282e-13,3.503621848667658e-13,4.931362015819404e-13,5.679723125083671e-15,1.2163913114910036e-17,0.0,2.107133053138496e-15,2.2876647945757246e-14,7.000015884527857e-14,1.3164313115000164e-13,2.438992070536977e-15,1.8355029946551978e-16,4.255025168664609e-15,4.990314063090817e-14,1.536218003537199e-13,3.8873267738511575e-13,6.15390194290511e-13,2.5378310388390318e-14,1.4674013524176696e-15,0.0,1.750731648918903e-15,2.6551515630819987e-14,9.03822216354219e-14,1.5424676548144395e-13,2.2538707970883743e-13,6.587432795105569e-16,0.0,1.937525794940391e-15,1.8550889414558634e-14,8.098817605433662e-14,1.872466626949777e-13,9.70082546241728e-15,7.129417883529422e-16,3.960897943085892e-15,4.266214515891167e-14,1.5683020551209672e-13,3.417107973226496e-13,6.453230672920893e-13,2.6676048340399206e-14,1.7856942377964374e-15,3.8912311174606825e-15,5.1673533254633884e-14,1.6027939736908936e-13,3.1642923851865496e-13,6.389718445613746e-13,2.9726487278546904e-14,1.753389557885704e-15,0.0,2.174936716723434e-15,1.876348822004887e-14,6.630105805790554e-14,1.425318127654551e-13,1.1573965127749248e-14,7.141354156093889e-16,0.0,2.4119653903872124e-15,2.6124854991775967e-14,1.030306175573716e-13,1.5738349677250196e-13,2.3794992488751633e-13,1.1960291347398092e-14,0.0,1.7382395587456659e-15,2.4752317774688866e-14,7.139533036968621e-14,1.8780878912483157e-13,2.977210599511095e-13,1.1621262508517406e-14,1.2538278968710111e-15,1.66090431037728e-14,7.641077516384546e-14,1.8271816136758724e-13,4.0040060519437116e-13,1.8233637850718483e-14,9.712031817984259e-16,4.552577245597127e-15,5.2053205660295933e-14,1.9115562994045169e-13,3.497690551342778e-13,6.806669160355059e-13,3.262013053712129e-14,8.342429343677331e-17,2.1304558219183846e-15,2.3683216513526962e-14,7.383273551797678e-15,2.943108662766216e-14,8.173950515202064e-14,1.469282651029698e-13,5.889512071305957e-15,0.0,2.4212584997492504e-15,2.503085642679281e-14,9.151718770676334e-14,1.9525259390290935e-13,3.027706099897196e-13,1.4811969075874385e-14,0.0,2.2432564580081723e-15,2.3544007700383675e-14,8.392317230557244e-14,1.528305536118522e-13,9.65132726063829e-15,7.602353815441408e-16,4.38501398094983e-15,5.2685323639424595e-14,1.4284449084819997e-13,4.110908132293874e-13,6.248376802091185e-13,3.2925309926107535e-14,1.3047034168092303e-15,4.001720919727087e-15,5.3451551874018844e-14,1.601997724110514e-13,4.2260522805104743e-13,6.013355103962999e-13,2.62763638750681e-14,1.2700970628227463e-15,3.948839644329933e-15,4.345164167295986e-14,1.7282094565886967e-13,4.4276536677332843e-13,6.669485584250074e-13,2.8384532953583695e-14,1.5987448771414674e-15
3.1653201697400257e-15,3.868581416197309e-14,1.4767038667142936e-13,2.748890625538838e-13,3.7445003969368925e-13,2.305720411123864e-14,1.3307094938986464e-15,3.757733426700405e-15,3.2841945328720276e-14,1.455987565676341e-13,3.197931513305684e-13,3.5181633503956476e-13,1.9373862437877528e-14,9.612522976405752e-16,2.319706044818135e-15,3.377428582460467e-14,1.2591090602500698e-13,2.3691401360048483e-13,3.478248788419575e-13,4.934044196609267e-13,8.659942301460579e-16,2.8674154464884287e-15,3.044749355128289e-14,1.2039165540023853e-13,2.4355920852531847e-13,4.858480454301146e-13,1.9765396563892618e-14,2.3013459975594987e-16,1.6430295671773301e-15,2.0215560078887232e-14,8.118488182353012e-14,2.36443102950764e-13,3.0191467207442423e-13,4.260000017328017e-15,2.343370018959331e-16,2.3255764026152728e-15,2.7670523341266145e-14,1.3538805469066688e-13,2.88257718210673e-13,4.789053100525802e-13,1.9894424535123552e-14,2.855205405628187e-16,0.0,1.2009894449952754e-15,1.4154432210457421e-14,5.2757527841954265e-14,1.1845821760736074e-13,1.7031927086822694e-13,1.118703191444989e-14,3.1463552784197804e-15,3.164714394868777e-14,1.5442273017351157e-13,2.6183860585420274e-13,3.8514999359488554e-13,2.4779560641616846e-14,1.017053144416351e-15,0.0,1.4537304934290103e-15,1.7293053007520745e-14,5.2344308560382246e-14,1.1253672614887437e-13,1.7687051922823904e-13,1.0594392903672288e-14,2.7549443448864586e-15,3.4752005385750694e-14,1.4251485002668063e-13,2.4696510632655703e-13,8.628324611548427e-14,1.25147696228421e-13,4.741003404397032e-15,3.239564086475253e-15,3.694282328651646e-14,1.1133201758446015e-13,3.0049139145772416e-13,3.651956944159473e-13,4.29807524977619e-13,1.2417669161373093e-15,0.0,1.197603333067799e-15,1.6197939316863428e-14,1.04692932311561e-14,2.779601926995533e-14,5.883529960424539e-14,1.3129338795428393e-16,2.4618288277946804e-15,3.535994006755847e-14,1.1062620072991675e-13,2.5110789887971324e-13,3.563384456898313e-13,4.1111174312400745e-15,8.634534513580911e-18,0.0,1.4632866435167312e-15,1.6080161570925697e-14,4.972591333352008e-14,9.439345255351291e-14,1.7520963928810363e-15,1.3186926442290103e-16,2.954876079068794e-15,3.507470996755665e-14,1.0910091558356421e-13,2.785983525319472e-13,4.446256660910928e-13,1.8409980675211555e-14,1.0662628649737274e-15,0.0,1.2157866084852295e-15,1.8662700748008723e-14,6.420104098667257e-14,1.105891873244852e-13,1.6295030945479653e-13,4.762426175772199e-16,0.0,1.3455026229596466e-15,1.30370961973088e-14,5.751426834706304e-14,1.342121297010453e-13,6.986318070241988e-15,5.143153564690144e-16,2.7506246005039733e-15,2.9989576390169254e-14,1.1140042365712508e-13,2.449479477163184e-13,4.663554956687567e-13,1.9357201992488382e-14,1.2982576072541877e-15,2.7022436378591507e-15,3.632300784599425e-14,1.138464505025544e-13,2.268185442131009e-13,4.617478106704994e-13,2.1569379225581075e-14,1.274591663262264e-15,0.0,1.5103721613639324e-15,1.3188761634688078e-14,4.709436767511561e-14,1.0218355102122063e-13,8.336795770615523e-15,5.153412942212791e-16,0.0,1.674975766815666e-15,1.8362362045376867e-14,7.318176882943989e-14,1.1283229061046251e-13,1.720225157603053e-13,8.687668798075825e-15,0.0,1.2071101065966917e-15,1.7397264459720618e-14,5.0708394733934166e-14,1.346279575417324e-13,2.1519500368399494e-13,8.439675555763951e-15,8.707138408842809e-16,1.1651225611403222e-14,5.413250049758236e-14,1.3062026589046124e-13,2.886017728446882e-13,1.319859595124021e-14,7.044758378638798e-16,3.1615133369846914e-15,3.658734788966074e-14,1.3576338110439594e-13,2.5068672330148265e-13,4.91835671197739e-13,2.3669479224409168e-14,6.017907926812094e-17,1.4794826798195209e-15,1.6627610760158266e-14,5.2001940386593134e-15,2.0876271056320025e-14,5.845036085992175e-14,1.0591092343417932e-13,4.266064504705297e-15,0.0,1.6814311129336396e-15,1.75937733731404e-14,6.500281019869383e-14,1.399704195875287e-13,2.188565571115483e-13,1.0757640604570545e-14,0.0,1.5578181452906713e-15,1.6548699701063034e-14,5.960888938066286e-14,1.0956003308169071e-13,6.951513514423707e-15,5.485951013749814e-16,3.045148196034054e-15,3.702982376117165e-14,1.0144834775368367e-13,2.9463085335080134e-13,4.514827304973724e-13,2.3890022102071955e-14,9.486842136246318e-16,2.7789719706998296e-15,3.757464228573484e-14,1.1379936725807846e-13,3.029637320313833e-13,4.3462490733360163e-13,1.9070745089095474e-14,9.23715253516479e-16,2.7422504253556404e-15,3.054426498550561e-14,1.22757961136794e-13,3.1738652616671037e-13,4.819793874766392e-13,2.0595309354858767e-14,1.1620339226644638e-15
2.1981389947136427e-15,2.7193339368015048e-14,1.0488784027406304e-13,1.970362952731428e-13,2.70587611898865e-13,1.6730792954059758e-14,9.674526542152914e-16,2.6095358815966542e-15,2.3087346600808088e-14,1.0342891032231932e-13,2.292569386809831e-13,2.5427376634549525e-13,1.406075154467788e-14,6.990601520151897e-16,1.6109066297912881e-15,2.3734739086138586e-14,8.939954097861526e-14,1.6974355757629922e-13,2.512305439888087e-13,3.5900635392693713e-13,6.300156269669368e-16,1.9912623158372835e-15,2.1402486715970804e-14,8.551312560206131e-14,1.745822788383244e-13,3.5109301106908775e-13,1.4343574761113312e-14,1.6691791319053123e-16,1.1409929511774925e-15,1.4199098644302498e-14,5.760176520931449e-14,1.6927591538594513e-13,2.179073324578536e-13,3.0794469331560543e-15,1.6930221662659522e-16,1.6149846215502042e-15,1.9445494279436765e-14,9.612778064999232e-14,2.0652464063739124e-13,3.4589211460648183e-13,1.4427788235421094e-14,2.067332774236379e-16,0.0,8.340205950610745e-16,9.947445789055142e-15,3.746384630871791e-14,8.489444677163457e-14,1.2307311754134158e-13,8.121427200648644e-15,2.184968912432442e-15,2.224838966608485e-14,1.0970118360082477e-13,1.877126804948718e-13,2.7836375015956587e-13,1.798382588770798e-14,7.396313041864679e-16,0.0,1.0095351575256704e-15,1.2153361229417798e-14,3.717097553381263e-14,8.065140427418454e-14,1.278070624353273e-13,7.69128871690271e-15,1.913157086359588e-15,2.442651668603666e-14,1.0121242278352687e-13,1.769899637527589e-13,6.223518058047124e-14,9.084607688144223e-14,3.4530949517045815e-15,2.2496949452798957e-15,2.5968222816039562e-14,7.90748617821063e-14,2.1536945540447218e-13,2.638614667875851e-13,3.128184298185052e-13,9.036125955453763e-16,0.0,8.316693544927998e-16,1.1385004646276623e-14,7.417858093087933e-15,1.9853224488056474e-14,4.235535190688199e-14,9.449088683104347e-17,1.7096045792367011e-15,2.4850632424632923e-14,7.855505943667351e-14,1.7994129652113808e-13,2.5743695409531463e-13,2.9753160507276346e-15,6.130182120762271e-18,0.0,1.0161713921815046e-15,1.130203739611308e-14,3.531917362142077e-14,6.767217226503881e-14,1.258521507632004e-15,9.473567481919937e-17,2.051997385711524e-15,2.4650686395657813e-14,7.747283753754601e-14,1.9963366030349716e-13,3.2118259667187267e-13,1.335264766175383e-14,7.746870895043547e-16,0.0,8.442959758983224e-16,1.3116807006454801e-14,4.559795827864714e-14,7.927468581757314e-14,1.1778518092858479e-13,3.4426240297475065e-16,0.0,9.343758702595494e-16,9.161494096377842e-15,4.083899008206084e-14,9.618244024115163e-14,5.030640925620861e-15,3.7099194856353545e-16,1.9101564663589384e-15,2.107977690049271e-14,7.912044393706671e-14,1.755560935626764e-13,3.36953277021069e-13,1.4043827182796878e-14,9.437510309378998e-16,1.8765585311275778e-15,2.5530752139517798e-14,8.085485912681399e-14,1.6255771419263482e-13,3.336113495508252e-13,1.5647821489060938e-14,9.264197828681478e-16,0.0,1.0488701876427434e-15,9.26963899449737e-15,3.344738016870196e-14,7.324464392350224e-14,6.004145260150759e-15,3.718494375748048e-16,0.0,1.163178367471038e-15,1.290540841637213e-14,5.1973754103660177e-14,8.087849234517107e-14,1.2433533096071548e-13,6.309242568169254e-15,0.0,8.382706292617649e-16,1.222685447427181e-14,3.6010976708099456e-14,9.648967356771489e-14,1.5551252017492884e-13,6.127902077634866e-15,6.046626009855906e-16,8.17290932617446e-15,3.8345669092769657e-14,9.336302520420133e-14,2.079804946651608e-13,9.552339151997687e-15,5.109389335227222e-16,2.1954962627195346e-15,2.57147816080506e-14,9.641032342717786e-14,1.7964237985612632e-13,3.5531885940155353e-13,1.7171686064869847e-14,4.341127738720777e-17,1.0274174689237106e-15,1.1673289397019209e-14,3.662487391454713e-15,1.480693364668297e-14,4.1791238611977694e-14,7.633063075954956e-14,3.0895709540585695e-15,0.0,1.1676622270692306e-15,1.236548029323803e-14,4.6164315349023034e-14,1.0032329403073017e-13,1.5816694540107888e-13,7.811499976216172e-15,0.0,1.08181851266817e-15,1.1630963723153792e-14,4.2333578136012545e-14,7.852720512053998e-14,5.006184854435448e-15,3.9583432819997627e-16,2.114686998009216e-15,2.602449575781113e-14,7.203969046846388e-14,2.1112816526660644e-13,3.261580011837731e-13,1.733104378963586e-14,6.897189859350058e-16,1.929840892535645e-15,2.6411752125525704e-14,8.082806214360011e-14,2.1715649723476957e-13,3.1406845018680257e-13,1.3838554001163831e-14,6.717070598225196e-16,1.904341071356616e-15,2.1469465602420204e-14,8.718618608481214e-14,2.274732255836266e-13,3.482389481064831e-13,1.4940927198592455e-14,8.445082158837701e-16
1.5264857429034075e-15,1.9113551887762345e-14,7.449066666895796e-14,1.4120892977429154e-13,1.9549462271953462e-13,1.2138024654550814e-14,7.032646923859775e-16,1.8121778464209588e-15,1.6228817422528352e-14,7.346332648702102e-14,1.6432453527614882e-13,1.8373814129531868e-13,1.0202854630742902e-14,5.083144698900438e-16,1.118685331419509e-15,1.667831868105555e-14,6.346784669751416e-14,1.2159752242484372e-13,1.814256961590521e-13,2.6115802263353047e-13,4.582735008020958e-16,1.3828211608755069e-15,1.504336851907344e-14,6.073150612235296e-14,1.2511890263352756e-13,2.5366274402831005e-13,1.0407104248884405e-14,1.2105567092279739e-16,7.923558602214833e-16,9.972588481087287e-15,4.086447518121048e-14,1.211700157583156e-13,1.5724472407124808e-13,2.225775144518073e-15,1.223107673803059e-16,1.1215180947103323e-15,1.3664383898728482e-14,6.824394773594093e-14,1.4794215543327464e-13,2.49773624241367e-13,1.0461452736854213e-14,1.4967772634345518e-16,0.0,5.791808159074282e-16,6.9903642456693874e-15,2.660027078155087e-14,6.08303989582788e-14,8.891486573120316e-14,5.8947489243213635e-15,1.51733985688952e-15,1.5639762556374637e-14,7.792121927278477e-14,1.345489233212569e-13,2.0114438232181478e-13,1.3049428378188554e-14,5.378089842364424e-16,0.0,7.010656885750008e-16,8.540639756651076e-15,2.6392732104388404e-14,5.77905589680705e-14,9.233494864576231e-14,5.582613255694235e-15,1.3285807694701466e-15,1.7167684769954662e-14,7.187093038430241e-14,1.268205683467448e-13,4.488181061678273e-14,6.593379242594167e-14,2.5146158718410516e-15,1.5622864948273886e-15,1.825250469068658e-14,5.615677008022928e-14,1.5433482842207436e-13,1.9060756536641007e-13,2.2762106129861437e-13,6.574477604927694e-16,0.0,5.775482924330972e-16,8.001571939267677e-15,5.255325508657043e-15,1.4178290623848394e-14,3.048633385104815e-14,6.799896535364388e-17,1.1872253814642984e-15,1.7463546199635405e-14,5.5774582589322875e-14,1.289226933201661e-13,1.859483922667954e-13,2.1530141043681444e-15,4.352854315941233e-18,0.0,7.05674164241846e-16,7.943130209210131e-15,2.508320098991752e-14,4.850692983641882e-14,9.038965326806087e-16,6.805569129495879e-17,1.4249974054651656e-15,1.7323398318202577e-14,5.500683954385849e-14,1.4302681263865698e-13,2.31965745460779e-13,9.682897779818095e-15,5.627749103214003e-16,0.0,5.863168214011001e-16,9.21830068021853e-15,3.2381248188912786e-14,5.681754102066415e-14,8.512092504939511e-14,2.488284246561244e-16,0.0,6.488716962308358e-16,6.437562532604152e-15,2.899482030756919e-14,6.891709350705502e-14,3.621880742221908e-15,2.6758303050557582e-16,1.3264971034575567e-15,1.481596950078111e-14,5.618701654354342e-14,1.2580149249581315e-13,2.434085504433149e-13,1.0187104133151623e-14,6.859567863203305e-16,1.3031647832626898e-15,1.794377662237186e-14,5.741670654120972e-14,1.164835120634619e-13,2.409852881146399e-13,1.1349920627589263e-14,6.7326871442374e-16,0.0,7.283820647223079e-16,6.514640022961583e-15,2.3752013621412973e-14,5.2492503258332045e-14,4.3235304472360146e-15,2.682852932270902e-16,0.0,8.077640218303753e-16,9.069509916899708e-15,3.690714516580719e-14,5.796407352428804e-14,8.984922123076746e-14,4.581043628973858e-15,0.0,5.821317788226733e-16,8.59246021649227e-15,2.5570273706643512e-14,6.91438365442566e-14,1.1235955614575468e-13,4.448484971571846e-15,4.199046009891313e-16,5.732713128997029e-15,2.716000974890154e-14,6.672299242428367e-14,1.4985334979166482e-13,6.912256019533266e-15,3.705258760383544e-16,1.5246516949782209e-15,1.8071890436556076e-14,6.84558238015383e-14,1.287106690510456e-13,2.566434974192523e-13,1.2455434682979086e-14,3.131567609467506e-17,7.134841316123817e-16,8.194662188140911e-15,2.5794058067357277e-15,1.0501308975285215e-14,2.987629251066027e-14,5.500225984907322e-14,2.2371353854306312e-15,0.0,8.108781285285542e-16,8.690242125094267e-15,3.2781292998529665e-14,7.189424556059906e-14,1.14283408625068e-13,5.671079824931351e-15,0.0,7.512623170357249e-16,8.17403045706768e-15,3.006105932630435e-14,5.627492311694407e-14,3.604707403490484e-15,2.855832948433924e-16,1.4685327922411287e-15,1.8288674958815717e-14,5.1149883979929186e-14,1.5126637181204718e-13,2.3557477584802477e-13,1.2570568189741803e-14,5.013754639975136e-16,1.3401659129498789e-15,1.8563845572987096e-14,5.740234486429709e-14,1.5562601385174558e-13,2.2690644059409408e-13,1.0040027227020713e-14,4.883848324835736e-16,1.3224594709158005e-15,1.5089717492096774e-14,6.191430343604664e-14,1.6300457705105027e-13,2.5155900361809564e-13,1.0837020061416675e-14,6.136688667818347e-16
1.060058908774289e-15,1.3433489882362388e-14,5.2896162232962733e-14,1.011826621506823e-13,1.4121324195457887e-13,8.80443780403821e-15,5.111524844513572e-16,1.2584577721583039e-15,1.140690394264804e-14,5.2172813231501303e-14,1.1776322966988088e-13,1.3274255826198296e-13,7.4021216807955e-15,3.695654834307458e-16,7.768648384200002e-16,1.1718989593244523e-14,4.505255174599038e-14,8.709351746191146e-14,1.3099073326602386e-13,1.8993618601157302e-13,3.3329994191508624e-16,9.602930746473631e-16,1.0572906908273829e-14,4.3126159723934465e-14,8.965480732339477e-14,1.8323349323986566e-13,7.549594260354765e-15,8.778642423892531e-17,5.50247119375809e-16,7.003702139223489e-15,2.898719510558346e-14,8.672162401424161e-14,1.1344823717478946e-13,1.6085528386022507e-15,8.835805421600094e-17,7.7883316391918e-16,9.601324874891778e-15,4.84425023352325e-14,1.059599644576775e-13,1.803301151375755e-13,7.584177973702561e-15,1.0836185481541392e-16,0.0,4.022084825930537e-16,4.9119931028794265e-15,1.8884534943293123e-14,4.358029537580685e-14,6.422413561957211e-14,4.2777417601519745e-15,1.053709294888143e-15,1.0993341627314405e-14,5.534076115647943e-14,9.642602094994588e-14,1.4531700950083666e-13,9.467217894562966e-15,3.910043943889793e-16,0.0,4.868516267387801e-16,6.001420117897504e-15,1.8737476541970225e-14,4.14028249486787e-14,6.669451643704537e-14,4.051278201187472e-15,9.226260557941982e-16,1.2065098377830426e-14,5.102921574724318e-14,9.085721721786399e-14,3.236162872679893e-14,4.784418787318477e-14,1.830881130706138e-15,1.0849213085338942e-15,1.2828367047192655e-14,3.9876004125975075e-14,1.1057891222010545e-13,1.3766354896591296e-13,1.655904568004384e-13,4.782746705336832e-16,0.0,4.010750450430784e-16,5.623237655049751e-15,3.722895572406755e-15,1.0124220586419678e-14,2.193964007913249e-14,4.8930462161622796e-17,8.244616909989748e-16,1.2271481152927986e-14,3.95954383156165e-14,9.235422278296369e-14,1.3428522974899778e-13,1.557762743010291e-15,3.0912912529994482e-18,0.0,4.900517364430157e-16,5.5820812760749775e-15,1.781150731639267e-14,3.4763512116428966e-14,6.491306149913271e-16,4.888737936700528e-17,9.895809207567622e-16,1.2173250416467756e-14,3.905085886518964e-14,1.0245435108057005e-13,1.674985054916784e-13,7.0204945602639455e-15,4.0877981420306135e-16,0.0,4.0716394665661295e-16,6.478027895704497e-15,2.2992557082492534e-14,4.071525950772649e-14,6.150255993374425e-14,1.7982863932186297e-16,0.0,4.506053399418638e-16,4.523212688826364e-15,2.0583181064129038e-14,4.937260047926363e-14,2.6072408698930675e-15,1.929798604269499e-16,9.211790916960562e-16,1.0412687133332384e-14,3.989598185733749e-14,9.013307485482483e-14,1.7579901954668273e-13,7.388203478072828e-15,4.985155494828171e-16,9.049746967276122e-16,1.2610525599094218e-14,4.0767729434705675e-14,8.345453547823508e-14,1.7404232021199247e-13,8.231043545476615e-15,4.892296681759542e-16,0.0,5.05820429162419e-16,4.578118984498005e-15,1.6864921505954462e-14,3.7613694181173015e-14,3.1128754244118413e-15,1.93546000702577e-16,0.0,5.609471743726384e-16,6.373310508381182e-15,2.620491063094696e-14,4.153476784414756e-14,6.491506959576881e-14,3.3255668411232613e-15,0.0,4.0425834260484167e-16,6.037954194616951e-15,1.8154408933940218e-14,4.9539761628921163e-14,8.116468365420857e-14,3.2286982950190917e-15,2.9160094084771326e-16,4.0208854495803084e-15,1.9235319479840403e-14,4.767745060247459e-14,1.0795216369915161e-13,5.001016935073977e-15,2.686674186635326e-16,1.0587856444273848e-15,1.2699706294576843e-14,4.8600838068847826e-14,9.220390144137274e-14,1.853347859240514e-13,9.032898268564774e-15,2.2590259412283077e-17,4.954756218699343e-16,5.7523284468261716e-15,1.8165600889426074e-15,7.447119623743978e-15,2.1355624083212824e-14,3.962658419433186e-14,1.619609870347214e-15,0.0,5.631103607753556e-16,6.10691743727644e-15,2.327511391465143e-14,5.151268049136595e-14,8.255870736812535e-14,4.1163452117556825e-15,0.0,5.2170972276129795e-16,5.7441548894526425e-15,2.1343701955730454e-14,4.032155733408384e-14,2.595188646958165e-15,2.0602018652535504e-16,1.0198136979495014e-15,1.2851433788018767e-14,3.6313163565112826e-14,1.0835967088687254e-13,1.7011566117262107e-13,9.116067081984057e-15,3.6441358544101154e-16,9.306702959792414e-16,1.3046896739356023e-14,4.0760803406787733e-14,1.1151148301374783e-13,1.639015525585946e-13,7.282839230333795e-15,3.5504611328701924e-16,9.183743648850651e-16,1.0604980391852106e-14,4.3962296557656704e-14,1.1678790019397865e-13,1.8168410773184559e-13,7.858973787481914e-15,4.458710407256306e-16
7.361514604892687e-16,9.440723502740221e-15,3.7557152050662586e-14,7.249011586938771e-14,1.0198367902162748e-13,6.385250182732642e-15,3.7147082274182753e-16,8.739287239215544e-16,8.017097072008003e-15,3.7047897901110805e-14,8.438108798515997e-14,9.588155290469515e-14,5.369235429664175e-15,2.6865259593799616e-16,5.394894508347386e-16,8.233759173865385e-15,3.197662430799302e-14,6.23702296898275e-14,9.455808146174481e-14,1.3810713898632882e-13,2.423723179804343e-16,6.66871129304007e-16,7.430409917081355e-15,3.062060295021921e-14,6.423221136756544e-14,1.323328300781578e-13,5.475692662730164e-15,6.365460531300069e-17,3.8211595496999807e-16,4.9183597406994685e-15,2.055971251041254e-14,6.205726171748539e-14,8.183474224578877e-14,1.162344211987654e-15,6.38272458061288e-17,5.408565400684181e-16,6.745941859595052e-15,3.4382454461780697e-14,7.587911185666988e-14,1.3016869413569822e-13,5.497306984089158e-15,7.844544090310015e-17,0.0,2.793111596799794e-16,3.4513228181427482e-15,1.3405209216512622e-14,3.1216810349278666e-14,4.638053619039202e-14,3.103706802045447e-15,7.317437216350663e-16,7.726760213749394e-15,3.929887819161054e-14,6.909337800000996e-14,1.0496371444239816e-13,6.867126661950724e-15,2.8423426175660564e-16,0.0,3.380916635714996e-16,4.216843677424207e-15,1.3301013044527258e-14,2.9657320577157106e-14,4.816458808904535e-14,2.9394319412276488e-15,6.407120330750743e-16,8.47850497346137e-15,3.622691404158719e-14,6.508167922877046e-14,2.333009279119445e-14,3.471124882025949e-14,1.3328290471775272e-15,7.534176210675896e-16,9.015486889024846e-15,2.8311804436649842e-14,7.921548616263349e-14,9.940617251179061e-14,1.2043754571005733e-13,3.478805689178102e-16,0.0,2.785237743716441e-16,3.951545283539362e-15,2.6370770685839394e-15,7.228440867455879e-15,1.5786355240229648e-14,3.5206375802046804e-17,5.725421626485113e-16,8.622465451572802e-15,2.8106144297610518e-14,6.614755441371212e-14,9.695699839581099e-14,1.1269294042419446e-15,2.195691643589456e-18,0.0,3.4031326315955897e-16,3.92256374898988e-15,1.2646323360344812e-14,2.4909822237963835e-14,4.661232877629721e-16,3.5116385917973543e-17,6.872084770619976e-16,8.55361817223444e-15,2.7719912166648738e-14,7.337925383167063e-14,1.209244538911341e-13,5.089262615717331e-15,2.9688656362607247e-16,0.0,2.8275241761209745e-16,4.5520187224433306e-15,1.6324016817490598e-14,2.917156102036875e-14,4.4428554265446546e-14,1.2994698359542541e-16,0.0,3.12919908846509e-16,3.177919076186435e-15,1.4610047232949462e-14,3.536499847042215e-14,1.8765686948494126e-15,1.3916319399034062e-16,6.397082244218094e-16,7.317530230125407e-15,2.8324931703469084e-14,6.456717983396364e-14,1.2694406782874412e-13,5.357353250603812e-15,3.6224579905436175e-16,6.284544035410773e-16,8.861800525485111e-15,2.89428477707163e-14,5.978121811388e-14,1.2567089327675696e-13,5.968164441056099e-15,3.55451905178822e-16,0.0,3.5126344740173947e-16,3.2170163576226022e-15,1.1973319946966616e-14,2.6947765183776356e-14,2.2408923715237937e-15,1.3961411040313047e-16,0.0,3.8954643145350057e-16,4.478329269411228e-15,1.8603779501492486e-14,2.975723078027291e-14,4.6890954718926576e-14,2.4136907131139052e-15,0.0,2.8073549215869156e-16,4.242600453536107e-15,1.288770454823871e-14,3.548811058819075e-14,5.861888492346964e-14,2.342926144998995e-15,2.0250126646968017e-16,2.8200835803268026e-15,1.3621505140868312e-14,3.406339764550313e-14,7.775316950194568e-14,3.6176433631383414e-15,1.9478626496373263e-16,7.352670700904814e-16,8.923872140193987e-15,3.4500408107121916e-14,6.60410310755386e-14,1.3381325720799273e-13,6.549648920641783e-15,1.6295992634833152e-17,3.4408098339650406e-16,4.03767266288995e-15,1.2792802307997443e-15,5.280801000682959e-15,1.526309313648847e-14,2.8544207264994885e-14,1.1723388340932512e-15,0.0,3.91049733326599e-16,4.291231547403329e-15,1.652357536167455e-14,3.6903084825996626e-14,5.962874747866544e-14,2.9872619051217e-15,0.0,3.622983152593576e-16,4.036319307169381e-15,1.515241645048316e-14,2.8886042215024616e-14,1.8681175471594903e-15,1.4860870410469654e-16,7.082033316043256e-16,9.030068603803495e-15,2.5776900293078163e-14,7.761089347512534e-14,1.228217962702964e-13,6.609719478219918e-15,2.648295816165041e-16,6.462983937028111e-16,9.168863980629899e-15,2.8940236457500206e-14,7.988877465733906e-14,1.1836789230216117e-13,5.281883915723673e-15,2.5807611103169665e-16,6.377600358483511e-16,7.452601805301353e-15,3.1211616484225315e-14,8.36614026266958e-14,1.3119261402926822e-13,5.698308462609152e-15,3.239138827846589e-16
5.112158152029615e-16,6.634238568210556e-15,2.6662938296135302e-14,5.1925532158622115e-14,7.363790519887631e-14,4.629961622074626e-15,2.6992392004161763e-16,6.068949008815007e-16,5.634241642793247e-15,2.6304448920531e-14,6.045181519865269e-14,6.924283341584475e-14,3.893955440515125e-15,1.9526820013698527e-16,3.7464503471475065e-16,5.784644288524329e-15,2.2693121823529804e-14,4.465807337378241e-14,6.824547226651304e-14,1.0039905252024908e-13,1.7622536952942823e-16,4.631052362735208e-16,5.221562317225082e-15,2.1738688123616795e-14,4.6010991357469804e-14,9.555330618709042e-14,3.9707879363326176e-15,4.615218076370924e-17,2.6535785832911404e-16,3.453707642352127e-15,1.4580726148659302e-14,4.440086358690697e-14,5.901967923656526e-14,8.398082634862321e-16,4.6104643486625125e-17,3.7559544160180806e-16,4.739410049624944e-15,2.4400334706873246e-14,5.432927918864073e-14,9.394253109665831e-14,3.9839755757052485e-15,5.678469650464069e-17,0.0,1.9396600047518033e-16,2.4248438759342818e-15,9.51455783197847e-15,2.2357156001171152e-14,3.348789265167241e-14,2.251460320678855e-15,5.081561914591762e-16,5.430423808728712e-15,2.7903665463765665e-14,4.9500267950131047e-14,7.580136408882038e-14,4.980238574294184e-15,2.0659131264739593e-16,0.0,2.347858843854593e-16,2.9627214681341143e-15,9.440739084176562e-15,2.1240436886616034e-14,3.4776041580897346e-14,2.1323191796754875e-15,4.449381640032734e-16,5.957681035722216e-15,2.5715279965932737e-14,4.661099143685482e-14,1.6816253529786025e-14,2.517861237358468e-14,9.700964166041658e-16,5.232071891844049e-16,6.335430813685506e-15,2.0098816843237996e-14,5.6738500572649124e-14,7.176689552001195e-14,8.757763322212134e-14,2.5299951897631897e-16,0.0,1.9341923345810434e-16,2.776623071114223e-15,1.8677796497199854e-15,5.1602830554257795e-15,1.1356987609153008e-14,2.5329549501151534e-17,3.975984269868977e-16,6.058095052872536e-15,1.994827758311985e-14,4.736975706992395e-14,6.999162128079547e-14,8.151417133583896e-16,1.5598036147274265e-18,0.0,2.3632806477244226e-16,2.7562217049762333e-15,8.977888283045164e-15,1.7846186788998403e-14,3.3467635615875134e-16,2.5223368547564952e-17,4.772281733038845e-16,6.00984743108009e-15,1.967438226945654e-14,5.254687259156206e-14,8.728392621783572e-14,3.688648250058065e-15,2.1559460822610056e-16,0.0,1.9635533601456816e-16,3.1984215735171365e-15,1.1588133327082142e-14,2.0897317591424575e-14,3.208812016634598e-14,9.389057915194013e-17,0.0,2.1730510631230657e-16,2.2325931061126758e-15,1.036903956955365e-14,2.5327412088023012e-14,1.3504689956325302e-15,1.0034492547658067e-16,4.442414377323694e-16,5.142041101037333e-15,2.0107390214582916e-14,4.6245509368540656e-14,9.164833295756771e-14,3.88405615598724e-15,2.631909943906762e-16,4.3642620320890055e-16,6.227019080739809e-15,2.0545341641315546e-14,4.2816357732912694e-14,9.072581775329066e-14,4.326639691003434e-15,2.582214323668057e-16,0.0,2.439322064968126e-16,2.2604201950807854e-15,8.499469857477416e-15,1.9303157468021728e-14,1.612935385154535e-15,1.0070049053332386e-16,0.0,2.705181167347981e-16,3.1465684089463217e-15,1.3205857873219574e-14,2.13158071130039e-14,3.3864601433622166e-14,1.7515116717508551e-15,0.0,1.949552325756945e-16,2.9808784970651857e-15,9.14779415915675e-15,2.5417985037177936e-14,4.2327463910446267e-14,1.6998325131399212e-15,1.406260597003806e-16,1.9777950381024673e-15,9.64512386875031e-15,2.4333307499583775e-14,5.59921922242244e-14,2.6165119445079828e-15,1.412042609994534e-16,5.106015815034698e-16,6.270220573617742e-15,2.448795105039655e-14,4.729431481867886e-14,9.659568722358211e-14,4.74823607611615e-15,1.1755484346769902e-17,2.389457889576644e-16,2.833962137360871e-15,9.008824419619141e-16,3.744367806774374e-15,1.0907324930646807e-14,2.0557744926204383e-14,8.484403692663451e-16,0.0,2.7156299578152265e-16,3.0151688902104036e-15,1.172906306492963e-14,2.643262976952885e-14,4.305885998638526e-14,2.167459129945968e-15,0.0,2.5159581336166517e-16,2.83605682965469e-15,1.0755757006180372e-14,2.06903539443066e-14,1.3445476058435593e-15,1.0718539783731564e-16,4.918075907251822e-16,6.344546412485935e-15,1.829553057471333e-14,5.5578679115284334e-14,8.86590445032097e-14,4.7916146401658025e-15,1.9243270295449672e-16,4.488179676350031e-16,6.4430758022283164e-15,2.054510106245121e-14,5.722441349650613e-14,8.546734587245462e-14,3.830007840580227e-15,1.8756480419144603e-16,4.428888581180965e-16,5.236916050678747e-15,2.215640486560459e-14,5.992146157871388e-14,9.471485447060934e-14,4.130956880717463e-15,2.352853533784663e-16
3.550109783260056e-16,4.661724841953971e-15,1.8926522630987033e-14,3.7188906994578164e-14,5.3160438925545036e-14,3.3566063261490503e-15,1.961104971861411e-16,4.2145458663847755e-16,3.959344998057737e-15,1.8674188958516182e-14,4.3301525488198195e-14,4.999543755830531e-14,2.8235299271007153e-15,1.4190982750255584e-16,2.6016967627521013e-16,4.0637415873743614e-15,1.610292898960509e-14,3.197086871485929e-14,4.924555232669412e-14,7.29707980305575e-14,1.2811245556168691e-16,3.2160056353836236e-16,3.6690836020232265e-15,1.5431221170344325e-14,3.295342186618076e-14,6.898268493778103e-14,2.8789705236982433e-15,3.345903814300075e-17,1.842757956334139e-16,2.425071835492691e-15,1.0339343620969384e-14,3.176322805949534e-14,4.2557484459284666e-14,6.06695504240737e-16,3.330127109761883e-17,2.6083069541049044e-16,3.3294814124421015e-15,1.7314241858741783e-14,3.889355445807082e-14,6.778540945266257e-14,2.88674945363265e-15,4.110225420894114e-17,0.0,1.3469837194904946e-16,1.7035403318726351e-15,6.7522985095078486e-15,1.6009394733569406e-14,2.4174374324124345e-14,1.6329246971606475e-15,3.528866984024602e-16,3.816269985573008e-15,1.981021616508864e-14,3.5457522531341465e-14,5.473067198263055e-14,3.611172106462713e-15,1.5013734517023598e-16,0.0,1.630456870898551e-16,2.0814434951842995e-15,6.700009279429275e-15,1.5209864952604187e-14,2.5104290572193514e-14,1.5465326854811712e-15,3.089848093501054e-16,4.186057005426163e-15,1.8251527503697392e-14,3.337711623340087e-14,1.2119076762594608e-14,1.8260577570588567e-14,7.059633180894918e-16,3.633382971710539e-16,4.451769329644034e-15,1.426661297479111e-14,4.063277460980644e-14,5.1802682133612616e-14,6.366930945632973e-14,1.8396957248349813e-16,0.0,1.3431901076896143e-16,1.950910783044712e-15,1.3227858670206636e-15,3.683400531040934e-15,8.169096955647665e-15,1.822204189513859e-17,2.761101925732063e-16,4.2560963698037296e-15,1.4156570882073972e-14,3.391717272635795e-14,5.051610440924345e-14,5.895360920552552e-16,1.1082388030812995e-18,0.0,1.6411614298157172e-16,1.93654531777492e-15,6.3728114313746004e-15,1.2783471365277932e-14,2.402727174392795e-16,1.8116566585877663e-17,3.314086729399397e-16,4.222282311618581e-15,1.3962352170535596e-14,3.76228681997924e-14,6.299008805191901e-14,2.6730392151498255e-15,1.5654226800355258e-16,0.0,1.3635747935255328e-16,2.24717621673527e-15,8.225220103031705e-15,1.4967544832502466e-14,2.3170763182176595e-14,6.783070877491572e-17,0.0,1.5090654634316684e-16,1.5683664227864578e-15,7.358237577245143e-15,1.813586170468465e-14,9.71721622752256e-16,7.234769122600303e-17,3.0850039316693157e-16,3.6130720082683105e-15,1.427217788032288e-14,3.311754198527827e-14,6.615363722830087e-14,2.815430578319159e-15,1.9119708832770724e-16,3.0307379802000717e-16,4.375305358148557e-15,1.4582540470968306e-14,3.0660936227873536e-14,6.548536566273632e-14,3.1360667811523115e-15,1.8756314296265505e-16,0.0,1.6939729181728415e-16,1.5881648042967876e-15,6.03276672352543e-15,1.382495304025704e-14,1.160779448038155e-15,7.262579010618671e-17,0.0,1.8785958470418417e-16,2.2106935358077997e-15,9.373019443969963e-15,1.5266531424522445e-14,2.445214912150845e-14,1.2707512676777451e-15,0.0,1.3538545928510013e-16,2.094240381604603e-15,6.492399156837553e-15,1.8202436843096166e-14,3.0557801708658953e-14,1.233022018724544e-15,9.765691232260013e-17,1.3870077836532131e-15,6.828852688211072e-15,1.7380135281176108e-14,4.031440874175707e-14,1.892124579633793e-15,1.0234914913310881e-16,3.5458420176270305e-16,4.405373046925776e-15,1.7379166274855932e-14,3.3863763631535464e-14,6.971617227385555e-14,3.4416795022833575e-15,8.480012507029628e-18,1.6593459445652084e-16,1.988989395799882e-15,6.343914967974311e-16,2.6547560185211813e-15,7.79363155512247e-15,1.480334402157722e-14,6.139250340415667e-16,0.0,1.8858596544014951e-16,2.1184162870175245e-15,8.3247386465481e-15,1.8929886562996772e-14,3.1087398218569134e-14,1.5723359480401352e-15,0.0,1.7471891230397515e-16,1.9925764787020465e-15,7.6339260124038e-15,1.4817596236829004e-14,9.675761520693953e-16,7.730087738137307e-17,3.4153249245232233e-16,4.457390416027964e-15,1.2983972093273656e-14,3.97946666701274e-14,6.398644091523757e-14,3.4730004495908172e-15,1.3980793014717275e-16,3.116790187344207e-16,4.527312289755903e-15,1.4583507028216563e-14,4.098332872075085e-14,6.169967212393228e-14,2.776730346635898e-15,1.362998196459832e-16,3.07561964263456e-16,3.679703040972413e-15,1.5726426930669204e-14,4.291117481775797e-14,6.836657903182088e-14,2.994197270455714e-15,1.7088533299275097e-16
2.46535369090713e-16,3.275458464135857e-15,1.343326511882772e-14,2.663034041274283e-14,3.8370095557564957e-14,2.4330309732822868e-15,1.4246337226407402e-16,2.9267637246420545e-16,2.7821527110228106e-15,1.3255671210008554e-14,3.101182658811498e-14,3.60912982662582e-14,2.046996390104803e-15,1.031179215193049e-16,1.8067293243374532e-16,2.8546071021333293e-15,1.1425226123063121e-14,2.2884496285858164e-14,3.5528676194247386e-14,5.302437074025672e-14,9.312181489459754e-17,2.23333443984513e-16,2.5780095459894445e-15,1.0952549746786731e-14,2.3597736491948443e-14,4.979108638720619e-14,2.08699343916381e-15,2.4254519168609002e-17,1.2796884669346602e-16,1.7026955263303357e-15,7.330929589431113e-15,2.2719188028997856e-14,3.068144787751991e-14,4.382351729972245e-16,2.4052229843138432e-17,1.811327404165612e-16,2.338840663925381e-15,1.2284599360766846e-14,2.783903330760771e-14,4.8902304461544195e-14,2.0913547517286442e-15,2.974884473673576e-17,0.0,9.354018356418887e-17,1.1967179957617117e-15,4.7914130087399025e-15,1.1462102989789279e-14,1.744773323957332e-14,1.1840960302629155e-15,2.4506002820296645e-16,2.681724642402089e-15,1.4062561191964548e-14,2.5394497993109247e-14,3.950948379946113e-14,2.61799962755844e-15,1.0909545797576474e-16,0.0,1.1322620565178115e-16,1.462210134413498e-15,4.754374606991804e-15,1.0889763725219654e-14,1.8118914165734904e-14,1.1214627189910287e-15,2.1457252543944125e-16,2.9410558956914954e-15,1.295256555022918e-14,2.3896873171648988e-14,8.73248405407289e-15,1.3240941729721783e-14,5.136607970237347e-16,2.5231773946480386e-16,3.1279449872500948e-15,1.0125570266328122e-14,2.909421623794363e-14,3.7385090078001354e-14,4.627789837568729e-14,1.3375477637603128e-16,0.0,9.327732089509702e-17,1.3706566796204546e-15,9.367309090325563e-16,2.628882407471349e-15,5.875100528238851e-15,1.3107839945905419e-17,1.9174307012299268e-16,2.9899074052487935e-15,1.0045224958039263e-14,2.4281185959521092e-14,3.6452842665002376e-14,4.2631292015189126e-16,7.875192901549386e-19,0.0,1.1396928566196813e-16,1.3605421411559382e-15,4.523094113649614e-15,9.155487656967618e-15,1.724797001271133e-16,1.3011514612440781e-17,2.301448237718665e-16,2.966212679144642e-15,9.907525406721827e-15,2.6933266772428258e-14,4.5449471527330706e-14,1.9367316710477275e-15,1.136502935704163e-16,0.0,9.469276153557687e-17,1.578734106851341e-15,5.8375357518003295e-15,1.0718662310212868e-14,1.6728279455877497e-14,4.899804574453394e-17,0.0,1.0479613437656366e-16,1.1016820878437915e-15,5.221052875799746e-15,1.2984240225891099e-14,6.990957409687457e-16,5.215697568973063e-17,2.1423592718990198e-16,2.5385640865623485e-15,1.0129151853811586e-14,2.371254173143344e-14,4.774201485679841e-14,2.0404636652434292e-15,1.3887824136786149e-16,2.1046824982384474e-16,3.0740176830985875e-15,1.034907259039322e-14,2.19529405598167e-14,4.72580286397196e-14,2.272716187021265e-15,1.362217058363629e-16,0.0,1.1763713608826931e-16,1.1157656461055499e-15,4.281436910239644e-15,9.89986474825436e-15,8.352562972284602e-16,5.237303508242371e-17,0.0,1.3045785587618171e-16,1.5530675496267838e-15,6.6518240603043056e-15,1.093223959001916e-14,1.7652374877762712e-14,9.217747421632626e-16,0.0,9.401743540469028e-17,1.471227585424758e-15,4.607258945026204e-15,1.3033132606538595e-14,2.2056571152058428e-14,8.942385895121e-16,6.781716121478471e-17,9.726480227129302e-16,4.834428183391987e-15,1.2412083900008877e-14,2.902133098815073e-14,1.3680653741972615e-15,7.417668188427051e-17,2.462392609002937e-16,3.0949476353942517e-15,1.2332585865294034e-14,2.4243402023171447e-14,5.030687818365455e-14,2.4942082489759776e-15,6.1171213638170575e-18,1.152324223792269e-16,1.3958733453134603e-15,4.467172566504349e-16,1.882081605479317e-15,5.568112094920133e-15,1.0657905816112598e-14,4.44156447217331e-16,0.0,1.3096240485380726e-16,1.4882705930549642e-15,5.907802313469941e-15,1.355458998286774e-14,2.243995824814035e-14,1.1403998590493457e-15,0.0,1.2133267320729742e-16,1.3998625370724665e-15,5.4175550000793875e-15,1.061007005561341e-14,6.961963456407694e-16,5.574303086476628e-17,2.371756171996722e-16,3.1313524569195856e-15,9.213380424266866e-15,2.848875580148162e-14,4.617118448861993e-14,2.5168206831881258e-15,1.0156067579442137e-16,2.164435705105607e-16,3.1809587400529998e-15,1.0350556585309382e-14,2.934702183275365e-14,4.4533075042387e-14,2.0127572307137035e-15,9.90328151254444e-17,2.1358444988782336e-16,2.5853543148909184e-15,1.1161154210913241e-14,3.0724857677572154e-14,4.9338683144836804e-14,2.1698786633239e-15,1.240966546344198e-16
1.712048049329018e-16,2.301269581899368e-15,9.533244761718195e-15,1.906653641445174e-14,2.7689506825533916e-14,1.763272632333858e-15,1.0347802366883726e-16,2.0324736410292585e-16,1.954827984954552e-15,9.408266838709997e-15,2.2206626082270865e-14,2.604906151657591e-14,1.4837663716505592e-15,7.491982692215957e-17,1.2546725434731556e-16,2.0051102101524047e-15,8.105405680493125e-15,1.637801941649778e-14,2.562775730087005e-14,3.852208224745535e-14,6.767813957565715e-17,1.5509254851468773e-16,1.811264603302081e-15,7.772820385467417e-15,1.689552591216321e-14,3.5931973125104273e-14,1.5126167743930306e-15,1.7580494584627762e-17,8.88672383746305e-17,1.1954265928946787e-15,5.197297222385972e-15,1.6247881154078662e-14,2.2115525040515283e-14,3.1651125685014276e-16,1.737106917172665e-17,1.257867339875907e-16,1.6428449811509319e-15,8.715019852314427e-15,1.9923429884580678e-14,3.5273000527482245e-14,1.5148619832414513e-15,2.1530002537220024e-17,0.0,6.495819202075643e-17,8.406264482344387e-16,3.3995770015438995e-15,8.205133268855009e-15,1.2590411704339577e-14,8.584740812111196e-16,1.7018062854347518e-16,1.8843393261946544e-15,9.981317166995432e-15,1.818452733657331e-14,2.8516059386322797e-14,1.8976449930507106e-15,7.926211337236305e-17,0.0,7.86290839657811e-17,1.0271337743478245e-15,3.3733423512478005e-15,7.795488176482323e-15,1.3074756281334516e-14,8.130738725840732e-16,1.4900889332031913e-16,2.066198562155387e-15,9.190972775803208e-15,1.7106678377879574e-14,6.291217563228815e-15,9.59943515424331e-15,3.736786887093735e-16,1.752206133628751e-16,2.1976381979723966e-15,7.185660090825339e-15,2.0829025040545936e-14,2.6975126825513118e-14,3.36298221063284e-14,9.723207366944003e-17,0.0,6.477599717871509e-17,9.629218307453962e-16,6.632876125783666e-16,1.8760343899508834e-15,4.224618527854781e-15,9.428173779174748e-18,1.3315471882891155e-16,2.100272132038793e-15,7.1270677972336e-15,1.7380109860850597e-14,2.6299740377831196e-14,3.082389882426054e-16,5.59692691072576e-19,0.0,7.914509609961603e-17,9.558006566396327e-16,3.209876789140506e-15,6.556080421840446e-15,1.2380150016174655e-16,9.344561979332952e-18,1.5982235342256474e-16,2.083665908560411e-15,7.029451381333079e-15,1.9277863672837964e-14,3.27872403704971e-14,1.403008316466647e-15,8.25002210580056e-17,0.0,6.575905559354165e-17,1.1090516665372446e-15,4.142476749402942e-15,7.674695793700576e-15,1.207474384458497e-14,3.538994985215356e-17,0.0,7.277493642142407e-17,7.738130009742676e-16,3.704178250174064e-15,9.294508280084877e-15,5.028860653254807e-16,3.759750906287636e-17,1.4877446323562077e-16,1.783487152493782e-15,7.187947086802249e-15,1.6975797282633868e-14,3.444819181633747e-14,1.4785575107439658e-15,1.00862460099548e-16,1.461586457396724e-16,2.159609548703593e-15,7.343761861594089e-15,1.571564543160065e-14,3.409775171639593e-14,1.6467607219090464e-15,9.89211232453877e-17,0.0,8.169221858947585e-17,7.838285356716507e-16,3.0381629476463056e-15,7.088036063806029e-15,6.009352515547594e-16,3.7764287490152354e-17,0.0,9.059546553000961e-17,1.090997594922558e-15,4.720094432490142e-15,7.827241816862364e-15,1.2741051556329659e-14,6.685081674298139e-16,0.0,6.52897907794406e-17,1.0334858125324612e-15,3.2691044403363654e-15,9.330387193096245e-15,1.591734913216e-14,6.48417270136025e-16,4.709518366661514e-17,6.820426082961768e-16,3.4221606213254724e-15,8.862911979662641e-15,2.088811821776355e-14,9.889970043152386e-16,5.3752393489485187e-17,1.7099925376599076e-16,2.1741779407437433e-15,8.75041904142234e-15,1.7353395530759445e-14,3.629443884247997e-14,1.80725781496396e-15,4.412577599356706e-18,8.002258697874309e-17,9.795706127533527e-16,3.1455370125267362e-16,1.334198553613264e-15,3.977617982779527e-15,7.672067778569112e-15,3.21280129330437e-16,0.0,9.094587085325807e-17,1.0454988294298213e-15,4.1920893032401105e-15,9.70412230765375e-15,1.619483312156702e-14,8.269648834742423e-16,0.0,8.425871640823637e-17,9.833947667851075e-16,3.844212934363169e-15,7.596087545328504e-15,5.008598813292805e-16,4.019324419812414e-17,1.6470563373380919e-16,2.199654442523731e-15,6.537024297750955e-15,2.0391768325926765e-14,3.3309882620492695e-14,1.8235791389695367e-15,7.376670914740924e-17,1.5030821647162512e-16,2.234839486003926e-15,7.34537743014505e-15,2.1011278853683354e-14,3.213664535715732e-14,1.4587256053103966e-15,7.194534565516381e-17,1.483225225699774e-16,1.8163426480003336e-15,7.920215897212435e-15,2.1995889394516473e-14,3.560000248554153e-14,1.57223189911638e-15,9.010724576982804e-17
1.1889198088815402e-16,1.6167171062927786e-15,6.764708855150612e-15,1.3648948321155117e-14,1.9978196695478413e-14,1.2776633816812321e-15,7.515113054656906e-17,1.4114412264423847e-16,1.3734302776933033e-15,6.676764568311168e-15,1.5898992310804017e-14,1.879749361955398e-14,1.0753215531543712e-15,5.442528741154003e-17,8.712981913699275e-17,1.4083233738113522e-15,5.74956846255518e-15,1.1719670184822238e-14,1.8482581004018792e-14,2.7980322494320952e-14,4.917933558117456e-17,1.077028886536483e-16,1.2724769076270126e-15,5.515580038609417e-15,1.2094986908751555e-14,2.5925631163009104e-14,1.0961278177139824e-15,1.274170055556916e-17,6.171339377656287e-17,8.392349216537476e-16,3.684250581965538e-15,1.1618148758074846e-14,1.5938261703501476e-14,2.2856874654175775e-16,1.2545067521714579e-17,8.735220684804132e-17,1.1538887680340448e-15,6.181960806824159e-15,1.425634216423342e-14,2.5437600557433485e-14,1.0970986876258786e-15,1.5580708825005786e-17,0.0,4.5109900496847704e-17,5.904528016022941e-16,2.4117687980945057e-15,5.872720814136735e-15,9.083616649470554e-15,6.222826443741399e-16,1.181813270051133e-16,1.3239567891913459e-15,7.083696618462656e-15,1.3019556925107567e-14,2.0577665755507888e-14,1.3752598521848509e-15,5.757919905041265e-17,0.0,5.46035708993251e-17,7.214654649482875e-16,2.3931922702592163e-15,5.57957006800387e-15,9.433070515029487e-15,5.893794599741398e-16,1.0347829259015315e-16,1.451481909021899e-15,6.521038232437102e-15,1.2244004207338313e-14,4.531695045067721e-15,6.958175255875094e-15,2.717990191562715e-16,1.216806120344369e-16,1.5439167733167403e-15,5.0987403342318274e-15,1.4909536496060805e-14,1.946024397062167e-14,2.4433401833519378e-14,7.067185234173235e-17,0.0,4.498322312028792e-17,6.764313876164363e-16,4.696253701820533e-16,1.3386224753933895e-15,3.037325348174911e-15,6.7809166641128604e-18,9.246836376150837e-17,1.475247843311846e-15,5.0560614694621595e-15,1.2438507198620179e-14,1.8971027206900676e-14,2.2283712666549167e-16,3.978318178350722e-19,0.0,5.49617464546485e-17,6.714202979625323e-16,2.2776646466131286e-15,4.693942507153876e-15,8.885231179510684e-17,6.710726762186219e-18,1.1098725042974007e-16,1.463611029463202e-15,4.986868689225729e-15,1.3796286446756732e-14,2.3648363781127345e-14,1.0161975760759606e-15,5.98805370400308e-17,0.0,4.566601966642317e-17,7.790514012304529e-16,2.9392713736718177e-15,5.494309285853221e-15,8.714073529938456e-15,2.555818850510063e-17,0.0,5.0538144939116934e-17,5.434855872200008e-16,2.627699456137922e-15,6.6522501129679085e-15,3.6169364744695472e-16,2.70996543030978e-17,1.0331525926382492e-16,1.2529199077706452e-15,5.100185975300176e-15,1.215108812918976e-14,2.485144517650184e-14,1.071206615281061e-15,7.324322567876119e-17,1.0149882328593119e-16,1.51710331206479e-15,5.2105694744815755e-15,1.1248762944137859e-14,2.4597760073729127e-14,1.1930045242092007e-15,7.1824891962321e-17,0.0,5.67304758094656e-17,5.506054479931647e-16,2.1556682835330726e-15,5.07404510350865e-15,4.3228876911543158e-16,2.7227723572905202e-17,0.0,6.291316656838459e-17,7.663527156319289e-16,3.3489600378351798e-15,5.603249669001159e-15,9.194417636149705e-15,4.847380255135155e-16,0.0,4.5340091220511106e-17,7.2593913996692e-16,2.3193396604735922e-15,6.678558647410273e-15,1.1484741847934934e-14,4.700833443172761e-16,3.2704949573731863e-17,4.782423453091592e-16,2.4222238863719023e-15,6.327742893273997e-15,1.5031662294535823e-14,7.148491986164867e-16,3.8947028464662566e-17,1.1874913964731933e-16,1.5272430726325963e-15,6.208027362279552e-15,1.2419631570983188e-14,2.618017469889084e-14,1.3092808133089756e-15,3.1829674442274697e-18,5.557106231736434e-17,6.873891807244875e-16,2.2148501465853131e-16,9.457373819404092e-16,2.8410962892581038e-15,5.521821148495197e-15,2.3235899888287265e-16,0.0,6.315667894753138e-17,7.344071689776563e-16,2.9743005865895225e-15,6.946375459774126e-15,1.1685528527911717e-14,5.995644975204656e-16,0.0,5.851278324820087e-17,6.907825132003663e-16,2.7274788774186476e-15,5.437430105426152e-15,3.602789021994476e-16,2.8978209518947184e-17,1.143791204961816e-16,1.5450702761317206e-15,4.637577843804511e-15,1.459383877578501e-14,2.4026740820024176e-14,1.3210603658764919e-15,5.3571780105606727e-17,1.0438107916071265e-16,1.5700232288704551e-15,5.2121093765590624e-15,1.5040881180709265e-14,2.3186605527437304e-14,1.0570138637267299e-15,5.225973242106483e-17,1.0300180914954989e-16,1.2759876086307129e-15,5.619716470867026e-15,1.574439873788e-14,2.5682186528344197e-14,1.1390013172031524e-15,6.541906480147811e-17
8.25639639402016e-17,1.1357218760156345e-15,4.79961917387945e-15,9.76921429111016e-15,1.441176003513619e-14,9.256337760261226e-16,5.457142582337705e-17,9.801670200987786e-17,9.648832755609553e-16,4.737745444759074e-15,1.1381233301713608e-14,1.3562096134463251e-14,7.791769830532985e-16,3.953174762674454e-17,6.050673324393945e-17,9.890977129039191e-16,4.077996007628287e-15,8.38501730983968e-15,1.3327108560097614e-14,2.0319139598747847e-14,3.57317449730311e-17,7.479364950125777e-17,8.938999000537277e-16,3.913391621792256e-15,8.657093958305461e-15,1.870239414355267e-14,7.941786079153509e-16,9.233828911189974e-18,4.285656806059046e-17,5.891410239904668e-16,2.6114095436755117e-15,8.306421789126577e-15,1.1484384330909159e-14,1.6504063572611308e-16,9.059316185132754e-18,6.066158720509278e-17,8.104074302213557e-16,4.3846546799975805e-15,1.019969066454347e-14,1.8341351497323966e-14,7.944120728186244e-16,1.127454314804219e-17,0.0,3.1326179512845024e-17,4.1470586291228045e-16,1.710792368111161e-15,4.20267959350979e-15,6.552340757740134e-15,4.509921217403163e-16,8.207047081787118e-17,9.301630915975894e-16,5.026680174429105e-15,9.320156313816891e-15,1.4846428945828556e-14,9.965062138784715e-16,4.1822145189904886e-17,0.0,3.791912751036378e-17,5.067281115213489e-16,1.6976390575778873e-15,3.9929265860153506e-15,6.80442429143838e-15,4.2715022043276333e-16,7.185965877506512e-17,1.0195822766701212e-15,4.626180373936765e-15,8.76223495975306e-15,3.2637458578879703e-15,5.042763231898692e-15,1.9766331218461774e-16,8.450049446573284e-17,1.0845811277485578e-15,3.617505836942818e-15,1.0670700984872482e-14,1.4036327901406887e-14,1.774813036076865e-14,5.1359418406311784e-17,0.0,3.123842512919407e-17,4.751462179869178e-16,3.324785481633336e-16,9.550447478152012e-16,2.1833715101105324e-15,4.876561563810378e-18,6.421428791812986e-17,1.0361577557792392e-15,3.586447439631751e-15,8.900572818786075e-15,1.3682023207102236e-14,1.610752650159841e-16,2.8281219361837034e-19,0.0,3.8168011201878e-17,4.7161970800764305e-16,1.615998454288998e-15,3.360182653043242e-15,6.376292513905365e-17,4.819005275529513e-18,7.707402265246358e-17,1.028002962357761e-15,3.5374085468858634e-15,9.87187899441669e-15,1.7053685864915446e-14,7.359087945298548e-16,4.3457222669710434e-17,0.0,3.1712357037591785e-17,5.472063009087387e-16,2.0853007920041946e-15,3.932758179074583e-15,6.287558902908759e-15,1.8455626287637722e-17,0.0,3.5095907564825955e-17,3.816920877944719e-16,1.863845233503998e-15,4.760404777035291e-15,2.6010618586845376e-16,1.9531093798010876e-17,7.174670077932826e-17,8.801318096382534e-16,3.618403972612806e-15,8.696287520841659e-15,1.792491493312039e-14,7.759514201829384e-16,5.31799815197977e-17,7.048514342728024e-17,1.06567897100357e-15,3.696595450174999e-15,8.05028079605647e-15,1.774131636497207e-14,8.641325707045785e-16,5.214403536484273e-17,0.0,3.939610112655655e-17,3.8675084867863394e-16,1.5293350501193705e-15,3.631742952046051e-15,3.1092689661912337e-16,1.962898156024938e-17,0.0,4.368943674773152e-17,5.382760579655696e-16,2.3758514353754634e-15,4.010546310052079e-15,6.633776922210933e-15,3.514200512881339e-16,0.0,3.148615320752852e-17,5.098793210154842e-16,1.6453203034298604e-15,4.779677775618319e-15,8.284956207816983e-15,3.4073356035343135e-16,2.271190141904482e-17,3.3532383132614124e-16,1.7143036971060117e-15,4.517126950092348e-15,1.0815363931260579e-14,5.166126742251351e-16,2.8216147789005075e-17,8.246424429158362e-17,1.0727344462519108e-15,4.4038134798346495e-15,8.887243012610806e-15,1.8881021883711685e-14,9.483559224041183e-16,2.295964924809706e-18,3.85908517482792e-17,4.823321308886239e-16,1.559476822102802e-16,6.703303180337539e-16,2.02906888395464e-15,3.973584970946428e-15,1.6802102130323813e-16,0.0,4.3858895810489895e-17,5.158476562031809e-16,2.1100336425802376e-15,4.971563144262245e-15,8.430213030251234e-15,4.3461441778758153e-16,0.0,4.0633576217364963e-17,4.852071935722064e-16,1.9349296974079984e-15,3.89162062658739e-15,2.5911936080758967e-16,2.0890421626585864e-17,7.943009101768976e-17,1.0852104037224503e-15,3.2896727209759534e-15,1.0442832220582353e-14,1.732755066930848e-14,9.568565280462514e-16,3.890026847395566e-17,7.248699013913911e-17,1.1029014426743313e-15,3.697961612777087e-15,1.0765325673831352e-14,1.672605675153835e-14,7.657958832628835e-16,3.795531649413063e-17,7.152910534759788e-17,8.963266385170497e-16,3.986957961305994e-15,1.1267930042094785e-14,1.8523982334279792e-14,8.250087534154183e-16,4.7488999133867714e-17
5.733626116201248e-17,7.977753355353805e-16,3.404981564026129e-15,6.991234584333016e-15,1.0394372163800409e-14,6.704833636601748e-16,3.9622100521395225e-17,6.806734198758374e-17,6.77819897436362e-16,3.361452635405122e-15,8.145957767619835e-15,9.78303339351798e-15,5.644933879390476e-16,2.870989169421022e-17,4.2018526949180557e-17,6.946216839089788e-16,2.8920789061831514e-15,5.998295558774798e-15,9.607960969545383e-15,1.4752594369512038e-14,2.595756781710531e-17,5.194015754971355e-17,6.279123550193764e-16,2.7762936928710933e-15,6.195446134090806e-15,1.3489177399736715e-14,5.753079738441805e-16,6.691019317181444e-18,2.9761658045551623e-17,4.1355047107671043e-16,1.8507821327022936e-15,5.937843448380162e-15,8.273673554491446e-15,1.1915460069446727e-16,6.541724505625673e-18,4.21264055101315e-17,5.6913512788193845e-16,3.109539910276786e-15,7.296278514200451e-15,1.322235439846017e-14,5.751406924837201e-16,8.1579139891567e-18,0.0,2.1754112724878916e-17,2.9125137990246617e-16,1.2134160611999636e-15,3.0070954581486124e-15,4.725565085782889e-15,3.2679220729596584e-16,5.69932565036229e-17,6.534539388090243e-16,3.5665784102620524e-15,6.670883308378256e-15,1.0709469153271832e-14,7.219397001353206e-16,3.037302819245741e-17,0.0,2.6332583508433668e-17,3.55882316718171e-16,1.2041042521463527e-15,2.8570380093109698e-15,4.9073773088765644e-15,3.0951908122965953e-16,4.990261314731967e-17,7.161504613665065e-16,3.2815466172435923e-15,6.2696122034455245e-15,2.3501853339182075e-15,3.653977340089436e-15,1.437251411135886e-16,5.868092304656159e-17,7.618542578018586e-16,2.5662895768818587e-15,7.635827129477048e-15,1.0122319838281524e-14,1.2889360608739417e-14,3.7319044858436625e-17,0.0,2.169328264278466e-17,3.3373638194350023e-16,2.3536388773675514e-16,6.812988374502284e-16,1.5692678412069851e-15,3.50673446171563e-18,4.459315379955651e-17,7.277124218924294e-16,2.543712530658844e-15,6.3679910537262635e-15,9.865761569280353e-15,1.1641589160141256e-16,2.0107077184445045e-19,0.0,2.6505755248391032e-17,3.312545484891609e-16,1.146415934946736e-15,2.4050299854481325e-15,4.575352285023541e-17,3.4603717831648796e-18,5.352354737620666e-17,7.219979733979167e-16,2.5089588858775792e-15,7.062728627170377e-15,1.2295811670027421e-14,5.328410931726868e-16,3.1534332770617606e-17,0.0,2.202228271023487e-17,3.8433326250641993e-16,1.4792717579978463e-15,2.814585000337428e-15,4.535878024692174e-15,1.3325260371660521e-17,0.0,2.4372182971147515e-17,2.680467718648994e-16,1.3218912109340648e-15,3.4060643988619277e-15,1.8702478585361781e-16,1.4074960327157335e-17,4.9823976300194813e-17,6.182197082879184e-16,2.5668392304610713e-15,6.222812475550588e-15,1.2926578908210959e-14,5.619822355409839e-16,3.860746773592222e-17,4.894811766515323e-17,7.485298154797364e-16,2.62222335933167e-15,5.760382891920468e-15,1.2793732301431645e-14,6.258146248631969e-16,3.785109711854704e-17,0.0,2.735851506671377e-17,2.716411997230777e-16,1.0848603769789451e-15,2.5990169322426897e-15,2.236051390564745e-16,1.4149483797001202e-17,0.0,3.0339616261914886e-17,3.78053118873786e-16,1.685306510006608e-15,2.87012144326422e-15,4.785375751914357e-15,2.5472146727206915e-16,0.0,2.1865278716199065e-17,3.581026082441513e-16,1.1670440625691815e-15,3.4201735957150656e-15,5.975560380626727e-15,2.469309784097667e-16,1.5772319585975016e-17,2.3510395409321937e-16,1.2131667695969165e-15,3.224169517594217e-15,7.780411551925136e-15,3.7329131029274097e-16,2.0439384482475345e-17,5.726666936854982e-17,7.534401778052518e-16,3.1235956084764545e-15,6.3585801127766224e-15,1.3614439099535018e-14,6.868090723831512e-16,1.656110291863349e-18,2.679923051404829e-17,3.3842780036491114e-16,1.0979918896659871e-16,4.750895212507369e-16,1.4489612689202706e-15,2.858995035874221e-15,1.2147783709098686e-16,0.0,3.045759812748034e-17,3.6230860172625157e-16,1.496730667963232e-15,3.557634011106957e-15,6.080622224240442e-15,3.1498677325803494e-16,0.0,2.821758874241676e-17,3.40789018330618e-16,1.3725233247031458e-15,2.7848422738152714e-15,1.8633745330509416e-16,1.5058460900491144e-17,5.5159979981562006e-17,7.621704543542279e-16,2.3332706673218516e-15,7.471395231128577e-15,1.2493982643808112e-14,6.929428945027202e-16,2.824294185499931e-17,5.0338160773545775e-17,7.747081983637684e-16,2.623382652993466e-15,7.70397658116558e-15,1.2063416219766391e-14,5.547170863048207e-16,2.756246843129241e-17,4.967319409318411e-17,6.295905159493316e-16,2.8282609260811056e-15,8.062994387434288e-15,1.3358501510742715e-14,5.974759846039224e-16,3.446881895478908e-17
3.9816829972972383e-17,5.603525638630661e-16,2.415312072535768e-15,5.002447442486576e-15,7.495502284299238e-15,4.85583175306252e-16,2.8764240272891724e-17,4.7268832939183736e-17,4.761292523469453e-16,2.3846933059365924e-15,5.829467582208896e-15,7.055712394852509e-15,4.088913374079857e-16,2.0847700550164375e-17,2.917956661730739e-17,4.877871692096866e-16,2.0508109366671216e-15,4.290299440063301e-15,6.92546987700995e-15,1.0708848820937498e-14,1.8854314100923292e-17,3.606946464823112e-17,4.41043058915987e-16,1.969375164262522e-15,4.433098479889252e-15,9.727357219380067e-15,4.1668582903308454e-16,4.847963500464531e-18,2.0667985154495016e-17,2.9027733730359113e-16,1.311564517805121e-15,4.244063779656757e-15,5.959552066063492e-15,8.601541360100943e-17,4.7234886432905936e-18,2.9254553578390694e-17,3.9966893523523284e-16,2.2050013394270214e-15,5.218572493535265e-15,9.530356088601853e-15,4.163232957406676e-16,5.902383885834556e-18,0.0,1.510685246425939e-17,2.045349869326085e-16,8.605449144585143e-16,2.151308496440518e-15,3.4074664153410648e-15,2.367536474438611e-16,3.9578534944394346e-17,4.590317013361297e-16,2.530300482351673e-15,4.773948033181015e-15,7.723866049484366e-15,5.229349433683878e-16,2.2055207814725883e-17,0.0,1.8286397675036607e-17,2.499260744279225e-16,8.539526041668174e-16,2.0439731262388546e-15,3.5385719256277004e-15,2.2424162547723824e-16,3.4654576721871795e-17,5.029892997273049e-16,2.327478983527773e-15,4.485404354245481e-15,1.6920713325496888e-15,2.647206812811571e-15,1.0448854415618634e-16,4.075064937694794e-17,5.351234227776406e-16,1.8203421813401926e-15,5.463286750065634e-15,7.298416271902373e-15,9.35882063130354e-15,2.7113021909417178e-17,0.0,1.5064834652961244e-17,2.3439756501829193e-16,1.6660162855502532e-16,4.859610284295712e-16,1.1277168390717112e-15,2.521477871618353e-18,3.096736045778605e-17,5.110522674500206e-16,1.8039435997039283e-15,4.555353109669138e-15,7.112669511958246e-15,8.412740425752982e-17,1.4297606210197806e-19,0.0,1.8406865478029004e-17,2.3265045708534775e-16,8.131935333265543e-16,1.7211191772354101e-15,3.282732812120941e-17,2.484640598059438e-18,3.716923444555909e-17,5.07048671101519e-16,1.7793171924664714e-15,5.0521993490400695e-15,8.863772950937833e-15,3.85744600261327e-16,2.287971979914748e-17,0.0,1.5293230187174527e-17,2.699218077008172e-16,1.0492472603982079e-15,2.0140250404025374e-15,3.2715955536321205e-15,9.619901474220615e-18,0.0,1.6925255121613305e-17,1.882261794988334e-16,9.374178373460378e-16,2.436666973443881e-15,1.344581577821676e-16,1.0142046597990955e-17,3.4599959734206345e-17,4.3421994299095675e-16,1.820669956456514e-15,4.452195564534042e-15,9.320344611067811e-15,4.0694741069892047e-16,2.8024500647540105e-17,3.399185309886117e-17,5.257309814402347e-16,1.8598960780035307e-15,4.1212300156345496e-15,9.224242018844916e-15,4.531462058171393e-16,2.7472299925316438e-17,0.0,1.899901985228178e-17,1.9077895438223361e-16,7.694778380987622e-16,1.8596750109771766e-15,1.60784382134402e-16,1.0198601896780048e-17,0.0,2.106903860589803e-17,2.655052816661534e-16,1.1953346473082924e-15,2.0536694548573655e-15,3.4513628135764674e-15,1.8459708395397063e-16,0.0,1.518410298379624e-17,2.514891589834405e-16,8.277046798190903e-16,2.446988873332883e-15,4.309106730428529e-15,1.7891950612746732e-16,1.0953011692351686e-17,1.6483018908593185e-16,8.584465705690244e-16,2.300997566029885e-15,5.59618535682567e-15,2.6968888923585815e-16,1.480421513487684e-17,3.9768380358117496e-17,5.291481568425168e-16,2.2153004256805312e-15,4.5487154318163344e-15,9.815130297599831e-15,4.973110177245936e-16,1.1945623244680095e-18,1.8610515796838364e-17,2.3744465782935645e-16,7.730473686479961e-17,3.366906466752067e-16,1.0345845524474732e-15,2.0567237430984628e-15,8.781326266189453e-17,0.0,2.115106799169808e-17,2.54453682130199e-16,1.0615711776961548e-15,2.5454458884380356e-15,4.385079151141138e-15,2.282449223767272e-16,0.0,1.959548153970567e-17,2.393407301748222e-16,9.734751243669112e-16,1.992530682809527e-15,1.3397988085003863e-16,1.0853505802295665e-17,3.8305797488954424e-17,5.352577010131172e-16,1.6547361003683383e-15,5.344665836926979e-15,9.007136383130895e-15,5.01735377196951e-16,2.0502565354119322e-17,3.495716649120778e-17,5.441413043916743e-16,1.8608527835726912e-15,5.5123546295706795e-15,8.698976063572984e-15,4.017500919611674e-16,2.001265595435839e-17,3.4495266231680235e-17,4.4220331261667224e-16,2.0060796126802095e-15,5.768771073852425e-15,9.631702439278147e-15,4.3262377089083565e-16,2.5015227641678877e-17
2.7650725730580837e-17,3.93563074185971e-16,1.7131029928148695e-15,3.578870871637976e-15,5.404122444516874e-15,3.5161397417814004e-16,2.0878993074561654e-17,3.2825406744245926e-17,3.344311706239408e-16,1.691564125107454e-15,4.1710967295217366e-15,5.087796852343808e-15,2.961303227684333e-16,1.5136543433802357e-17,2.026363902230979e-17,3.425196048474037e-16,1.4540985947949064e-15,3.0682010070150587e-15,4.991036508842894e-15,7.7719386939583e-15,1.3692865783771325e-17,2.5048249214184504e-17,3.097671618818507e-16,1.3968258815863806e-15,3.17159104066263e-15,7.013362242308766e-15,3.01747378694392e-16,3.512231272946738e-18,1.4352920590104762e-17,2.037380225164539e-16,9.293499454940127e-16,3.0330096953319677e-15,4.291947718388176e-15,6.208510870363499e-17,3.410400391812927e-18,2.031578574047986e-17,2.806461229690925e-16,1.5634133614625602e-15,3.731975895879982e-15,6.8680442912468155e-15,3.013120867945108e-16,4.270111999233813e-18,0.0,1.0490877321951844e-17,1.4362853508698875e-16,6.102242176432214e-16,1.5388407306581613e-15,2.4565779964648076e-15,1.7149210591237305e-16,2.7484887778421973e-17,3.2243498634040867e-16,1.7949094254207168e-15,3.415909832785274e-15,5.569587881104935e-15,3.787224888851256e-16,1.6013062240665663e-17,0.0,1.2698788847530653e-17,1.7550440859400651e-16,6.055576302884837e-16,1.4620750480973223e-15,2.5511027688413762e-15,1.6243050564621715e-16,2.406573781269676e-17,3.5325230815344864e-16,1.6506106999984614e-15,3.2084731743325488e-15,1.2180553610810693e-15,1.9174998442684413e-15,7.595108990709862e-17,2.8299236614281274e-17,3.7584371797209103e-16,1.2910777487025976e-15,3.9082949725758905e-15,5.261381927982416e-15,6.7939563690121705e-15,1.969536236393792e-17,0.0,1.0461808217866865e-17,1.6461683103165738e-16,1.179186105489959e-16,3.465893359448228e-16,8.102847787180435e-16,1.8128667243825663e-18,2.1505059802367182e-17,3.588759611523414e-16,1.2791758540208828e-15,3.2581997930564873e-15,5.126928132695163e-15,6.078603729044214e-17,1.0167782832687839e-19,0.0,1.2782678581151882e-17,1.6338705662921795e-16,5.767623360690325e-16,1.231503050020448e-15,2.3550540486053744e-17,1.7839452475704414e-18,2.581189465892488e-17,3.5607062582363816e-16,1.2617265804148086e-15,3.613473284760806e-15,6.38856340168366e-15,2.792100728618492e-16,1.6598321768618358e-17,0.0,1.0620198796716502e-17,1.895572925850674e-16,7.441479144926585e-16,1.4409527904058222e-15,2.359271131901739e-15,6.944052145133545e-18,0.0,1.1753755449644914e-17,1.3216675008756633e-16,6.646945387380884e-16,1.7429094546172933e-15,9.665293047664066e-17,7.307409152250506e-18,2.4027609919253885e-17,3.0496426820433554e-16,1.291263302280444e-15,3.1849137306575696e-15,6.718973989973297e-15,2.9463315718981757e-16,2.03397789977506e-17,2.3605547829902327e-17,3.6922415785926003e-16,1.319043514690565e-15,2.948069323420069e-15,6.6494679019415365e-15,3.280645162960401e-16,1.993681104245725e-17,0.0,1.3193874051410422e-17,1.3397895577539567e-16,5.457193697310622e-16,1.3304532978532195e-15,1.1559680932391926e-16,7.350189894213723e-18,0.0,1.4631147215871644e-17,1.8645203991088752e-16,8.477192535470903e-16,1.4692476353509386e-15,2.48877308686906e-15,1.337533918559684e-16,0.0,1.0544534964240811e-17,1.7660603505852574e-16,5.869686065403714e-16,1.7504549333642525e-15,3.1068260173492376e-15,1.2961694867297287e-16,7.606193883001138e-18,1.1555660290594912e-16,6.07387601536288e-16,1.641938980175178e-15,4.0244846627981924e-15,1.9480998807126364e-16,1.0721364791231561e-17,2.761687138188859e-17,3.7160224879521973e-16,1.5709489062176962e-15,3.2535177103466473e-15,7.074815590933422e-15,3.6003715947680408e-16,8.616233602394274e-19,1.2924007007542092e-17,1.6658447212097094e-16,5.4425411340807194e-17,2.385918752249027e-16,7.386266286554638e-16,1.4793492609638157e-15,6.346773794836938e-17,0.0,1.4688183149937605e-17,1.7869459001614311e-16,7.528469444357936e-16,1.820964213996411e-15,3.1617511161681255e-15,1.653603183744292e-16,0.0,1.3608070972236231e-17,1.6808190829768196e-16,6.903694484536109e-16,1.4254247579411844e-15,9.632044311408834e-17,7.821940477647478e-18,2.6601436934981794e-17,3.758779067439313e-16,1.1733969510312596e-15,3.822744919430783e-15,6.4922520657025344e-15,3.6322846938104964e-16,1.4881530581271187e-17,2.4275798516248153e-17,3.821695603964858e-16,1.3198181585942455e-15,3.9436145994373735e-15,6.2717386928804805e-15,2.9091619375393607e-16,1.4528887539348014e-17,2.3955168090653874e-17,3.1056972648599685e-16,1.4227501642221315e-15,4.1267252088266846e-15,6.943381427542138e-15,3.132048921289843e-16,1.8152081448354577e-17
1.920207442203446e-17,2.7640113397260236e-16,1.2149120116910566e-15,2.560033184337746e-15,3.8955810268276155e-15,2.5456332225828235e-16,1.5153396436624752e-17,2.279537191153126e-17,2.348885152885432e-16,1.199763852869987e-15,2.9840560926484807e-15,3.668097944603004e-15,2.144297956869234e-16,1.0988442472268767e-17,1.4071909782386594e-17,2.4049875134476344e-16,1.0308962194540114e-15,2.193900964734806e-15,3.596305414505799e-15,5.639349165027515e-15,9.942964793202139e-18,1.739469687657281e-17,2.1755210792882592e-16,9.90621688840097e-16,2.2687298644091334e-15,5.055688391637763e-15,2.1847679082502272e-16,2.5442668470437404e-18,9.96727987264706e-18,1.4298995704129204e-16,6.584530423472092e-16,2.1672319418530883e-15,3.0904473040992373e-15,4.480696109087997e-17,2.462186874633299e-18,1.4108191198866103e-17,1.9705709657424838e-16,1.1083905236089074e-15,2.668475123228954e-15,4.948590153378751e-15,2.18037776953996e-16,3.0889906236560095e-18,0.0,7.285311218756975e-18,1.0085248948676426e-16,4.3267138839927045e-16,1.1005775628747555e-15,1.7707276308335804e-15,1.2419822705735457e-16,1.9086517902208754e-17,2.264712062012286e-16,1.2731053630820862e-15,2.443827372269229e-15,4.015444046245155e-15,2.742342018209913e-16,1.1624633446490904e-17,0.0,8.818489706295593e-18,1.2323573986621923e-16,4.2936813330009015e-16,1.045682993929265e-15,1.8388652455340978e-15,1.1763659795456384e-16,1.6712227685385176e-17,2.480759586846084e-16,1.1704603941518481e-15,2.2947285239191383e-15,8.766927060364138e-16,1.388701401965465e-15,5.519877395452149e-17,1.9652212899970637e-17,2.639564319971444e-16,9.15596474648951e-16,2.795483267221837e-15,3.79222853700498e-15,4.931023573250426e-15,1.4304995639256812e-17,0.0,7.265212716597127e-18,1.1560285264410664e-16,8.345417925617666e-17,2.4716040834790027e-16,5.821169974358776e-16,1.3032864372227909e-18,1.4934001279748743e-17,2.5199786779286924e-16,9.069647237285962e-16,2.330074199425041e-15,3.694921631112311e-15,4.3914948469430647e-17,7.232167519731005e-20,0.0,8.876821750497546e-18,1.1473711856077331e-16,4.0902635491933284e-16,8.810375212812978e-16,1.6893605407442562e-17,1.2807791458445874e-18,1.7924809646538807e-17,2.500327489724957e-16,8.94600377520193e-16,2.5840813080038586e-15,4.603752084971679e-15,2.0206544984368465e-16,1.2039895089984348e-17,0.0,7.37507991294292e-18,1.3311184560554163e-16,5.277065154552673e-16,1.0307887711202828e-15,1.7010491790214043e-15,5.011928318233492e-18,0.0,8.162291980371906e-18,9.279759653269967e-17,4.712636952715741e-16,1.246491676311684e-15,6.946772903868672e-17,5.264504987404557e-18,1.6685804401581263e-17,2.1417106428323836e-16,9.156958455543645e-16,2.278018142296815e-15,4.842808082854237e-15,2.1328149858100473e-16,1.4760397353676534e-17,1.6392741258892693e-17,2.592917812381655e-16,9.3536477385183e-16,2.1085550126196286e-15,4.792547702167212e-15,2.374698262351299e-16,1.4466358646854378e-17,0.0,9.162493663887805e-18,9.408412071177268e-17,3.8698568032469223e-16,9.51693938056252e-16,8.309720961066013e-17,5.2967786886470674e-18,0.0,1.0160442321796231e-17,1.3092804824046512e-16,6.011263088847654e-16,1.050980206665231e-15,1.794325395234002e-15,9.689615322675095e-17,0.0,7.32254356640107e-18,1.2401211386043097e-16,4.1620409346462616e-16,1.252003635350874e-15,2.2395897733786284e-15,9.388334308704014e-17,5.2821264439940604e-18,8.100888980194891e-17,4.2971363952119162e-16,1.1714972930496886e-15,2.893726732760459e-15,1.4069973399551387e-16,7.763568966106515e-18,1.9178353272521204e-17,2.6094738223407855e-16,1.1138953562980277e-15,2.326774604584084e-15,5.098678841350493e-15,2.6061227401242537e-16,6.214582635108163e-19,8.974968902263459e-18,1.168649895164474e-16,3.831609416055791e-17,1.6906379797422712e-16,5.272714810628837e-16,1.0638940431320644e-15,4.586456254016889e-17,0.0,1.020007021254349e-17,1.254830772330503e-16,5.338464956313979e-16,1.3024894097861172e-15,2.279290859116726e-15,1.1977976179954113e-16,0.0,9.45014878313113e-18,1.1803091352570806e-16,4.895422463612473e-16,1.0195753002730683e-15,6.923684555926521e-17,5.636580387684431e-18,1.8473321267114486e-17,2.639389682985098e-16,8.319801438916836e-16,2.7338010358187905e-15,4.678727176205566e-15,2.6291383048065356e-16,1.0800114763124529e-17,1.6858189404700463e-17,2.6839427583195354e-16,9.35981844916784e-16,2.8208970289059508e-15,4.520961451450628e-15,2.1062377345781008e-16,1.0546335919009603e-17,1.663548178529054e-17,2.181054535331374e-16,1.0089294500477757e-15,2.951644843307351e-15,5.0045208845920344e-15,2.2671249448348907e-16,1.317023938863089e-17
1.3334868166208768e-17,1.941059646401539e-16,8.615067240055786e-16,1.830971266632308e-15,2.8076489522405823e-15,1.8426974262006523e-16,1.0996462598529612e-17,1.5830155914505296e-17,1.6496359623741768e-16,8.508526374869339e-16,2.1345173174632295e-15,2.644081953014304e-15,1.5524417797927665e-16,7.976032465759024e-18,9.772134229270046e-18,1.688554566829093e-16,7.307841035256188e-16,1.56851218054432e-15,2.5908800386565892e-15,4.091122891482665e-15,7.21896818827778e-18,1.2079636706341028e-17,1.5277855764851165e-16,7.024662890496924e-16,1.622646804975938e-15,3.6438256216425085e-15,1.581593448372109e-16,1.842896632300285e-18,6.9216998638456275e-18,1.0034971435720684e-16,4.664721052586506e-16,1.5483785539039275e-15,2.2249231256121617e-15,3.23332089927847e-17,1.7775105817434405e-18,9.797327113383006e-18,1.3835656885689023e-16,7.857148098348306e-16,1.907767261722262e-15,3.564964419610627e-15,1.5775285297376884e-16,2.234388598698949e-18,0.0,5.059217803939355e-18,7.081186433694892e-17,3.067470477624058e-16,7.870169574776938e-16,1.2761327225977379e-15,8.993124003443488e-17,1.3254448894049663e-17,1.5905805542073716e-16,9.028967080832904e-16,1.748117009029046e-15,2.8944578932092065e-15,1.9854073350230109e-16,8.437715089378104e-18,0.0,6.123845483552366e-18,8.65287254885166e-17,3.044083690962075e-16,7.477680883630322e-16,1.3252405815621482e-15,8.518058680032652e-17,1.1605624302257656e-17,1.7420414819520632e-16,8.298911842530374e-16,1.6409741901654178e-15,6.308988789087745e-16,1.0055617008709415e-15,4.0110224909104824e-17,1.3647278541132642e-17,1.8536627213475015e-16,6.492435363188471e-16,1.9992335200868454e-15,2.7328361079590752e-15,3.578202512402246e-15,1.0388387671218713e-17,0.0,5.045333034262606e-18,8.117743421468684e-17,5.90579071187771e-17,1.7623557611410948e-16,4.1813711036192426e-16,9.368599698212934e-19,1.037086428170048e-17,1.7693942548659603e-16,6.429886624871425e-16,1.6660918420016554e-15,2.662422418802813e-15,3.172218668606003e-17,5.144443115447028e-20,0.0,6.164460323247194e-18,8.056814901205222e-17,2.9003942398349497e-16,6.302140771466001e-16,1.2117089081177917e-17,9.194814880164163e-19,1.2447629273522583e-17,1.7556199697106134e-16,6.342282032854133e-16,1.847672037100088e-15,3.3169997406087495e-15,1.4621194029149107e-16,8.732257830954753e-18,0.0,5.1215881969613535e-18,9.346873738859281e-17,3.7417774354082166e-16,7.372679324463126e-16,1.2262456582056094e-15,3.616960720531546e-18,0.0,5.668235187343939e-18,6.515183079969961e-17,3.3408732720172214e-16,8.913335793264615e-16,4.992207005850422e-17,3.792356163673987e-18,1.1587328346506777e-17,1.503989034332231e-16,6.492927239910412e-16,1.6291211969079046e-15,3.4899220102880393e-15,1.54366594522148e-16,1.0710034961900626e-17,1.138375272022487e-17,1.8208018909895524e-16,6.632180969290136e-16,1.5078875293737028e-15,3.4535842222437614e-15,1.7186466574089761e-16,1.0495574881066808e-17,0.0,6.362878132041679e-18,6.606486575288731e-17,2.7439274398994413e-16,6.806608562288508e-16,5.97265539763507e-17,3.816634093376902e-18,0.0,7.055809816991486e-18,9.193297211976374e-17,4.262181531338125e-16,7.516748877758892e-16,1.2934181045804094e-15,7.018271556464232e-17,0.0,5.085012727874567e-18,8.70756673149838e-17,2.950877741477859e-16,8.953572896682977e-16,1.6141454766268693e-15,6.798891609355449e-17,3.668175640477436e-18,5.678759369203869e-17,3.0398590746190885e-16,8.357373430413519e-16,2.0803427283726743e-15,1.016035973099452e-16,5.621095447091523e-18,1.3318283095936843e-17,1.8323209260604e-16,7.897322647062349e-16,1.6637681190876324e-15,3.673874737261494e-15,1.8861250667049162e-16,4.482176062575242e-19,6.232618432336034e-18,8.198091188694726e-17,2.697413031726557e-17,1.1978885644272918e-16,3.7635259372573446e-16,7.649969884350794e-16,3.313852608301208e-17,0.0,7.083362309140367e-18,8.811154801511671e-17,3.7851125076997743e-16,9.315006026698403e-16,1.642835162731439e-15,8.674777383875712e-17,0.0,6.5626925194805545e-18,8.287854649382354e-17,3.4709698572596006e-16,7.291726540903553e-16,4.976191117702006e-17,4.061374334091846e-18,1.282864130487886e-17,1.853242443747385e-16,5.898409319083892e-16,1.9547692630806952e-15,3.3711976265840572e-15,1.9027201209229865e-16,7.836985820238956e-18,1.1707039944523737e-17,1.8847881534818757e-16,6.637014097305613e-16,2.017512174359398e-15,3.2583448812939468e-15,1.524663925192322e-16,7.65440874474744e-18,1.1552321648219965e-17,1.5316068585664374e-16,7.153941408990724e-16,2.1108612858088695e-15,3.606435001582805e-15,1.6407813121595275e-16,9.55441908232262e-18
9.260415887129707e-18,1.363042009215008e-16,6.10837673214709e-16,1.3093456893262225e-15,2.0231948166439865e-15,1.3336464506911936e-16,7.978820642609716e-18,1.0993258944959125e-17,1.158478221392231e-16,6.033457740572045e-16,1.5266114220914236e-15,1.9056041003476227e-15,1.1237598733563498e-16,5.788669771484723e-18,6.7861403173850706e-18,1.1854737558981294e-16,5.179850964200042e-16,1.1212380354993496e-15,1.8662234374946018e-15,2.9673642369624846e-15,5.240491866637724e-18,8.38856812933757e-18,1.0728390860232454e-16,4.980767826285909e-16,1.1603849400471727e-15,2.6257829253887594e-15,1.1447530303257528e-16,1.334731531684116e-18,4.806783325676513e-18,7.042135245742796e-17,3.304336983161747e-16,1.106088109260219e-15,1.6015328723159149e-15,2.3329149645204973e-17,1.2831531666757681e-18,6.803740030526229e-18,9.71358245254655e-17,5.569184925650813e-16,1.3637222141341494e-15,2.5677616904541206e-15,1.141177885792511e-16,1.6160925091033437e-18,0.0,3.513320747903231e-18,4.971613706802714e-17,2.1744808660817996e-16,5.627094808894155e-16,9.195244727676686e-16,6.510724734968925e-17,9.204478389840806e-18,1.117050307550204e-16,6.4027133425954745e-16,1.2502788371745025e-15,2.0860495699976438e-15,1.4371632415653384e-16,6.1237088987829246e-18,0.0,4.2526889697588436e-18,6.075141237494223e-17,2.157930496474767e-16,5.346523413534464e-16,9.549113373189928e-16,6.166857524953477e-17,8.059410587387466e-18,1.2232231689233986e-16,5.883536102594829e-16,1.1733020962616313e-15,4.539472401755329e-16,7.280075130126174e-16,2.914147393678172e-17,9.477311202993286e-18,1.3016709163925866e-16,4.603247892544847e-16,1.4295763166031051e-15,1.969053416049212e-15,2.596014238226178e-15,7.543003642373396e-18,0.0,3.503757570193839e-18,5.699974145549539e-17,4.1789994502266885e-17,1.256489829828319e-16,3.003054163327828e-16,6.734055145595894e-19,7.20201774673656e-18,1.2422994172445858e-16,4.557957346090148e-16,1.1911492651992574e-15,1.918109765222631e-15,2.2911617452878226e-17,3.659699254851472e-20,0.0,4.280816747591583e-18,5.657141700929949e-17,2.0564329476510135e-16,4.507316777978818e-16,8.690206862010401e-18,6.6006483669682395e-19,8.644069490136552e-18,1.2326393283558943e-16,4.495895391152902e-16,1.3209356461797286e-15,2.389484227675661e-15,1.05780081935185e-16,6.3325133322646894e-18,0.0,3.5566067015149765e-18,6.562839156695377e-17,2.6528644404982544e-16,5.272505671527648e-16,8.838128684467325e-16,2.609941960623951e-18,0.0,3.9362143072539286e-18,4.573939657707571e-17,2.3681501406171107e-16,6.372774701521127e-16,3.5871048562807104e-17,2.731615345864429e-18,8.046780559695946e-18,1.0560972110377757e-16,4.603435199292512e-16,1.164896226140447e-15,2.5145417148172885e-15,1.1170768965680108e-16,7.770112695485455e-18,7.90527132099354e-18,1.278520326194878e-16,4.702022655334343e-16,1.0781788455761165e-15,2.4882781951922156e-15,1.2436383837935916e-16,7.6137126682499e-18,0.0,4.4187311822776964e-18,4.6387152564588894e-17,1.9453778682707148e-16,4.867447467220589e-16,4.292295705728818e-17,2.749825167074983e-18,0.0,4.899777500395662e-18,6.454832517914172e-17,3.021702684558848e-16,5.375285582608206e-16,9.321782255091318e-16,5.082488325882975e-17,0.0,3.531244870084669e-18,6.113682310342045e-17,2.0919405077620355e-16,6.402122519435496e-16,1.1631621675152459e-15,4.9227926464041634e-17,2.547333412242408e-18,3.980656422972285e-17,2.1502527144616856e-16,5.961321292442574e-16,1.4953493688889398e-15,7.336020602688614e-17,4.069353986611907e-18,9.248795280018471e-18,1.286538123723678e-16,5.59845829298141e-16,1.1895119018772743e-15,2.6467686326328726e-15,1.3648166190949107e-16,3.232608577859003e-19,4.328150862860107e-18,5.750669330259815e-17,1.8988726548305726e-17,8.486955718071622e-17,2.6860061321416185e-16,5.499903562487835e-16,2.3939812639464917e-17,0.0,4.9189692772289645e-18,6.186654417620568e-17,2.6834482850217023e-16,6.660844737170327e-16,1.183890857098343e-15,6.281410092039843e-17,0.0,4.557526163849987e-18,5.819225185532668e-17,2.4607347879677875e-16,5.214089281565384e-16,3.5760024845459556e-17,2.9261041038768586e-18,8.90871865457789e-18,1.3011678035360216e-16,4.1812835361368947e-16,1.397533250601385e-15,2.4286535571394064e-15,1.3767832216019573e-16,5.686038989550949e-18,8.129905205332416e-18,1.3235067513828524e-16,4.705780702121228e-16,1.4427220912053167e-15,2.3479426110696303e-15,1.1034915281113076e-16,5.554745818091437e-18,8.022374371801787e-18,1.0754784145983461e-16,5.072044869219455e-16,1.5093581290663049e-15,2.598475674097425e-15,1.187286401055888e-16,6.930418990783203e-18
6.4308441946007785e-18,9.57087290678522e-17,4.3305720515726917e-16,9.361911733521707e-16,1.4576638215106387e-15,9.650667217248673e-17,5.788500793950589e-18,7.634183710309291e-18,8.135048852866507e-17,4.27790346669941e-16,1.0916763661171786e-15,1.3731403251973418e-15,8.133172830926957e-17,4.2006077540480485e-18,4.712507559662237e-18,8.322266910143185e-17,3.67112866756864e-16,8.013947969206743e-16,1.3440223512795786e-15,2.151863373938998e-15,3.803707330511909e-18,5.8253419675678386e-18,7.533206393608396e-17,3.5311816072879274e-16,8.296944758457976e-16,1.8918428250658844e-15,8.284327419219068e-17,9.665944715788258e-19,3.338014534820816e-18,4.9415898795431476e-17,2.340448029694659e-16,7.900292954198356e-16,1.1526170040654972e-15,1.68304862195228e-17,9.262294875791325e-19,4.724875519848403e-18,6.819212830102129e-17,3.9470543915248575e-16,9.746888503481343e-16,1.8491872087697585e-15,8.253916502035075e-17,1.1687968243789162e-18,0.0,2.439784172486586e-18,3.490303296783437e-17,1.541288133074803e-16,4.022743474273307e-16,6.624526334455977e-16,4.7127422206899147e-17,6.3920468708201146e-18,7.84441077529953e-17,4.53986521010658e-16,8.940895102512382e-16,1.5031650231245682e-15,1.040138966195019e-16,4.44369475832512e-18,0.0,2.953308648534624e-18,4.265072093776861e-17,1.5295819508404374e-16,3.822203209075069e-16,6.87948113664292e-16,4.463878812727301e-17,5.596731108027542e-18,8.588653104280987e-17,4.1707146361869304e-16,8.387948722342562e-16,3.2657628486446167e-16,5.269754177434944e-16,2.1168885548838953e-17,6.5815056622665015e-18,9.139982674738656e-17,3.263426800537048e-16,1.0220896164602128e-15,1.4184929751417163e-15,1.883060336695589e-15,5.476179794986812e-18,0.0,2.4331521266072085e-18,4.002060013587354e-17,2.956843097867772e-17,8.95727492014274e-17,2.1564759156523745e-16,4.8399268553807875e-19,5.001382171159423e-18,8.721693463955826e-17,3.2306519767970505e-16,8.514741705268758e-16,1.381640318782323e-15,1.6545826944661415e-17,2.6038012358940748e-20,0.0,2.9728180583336437e-18,3.971970172211393e-17,1.4578907965123068e-16,3.223180084244281e-16,6.2318540297114646e-18,4.738185202538311e-19,6.002758728220291e-18,8.653996529120014e-17,3.1866958313440257e-16,9.442288122211217e-16,1.7210324785082013e-15,7.651659659421175e-17,4.591698418276522e-18,0.0,2.4698652283297008e-18,4.6077486589643475e-17,1.880646129435727e-16,3.770039159047561e-16,6.36893080929907e-16,1.8830588022873314e-18,0.0,2.7334178668775206e-18,3.210916154223246e-17,1.678464345734243e-16,4.555691069809331e-16,2.577128481676592e-17,1.9673794763943304e-18,5.588058035054625e-18,7.415404210062214e-17,3.2634445754022755e-16,8.32834817760826e-16,1.8114546874240692e-15,8.082444378358887e-17,5.63645578556902e-18,5.489690045887562e-18,8.976924094051948e-17,3.3332458624831635e-16,7.70815121048377e-16,1.7924754850267806e-15,8.997703838255075e-17,5.5224357065673745e-18,0.0,3.068591131415437e-18,3.2568638058592823e-17,1.3790740032595834e-16,3.480237999847233e-16,3.0842823393836835e-17,1.9810009039549013e-18,0.0,3.4026362489678713e-18,4.5318406447054385e-17,2.1420279698050142e-16,3.8433467794861767e-16,6.717103029495946e-16,3.6799789398449916e-17,0.0,2.45229296948906e-18,4.2922328540173263e-17,1.4828644506699792e-16,4.577090715434421e-16,8.380341505337718e-16,3.56376896027788e-17,1.7690034470391242e-18,2.790183832288697e-17,1.5208504426889412e-16,4.251680065794339e-16,1.074686409241399e-15,5.2959822162860247e-17,2.945611616108852e-18,6.4228205265344014e-18,9.032652539533233e-17,3.968370086638569e-16,8.503215128665559e-16,1.9064841099851105e-15,9.874322486416649e-17,2.3313280276429813e-19,3.005612356090396e-18,4.033715089787431e-17,1.336702124338405e-17,6.012541728746624e-17,1.9167753937277575e-16,3.953530090493438e-16,1.7291800752328975e-17,0.0,3.4159820913964346e-18,4.3435820281919484e-17,1.902228011345967e-16,4.76225475613503e-16,8.530083895639396e-16,4.547578113947836e-17,0.0,3.165001437332807e-18,4.085635276112013e-17,1.744342842567199e-16,3.727896581816547e-16,2.569449806581392e-17,2.1079621063366785e-18,6.186554939602642e-18,9.135030450560443e-17,2.963739468329757e-16,9.990037244504237e-16,1.7493346184778313e-15,9.960567541559674e-17,4.124876200401907e-18,5.645845347080959e-18,9.293169577052804e-17,3.336128830303577e-16,1.0315426953869506e-15,1.6916196978964171e-15,7.985335324374459e-17,4.03047540143682e-18,5.571105807290602e-18,7.551425558999441e-17,3.5956309470433247e-16,1.0791027156283453e-15,1.8719079290259107e-15,8.589944090740933e-17,5.02644398004039e-18
4.465859794828613e-18,6.719982509538562e-17,3.0698656432511127e-16,6.692876519957446e-16,1.0500334754712022e-15,6.982389953336906e-17,4.1989184192590166e-18,5.3015130768443294e-18,5.712239534929964e-17,3.0328352346841514e-16,7.805443218089354e-16,9.892867130560386e-16,5.885399426413799e-17,3.0478077814044422e-18,3.272559271799278e-18,5.842079986779745e-17,2.6015832266193266e-16,5.727096996969347e-16,9.677787007783292e-16,1.5601792513738145e-15,2.7604463693634693e-18,4.045354325744871e-18,5.2892838649636107e-17,2.5032128662332685e-16,5.93160353563076e-16,1.362814664601671e-15,5.994205242673612e-17,6.999107960735945e-19,2.3180324926222318e-18,3.4674105965637816e-17,1.657566573901634e-16,5.642065879850471e-16,8.293986952362785e-16,1.2140627422287953e-17,6.68542813470887e-19,3.2811480679756318e-18,4.786962125869662e-17,2.7971059958629433e-16,6.965402424495101e-16,1.3314789739242334e-15,5.968958927099677e-17,8.452425919921676e-19,0.0,1.6942885353668863e-18,2.4502102716232162e-17,1.092364230409254e-16,2.8754026455515817e-16,4.77168337826126e-16,3.4106919027799674e-17,4.438935434731291e-18,5.508375388301007e-17,3.2186663915610106e-16,6.392824069641042e-16,1.0829636556079886e-15,7.526723943382699e-17,3.2241410251441595e-18,0.0,2.0509039861166875e-18,2.994141069127461e-17,1.084083635985183e-16,2.7320845626599163e-16,4.955338999364867e-16,3.230624942786103e-17,3.886536936235755e-18,6.029993347321231e-17,2.956215513447947e-16,5.99571398627496e-16,2.349081237611422e-16,3.8139347001733634e-16,1.5375087563489168e-17,4.570503775595854e-18,6.417458192719586e-17,2.3133274717995405e-16,7.306500825192958e-16,1.0217004569158628e-15,1.3656428671536235e-15,3.9751213427583095e-18,0.0,1.689671335598467e-18,2.809761012558265e-17,2.0919514920632915e-17,6.384750991038036e-17,1.5483281580276362e-16,3.4782223599082373e-19,3.473169698796203e-18,6.122765474675709e-17,2.2896240963862335e-16,6.085762986792687e-16,9.950450111824183e-16,1.194709747116885e-17,1.8527966080660097e-20,0.0,2.0644750921766773e-18,2.788640679736668e-17,1.0334481161454113e-16,2.3045573983486743e-16,4.468507629650866e-18,3.401023254693571e-19,4.1685149029672284e-18,6.07535575594325e-17,2.2584944391545333e-16,6.748572730423085e-16,1.2393700658777857e-15,5.534002336635788e-17,3.329027560487593e-18,0.0,1.7151856146968697e-18,3.234903108053696e-17,1.3330645751552208e-16,2.6953298945176264e-16,4.588767571958407e-16,1.358457660998516e-18,0.0,1.8981635842812583e-18,2.253934638946741e-17,1.1895145959843464e-16,3.256258819508449e-16,1.8512718879930144e-17,1.416812740978199e-18,3.8805681906079255e-18,5.206457056876237e-17,2.313264996990277e-16,5.95346524675769e-16,1.304735212244185e-15,5.84699444864574e-17,4.0881689837399436e-18,3.812279663898804e-18,6.302617961062836e-17,2.3626759872489034e-16,5.509962066445115e-16,1.2910223561913928e-15,6.508765503189582e-17,4.0050710525623336e-18,0.0,2.130930266278989e-18,2.2865010420751935e-17,9.77514938214705e-17,2.4880214927463163e-16,2.2159466141781734e-17,1.4269974546472438e-18,0.0,2.3629833344985467e-18,3.181526485898667e-17,1.5182810116572098e-16,2.7476137409915393e-16,4.839373123911222e-16,2.6640245382685055e-17,0.0,1.7030062451040441e-18,3.0132440397054057e-17,1.0510123753118051e-16,3.271849124430797e-16,6.036818489472623e-16,2.5794834836055985e-17,1.2284791697900978e-18,1.9556588815196437e-17,1.0755867930652119e-16,3.0319692975938094e-16,7.72241045577522e-16,3.8226854091674474e-17,2.1319222579852207e-18,4.460257383516412e-18,6.34139876945403e-17,2.8126058108686766e-16,6.077667009307828e-16,1.3730206611986856e-15,7.142844488936102e-17,1.6812715280256188e-19,2.0872535766054964e-18,2.8292559426538164e-17,9.409222740039093e-18,4.2592568414888916e-17,1.3676941035292583e-16,2.841520045829494e-16,1.248800845894106e-17,0.0,2.3722029418641673e-18,3.0494280976415904e-17,1.3483002074659888e-16,3.4043527984577964e-16,6.144961508109594e-16,3.291756739685915e-17,0.0,2.1979844629860786e-18,2.8682998354693235e-17,1.2363812859071507e-16,2.6649384806256853e-16,1.845965319788533e-17,1.5184283053600231e-18,4.2961479383102285e-18,6.413036443808398e-17,2.1005107285225978e-16,7.140216907698729e-16,1.2598150322334452e-15,7.204971783157575e-17,2.9919497275150774e-18,3.920712872984354e-18,6.524943694047143e-17,2.364879476443751e-16,7.374461938869636e-16,1.2185511752022366e-15,5.777592166142934e-17,2.924087410754496e-18,3.8688397453823395e-18,5.301863106551403e-17,2.548715293872849e-16,7.713862611843234e-16,1.348270030017206e-15,6.213767016038253e-17,3.6450775109169954e-18
3.1013236448047267e-18,4.718022331953979e-17,2.175943908797536e-16,4.784094288250544e-16,7.562677906442986e-16,5.0510386635137503e-17,3.045440320825563e-18,3.6815437945339305e-18,4.010751415772571e-17,2.1499105489813632e-16,5.58007414485369e-16,7.126148802194011e-16,4.258142549800754e-17,2.211074749542518e-18,2.2726484761890262e-18,4.100790806578992e-17,1.843450925162804e-16,4.092259061383367e-16,6.967437860705473e-16,1.1309712717480624e-15,2.00304047613426e-18,2.8092293532073925e-18,3.713555320169566e-17,1.774311007167451e-16,4.239990784940002e-16,9.815550839644063e-16,4.3364574712649015e-17,5.067527159878424e-19,1.6097651265248019e-18,2.4328939040248803e-17,1.1738171471961012e-16,4.028793510855447e-16,5.96721297490376e-16,8.75646027635109e-18,4.82509111698281e-19,2.2785259814603827e-18,3.360187869673491e-17,1.98197819621054e-16,4.976988582617608e-16,9.585514223244638e-16,4.31588201540473e-17,6.11210644679214e-19,0.0,1.1765569583948435e-18,1.7199498541564283e-17,7.74113564688844e-17,2.0550079582814496e-16,3.436485057654186e-16,2.4679580404642916e-17,3.0825789151252106e-18,3.8677424587489326e-17,2.281725263347605e-16,4.570278407373244e-16,7.800943631555605e-16,5.445631119384036e-17,2.3389875962621744e-18,0.0,1.424205270738341e-18,2.1018211649001232e-17,7.682575428967157e-17,1.9526011860807282e-16,3.568755245657374e-16,2.3376894150828724e-17,2.6989109788515874e-18,4.233334039478663e-17,2.0951624252635687e-16,4.285143160253138e-16,1.6894527407282634e-16,2.759841879131848e-16,1.1165284966484876e-17,3.1739274022006054e-18,4.5056152288121934e-17,1.6396656491749223e-16,5.222394239559876e-16,7.357789365355349e-16,9.90208796112676e-16,2.885109299670386e-18,0.0,1.17334380072541e-18,1.9725609772415164e-17,1.4799121016416606e-17,4.5505618981478616e-17,1.111523555256033e-16,2.4994238461468884e-19,2.4118989740962522e-18,4.298023435218791e-17,1.6225395173295726e-16,4.349082605868472e-16,7.165020683835804e-16,8.625424203153462e-18,1.3187593222443004e-20,0.0,1.4336899437698402e-18,1.957730738649206e-17,7.324974419493991e-17,1.647509863666814e-16,3.2037743778142804e-18,2.4411702056969596e-19,2.8947969691765834e-18,4.264793898795162e-17,1.600488715607345e-16,4.822655055339291e-16,8.92361077665747e-16,4.001791719000315e-17,2.41327337615942e-18,0.0,1.1911244920095323e-18,2.2709612276351813e-17,9.448200097767094e-17,1.9267120523455442e-16,3.3056019946575313e-16,9.798914304004748e-19,0.0,1.3181874533671249e-18,1.5820837358982902e-17,8.42912243324541e-17,2.3271359159198775e-16,1.3296781756559157e-17,1.0202326040239821e-18,2.694867346031724e-18,3.655302263163233e-17,1.6395686274749989e-16,4.2551983463614017e-16,9.396025408257751e-16,4.2291568928983646e-17,2.9647984319935333e-18,2.647401392515529e-18,4.4247514357501193e-17,1.674536049131107e-16,3.938100804834996e-16,9.296970347726736e-16,4.707565988759433e-17,2.904221740284435e-18,0.0,1.4798174725782843e-18,1.6051637841815006e-17,6.928101584783103e-17,1.7784320866385872e-16,1.591859903843648e-17,1.0278293532806039e-18,0.0,1.640991374686421e-18,2.233433825402905e-17,1.0760548422741633e-16,1.9639946578373402e-16,3.4859516280653505e-16,1.9282149654730056e-17,0.0,1.1826291025645445e-18,2.115245015764411e-17,7.44846339018516e-17,2.338493512072724e-16,4.347902733258285e-16,1.8667297548410036e-17,8.5312993171887e-19,1.3706902323222866e-17,7.606189467399792e-17,2.1618964490755263e-16,5.548259395624141e-16,2.7588377531717273e-17,1.5428332339889113e-18,3.0973853135504227e-18,4.451721467537917e-17,1.9932455160161695e-16,4.3434077528967907e-16,9.886619162974131e-16,5.166126851688437e-17,1.2124229504895967e-19,1.4495092723728132e-18,1.9843335900294685e-17,6.6231136849707894e-18,3.017047599889116e-17,9.757985051498905e-17,2.041986780382004e-16,9.017350271240853e-18,0.0,1.6473902423679442e-18,2.140729860594167e-17,9.555760836871944e-17,2.4332914858385205e-16,4.425988461089304e-16,2.3823272018645575e-17,0.0,1.526371422939075e-18,2.013574055586952e-17,8.762557895002049e-17,1.9048021562876844e-16,1.326016005359867e-17,1.0936499987499208e-18,2.98336850419325e-18,4.5018174919574624e-17,1.4885494527723692e-16,5.102643313893797e-16,9.071274019016568e-16,5.210890565742689e-17,2.1698813944329597e-18,2.7227127373280913e-18,4.580998531544281e-17,1.6762147152179185e-16,5.271226124132455e-16,8.776294311263043e-16,4.1795610796027014e-17,2.121108010672813e-18,2.6867098580222663e-18,3.722247803251006e-17,1.8064310889120824e-16,5.513405094167311e-16,9.709486691495296e-16,4.4941806359354004e-17,2.6430078420842486e-18
2.15367434642299e-18,3.312277505766303e-17,1.5421638216233756e-16,3.419214369900886e-16,5.445965948898629e-16,3.653317385234387e-17,2.2085353844560677e-18,2.5565548212800648e-18,2.815906865450242e-17,1.5238652355283948e-16,3.9886054032227664e-16,5.13233320597608e-16,3.0803082260379983e-17,1.603834354111129e-18,1.5782271626696244e-18,2.8783353917457935e-17,1.3061151523191982e-16,2.9237013916036814e-16,5.015322375676164e-16,8.196835258297891e-16,1.453252970897141e-18,1.9508075794509506e-18,2.6070878914321806e-17,1.257522493502177e-16,3.0303831410193693e-16,7.068370372974286e-16,3.136665363821582e-17,3.668658447221763e-19,1.117872967602019e-18,1.7069367408736955e-17,8.3116981647562e-17,2.87644388898366e-16,4.2924961409206586e-16,6.31482512808377e-18,3.4821858752859216e-19,1.5823048082695939e-18,2.3585461464206084e-17,1.404253921833343e-16,3.555718982782939e-16,6.899627025780273e-16,3.120129210253257e-17,4.4193764522566085e-19,0.0,8.170608341835042e-19,1.2072893006048906e-17,5.485267387800289e-17,1.468482192876925e-16,2.4744768576709513e-16,1.7854990830253615e-17,2.140702319609481e-18,2.715574877836552e-17,1.6173592637909138e-16,3.2668654503435713e-16,5.618328306972737e-16,3.939322060887012e-17,1.6966051226142291e-18,0.0,9.8903573971737e-19,1.4753455303615466e-17,5.4438417212726957e-17,1.3953169221381506e-16,2.569726919085034e-16,1.6912759198204333e-17,1.8742503465428577e-18,2.971828361133591e-17,1.4847501155865315e-16,3.0621718982012373e-16,1.2148693640695922e-16,1.9967561324168165e-16,8.10687606607258e-18,2.2041365355232667e-18,3.163152934734924e-17,1.1620601634777036e-16,3.732237736258063e-16,5.297838754788585e-16,7.178500993235917e-16,2.0936832613663905e-18,0.0,8.147993661607643e-19,1.3847168481028903e-17,1.0468526736043715e-17,3.242947669436968e-17,7.97833368478989e-17,1.7958694523147307e-19,1.6749429340438128e-18,3.01692690605014e-17,1.149696628398965e-16,3.1075702831448374e-16,5.158455628949676e-16,6.226450040701674e-18,9.387784437761068e-21,0.0,9.955989516332968e-19,1.3743201771320938e-17,5.1913655608873634e-17,1.177624320484823e-16,2.2967799336448853e-18,1.7520772852978966e-19,2.010227903486859e-18,2.9936333989639174e-17,1.1340814164712805e-16,3.4458818964992535e-16,6.424045573922968e-16,2.893362915234567e-17,1.7492038867265303e-18,0.0,8.271610812665224e-19,1.594167443599111e-17,6.695806654589312e-17,1.3770855670711478e-16,2.380839996455432e-16,7.06734367118452e-19,0.0,9.153891840501346e-19,1.1104328042423515e-17,5.972399785030354e-17,1.6628903406829126e-16,9.549149394049223e-18,7.345770954084928e-19,1.8714224255550667e-18,2.5661191725407162e-17,1.1619503906243573e-16,3.040953586692472e-16,6.765398505902517e-16,3.058484232136494e-17,2.1498255260998877e-18,1.8384296786443197e-18,3.106233383601694e-17,1.1866987966323088e-16,2.8142687687294856e-16,6.693853789133605e-16,3.4042926178818274e-17,2.1056924378867514e-18,0.0,1.0276785110189648e-18,1.126794115787859e-17,4.909762177843171e-17,1.2710424798796723e-16,1.143392283788435e-17,7.402379832640402e-19,0.0,1.1395653487854636e-18,1.5677780271149636e-17,7.62555016667072e-17,1.4036666359174741e-16,2.5106091062071537e-16,1.395398197737156e-17,0.0,8.2129102279953075e-19,1.4847885404570698e-17,5.2781306787277296e-17,1.6711599292194353e-16,3.1309583233765677e-16,1.3506893359305144e-17,5.924474718403066e-19,9.606448019344277e-18,5.37835825267216e-17,1.541314600969435e-16,3.9856041583751566e-16,1.990757353019088e-17,1.1163837165208818e-18,2.1509375036042535e-18,3.124955518338935e-17,1.4124406227981096e-16,3.103592880614017e-16,7.117806420326442e-16,3.735858082758466e-17,8.743094421470594e-20,1.0065858712996336e-18,1.3916485822628433e-17,4.661820339879786e-18,2.136985754840718e-17,6.961206614534628e-17,1.4672075092405183e-16,6.510282882565982e-18,0.0,1.1440426844249862e-18,1.5027147834202266e-17,6.771730750994475e-17,1.7389754003575625e-16,3.187332859357646e-16,1.7238591293388482e-17,0.0,1.0599998001789059e-18,1.4134570127448622e-17,6.209620714871872e-17,1.3612929766440032e-16,9.52398961666834e-18,7.876217662263609e-19,2.0717721658824883e-18,3.160012091546427e-17,1.0547711921980215e-16,3.646026000392721e-16,6.530669243735311e-16,3.768107628908344e-17,1.5734672262665374e-18,1.8907293977278037e-18,3.2160150824980774e-17,1.187967899180735e-16,3.767324084803172e-16,6.319834968780929e-16,3.023037910032915e-17,1.5384209410069545e-18,1.865757921562928e-18,2.6131082171256597e-17,1.280196241215876e-16,3.940116176922952e-16,6.991066589701041e-16,3.249965575805387e-17,1.91616856827127e-18
1.4955840454364912e-18,2.3252377733004156e-17,1.0928712560126537e-16,2.443399174547207e-16,3.921048251953708e-16,2.641954758501989e-17,1.6014100400736465e-18,1.7753477062849316e-18,1.9768965750956986e-17,1.080001774315008e-16,2.850636660650941e-16,3.6957459870619935e-16,2.2279094420411722e-17,1.1632101549658899e-18,1.0959894516560556e-18,2.02019751143467e-17,9.253095449156604e-17,2.0885449746304853e-16,3.609554366141812e-16,5.939632309761354e-16,1.0542246366002108e-18,1.3547209656280126e-18,1.8302006216397347e-17,8.911621450659941e-17,2.1655593330898273e-16,5.089222788255085e-16,2.2684651082940396e-17,2.655651468738667e-19,7.762717880921183e-19,1.197538230525167e-17,5.884883949291805e-17,2.0534290437839986e-16,3.0872981981129286e-16,4.553465900072203e-18,2.5128956090707134e-19,1.098810968855065e-18,1.6553835457728743e-17,9.9483154015212e-17,2.5399783749543667e-16,4.965523234289778e-16,2.2553138013066542e-17,3.195098238614941e-19,0.0,5.674068354554945e-19,8.473819529317268e-18,3.886384810135383e-17,1.0492137357575284e-16,1.7814737714475887e-16,1.2915444242550206e-17,1.4866421401125075e-18,1.9065018734300027e-17,1.1463064978613804e-16,2.3348560710564343e-16,4.045709517885757e-16,2.849215407498569e-17,1.2304759350823748e-18,0.0,6.868451779383604e-19,1.0355230152001071e-17,3.8571079546595e-17,9.969487001464614e-17,1.8500558252031887e-16,1.223398668336421e-17,1.3015686353227023e-18,2.0861175037093743e-17,1.052073689060493e-16,2.1879372279137235e-16,8.734723654907247e-17,1.4444272544042633e-16,5.88528380621979e-18,1.5306973333670235e-18,2.2205465200338775e-17,8.234881871108161e-17,2.6669142546202113e-16,3.813976419923249e-16,5.20306244694524e-16,1.5191436283451024e-18,0.0,5.658326313282456e-19,9.720161028991207e-18,7.404650672648293e-18,2.3108250091246406e-17,5.725923045519857e-17,1.2902946362499652e-19,1.163187991644968e-18,2.1175730138330083e-17,8.145658396219468e-17,2.2201579529437922e-16,3.7132130084704063e-16,4.494119201323592e-18,6.6830578748095e-21,0.0,6.914051499710962e-19,9.64691545198018e-18,3.678853638795568e-17,8.416338284197732e-17,1.6463590605433126e-18,1.2573745673657586e-19,1.3960005780742942e-18,2.1012285640649663e-17,8.035117624065289e-17,2.461816699403052e-16,4.623862482281497e-16,2.0916198939832086e-17,1.2677047400857639e-18,0.0,5.744302803333031e-19,1.1190153926105937e-17,4.744732836578108e-17,9.84110812140274e-17,1.7144950682391898e-16,5.096513786859052e-19,0.0,6.356682956031181e-19,7.793638933806103e-18,4.23127001763117e-17,1.1880809724609849e-16,6.856861784224444e-18,5.2885176309221455e-19,1.2995978720300823e-18,1.8013863299743645e-17,8.233793824641979e-17,2.172906579557528e-16,4.87047079917865e-16,2.211515951341374e-17,1.558676457440985e-18,1.2766856407596286e-18,2.180495105549484e-17,8.408933498390186e-17,2.0108724053755128e-16,4.818810878214986e-16,2.461440564939675e-17,1.526513620137193e-18,0.0,7.13677568660019e-19,7.909447073229704e-18,3.4790627855675447e-17,9.082850502337872e-17,8.211541639371543e-18,5.3305082792494e-19,0.0,7.913518472363263e-19,1.1004373554570648e-17,5.403328869140793e-17,1.0030600733075199e-16,1.807852973979938e-16,1.0096434784987341e-17,0.0,5.703696457162376e-19,1.0421706660612585e-17,3.7398293488229556e-17,1.194097702770808e-16,2.254247288392142e-16,9.771392008626052e-18,4.1141167458785013e-19,6.732312147727529e-18,3.802747173106599e-17,1.0987393244552586e-16,2.862632983624388e-16,1.4363057532440215e-17,8.077111754847143e-19,1.4937223628254361e-18,2.193486443775451e-17,1.000773746155552e-16,2.2173746055369195e-16,5.123582941020666e-16,2.7011316470321055e-17,6.30453033646903e-20,6.990072256566028e-19,9.759488469189845e-18,3.281211087422466e-18,1.5135390310278684e-17,4.965477640483081e-17,1.054066563110775e-16,4.699543089543622e-18,0.0,7.945123083868343e-19,1.0547764519348989e-17,4.798317370756585e-17,1.2426038387919146e-16,2.294941201577201e-16,1.2471727003359292e-17,0.0,7.360970503036753e-19,9.921354522613983e-18,4.400009940510848e-17,9.72731343815391e-17,6.8395732747770076e-18,5.671584913538533e-19,1.43874989217843e-18,2.2180023371756335e-17,7.473243044940023e-17,2.6048667746627307e-16,4.700848507064085e-16,2.724359919213078e-17,1.1408355318985384e-18,1.3129798786149675e-18,2.2576420726655506e-17,8.41852518177821e-17,2.6921096207174464e-16,4.550168304425358e-16,2.186185723270281e-17,1.1156546954313767e-18,1.2956455856419808e-18,1.8343450075465224e-17,9.071644713288279e-17,2.8153820451366105e-16,5.032905247265559e-16,2.3498487203403542e-17,1.3890347686344208e-18
1.038600710563066e-18,1.632210002545759e-17,7.743955556546074e-17,1.7458348222572932e-16,2.8226553355414375e-16,1.9102653832289044e-17,1.1610358775273209e-18,1.2328318091917715e-18,1.38778973797257e-17,7.653495370449218e-17,2.0370510697165842e-16,2.6608317541024573e-16,1.611133781660025e-17,8.435242630462606e-19,7.610934302303705e-19,1.4178129398172128e-17,6.554630544774436e-17,1.4917495658810047e-16,2.5973927376691795e-16,4.303203752886506e-16,7.646500067298714e-19,9.408035882423973e-19,1.2847376505964799e-17,6.314683622099756e-17,1.5473297086177974e-16,3.663636661486138e-16,1.6403118841770083e-17,1.922162062689693e-19,5.390712881783539e-19,8.401121294292639e-18,4.1662592953662416e-17,1.4657106555917384e-16,2.2201325816594367e-16,3.2830048950872975e-18,1.8132314084629052e-19,7.630674979207415e-19,1.1617865561209534e-17,7.047089471349586e-17,1.8141499728738504e-16,3.573012382581637e-16,1.629946043216873e-17,2.309806945814508e-19,0.0,3.9403449248703953e-19,5.947401376698992e-18,2.753284895454743e-17,7.495499211251688e-17,1.282341414970869e-16,9.340848834671365e-18,1.0324349867362434e-18,1.3384047089643718e-17,8.123685992201777e-17,1.6685082160099275e-16,2.912800781949189e-16,2.0604439688793264e-17,8.922938687500732e-19,0.0,4.769920494467703e-19,7.267892850987481e-18,2.7325690886347607e-17,7.122189888195151e-17,1.3317122769561426e-16,8.848058946574283e-18,9.038817515373629e-19,1.4643225565115607e-17,7.454066986213253e-17,1.5630813399144746e-16,6.279215770061965e-17,1.0447087931352888e-16,4.2718205903359735e-18,1.0630338316016885e-18,1.5587484745692082e-17,5.8349691148577e-17,1.9054202704690072e-16,2.745277614357676e-16,3.77053817764627e-16,1.1021047861203842e-18,0.0,3.9293923639515465e-19,6.822734310715331e-18,5.237186517989906e-18,1.646441621856368e-17,4.108831312934633e-17,9.269403414817034e-20,8.077781839844326e-19,1.4862153247385677e-17,5.770625907983471e-17,1.58594646382587e-16,2.6724474712098213e-16,3.2433505207701875e-18,4.758210439441805e-21,0.0,4.801365598023994e-19,6.7711952934743605e-18,2.6067370518027647e-17,6.014233853607812e-17,1.1800132363550875e-18,9.022873483095778e-20,9.694266592789304e-19,1.4747605775306536e-17,5.692383255123214e-17,1.7585393122188245e-16,3.327595722675384e-16,1.511803516501511e-17,9.186235564012062e-19,0.0,3.9893385093282944e-19,7.854340251984354e-18,3.3618497996467525e-17,7.031784959095933e-17,1.2344364621084708e-16,3.674890672607291e-19,0.0,4.4143443609625395e-19,5.469648402954726e-18,2.997456540736155e-17,8.487315756747805e-17,4.922974406259772e-18,3.8070316363857362e-19,9.02510621730227e-19,1.2644821235962895e-17,5.834047476401046e-17,1.5524348529090934e-16,3.505721083735436e-16,1.5988378611095453e-17,1.1299261179078868e-18,8.865884550348795e-19,1.5305559216971878e-17,5.957957914283894e-17,1.4366277107355486e-16,3.46842839669389e-16,1.779438220178171e-17,1.1064988040932424e-18,0.0,4.955916467593236e-19,5.551600288261871e-18,2.4650151078099435e-17,6.489694890350815e-17,5.8965477134955976e-18,3.8381517375994997e-19,0.0,5.495632244182138e-19,7.72368022029815e-18,3.8282960196026216e-17,7.166889068855114e-17,1.3015887601913826e-16,7.304070044699713e-18,0.0,3.961178422428725e-19,7.314560121639659e-18,2.649589831052648e-17,8.531062120884135e-17,1.622756427002433e-16,7.067795764161813e-18,2.85715218456357e-19,4.717961809029315e-18,2.6884878656057126e-17,7.831557257326863e-17,2.0557554293475997e-16,1.0361227910807829e-17,5.843101570522346e-19,1.0372994150814377e-18,1.5395910392933692e-17,7.09014747180201e-17,1.5839986474277928e-16,3.68748090600811e-16,1.9526919572633933e-17,4.546080194164265e-20,4.854369696441504e-19,6.8439114905138945e-18,2.3094205662256883e-18,1.0718993067003372e-17,3.541535420370332e-17,7.571519247238356e-17,3.3919229120687236e-18,0.0,5.517664564647771e-19,7.403298567875295e-18,3.399644742244081e-17,8.877949370699016e-17,1.6521281661368328e-16,9.021480123673189e-18,0.0,5.11156387333382e-19,6.963588006363903e-18,3.117438330652566e-17,6.949831787158766e-17,4.9111580074145555e-18,4.0836678301852703e-19,9.991357793357836e-19,1.5567062240968196e-17,5.294411365513935e-17,1.8607699600309295e-16,3.383167823866377e-16,1.9694073231476417e-17,8.270475477862173e-19,9.11782329808846e-19,1.5847634004198137e-17,5.965177757069587e-17,1.923506336952337e-16,3.275498938230625e-16,1.580744669123393e-17,8.089684686999884e-19,8.99752813573964e-19,1.2876148403800643e-17,6.427623778970502e-17,2.0114450827763162e-16,3.6226242230010906e-16,1.698769891615438e-17,1.0067869542998973e-18
7.212579905314467e-19,1.145678158908132e-17,5.4866948204005165e-17,1.2472476295755576e-16,2.031617427656869e-16,1.3809969989548849e-17,8.416543175195692e-19,8.560972861462755e-19,9.741766143658778e-18,5.423121903038113e-17,1.4554716108387042e-16,1.9154055326069672e-16,1.1649203918254681e-17,6.116210934964889e-19,5.2852535168477e-19,9.949913437988116e-18,4.642662709352317e-17,1.0653493186748455e-16,1.8687528085245752e-16,3.1170587658584643e-16,5.545355925013674e-19,6.533511517065746e-19,9.017905949934184e-18,4.47407773599676e-17,1.1054420449488837e-16,2.636954913876659e-16,1.1859139183565717e-17,1.3911076572130619e-19,3.7434978690631057e-19,5.8933478396871335e-18,2.949255501677243e-17,1.0460757085659496e-16,1.5962862891687403e-16,2.3667155888701784e-18,1.308299044935904e-19,5.299165093308322e-19,8.153228734511935e-18,4.991473404829411e-17,1.2955660984376804e-16,2.5706017120117503e-16,1.1777963425534477e-17,1.6696344262274985e-19,0.0,2.736363809249129e-19,4.173955055163425e-18,1.9503520106464536e-17,5.353996131483024e-17,9.229043095575811e-17,6.754452719202051e-18,7.169831596472376e-19,9.395320072042746e-18,5.756481400958928e-17,1.1921676817954976e-16,2.0967910525277857e-16,1.4897933729908522e-17,6.469648696740072e-19,0.0,3.3124703378354632e-19,5.100725279817542e-18,1.9357145995319447e-17,5.087387622720457e-17,9.584402394107187e-17,6.3981741842821984e-18,6.277032448385594e-19,1.0277995860081951e-17,5.280757510667623e-17,1.116529137600092e-16,4.5133561998881095e-17,7.554862240691443e-17,3.100227564625691e-18,7.382351515244571e-19,1.094141096280317e-17,4.1340833924321535e-17,1.3611711755933418e-16,1.9757161852188672e-16,2.731913093904161e-16,7.994339509805686e-19,0.0,2.7285855049726376e-19,4.788753741321662e-18,3.703895606961097e-18,1.17295633615612e-17,2.948030636359435e-17,6.658536626630473e-20,5.609799918054063e-19,1.043039087560053e-17,4.087698323026011e-17,1.1327565708922502e-16,1.923081050450773e-16,2.340385786275688e-18,3.387606286946142e-21,0.0,3.334162791069676e-19,4.752425345779363e-18,1.8468928224336696e-17,4.2971293150899524e-17,8.456950319482358e-19,6.474570075528842e-20,6.732066430836023e-19,1.0350061782489198e-17,4.032307924441358e-17,1.2560008679613109e-16,2.394342706322469e-16,1.092555045113842e-17,6.655945597114353e-19,0.0,2.7704116451663654e-19,5.512551964318912e-18,2.3817784151014304e-17,5.023748208422053e-17,8.886458365369016e-17,2.649473539117347e-19,0.0,3.065609862906213e-19,3.8384363108937086e-18,2.1232139031330237e-17,6.062280899854753e-17,3.534082456338696e-18,2.740299255863815e-19,6.267501605332945e-19,8.875400465861328e-18,4.1333188794219373e-17,1.1089885749836384e-16,2.5229770843935086e-16,1.1557118315512803e-17,8.190032488434577e-19,6.156883224992069e-19,1.0742779367869659e-17,4.220925121210646e-17,1.0262293719505108e-16,2.4960603558908923e-16,1.2862051808331117e-17,8.019492274213275e-19,0.0,3.4415635429805257e-19,3.896319968726704e-18,1.7463543091981038e-17,4.636254998992375e-17,4.233621777130362e-18,2.7633858715719967e-19,0.0,3.816326413656872e-19,5.420731803705875e-18,2.712101474670069e-17,5.120049729019196e-17,9.36940738541314e-17,5.2830964679361016e-18,0.0,2.751011983082643e-19,5.1335512762687235e-18,1.8769933553621324e-17,6.094064377477732e-17,1.1679749572432563e-16,5.111395920402895e-18,1.9842142667137629e-19,3.3061343342602604e-18,1.900556985335875e-17,5.581473393615116e-17,1.4760888600755847e-16,7.473353757912268e-18,4.226482606320726e-19,7.203702747783732e-19,1.0805665950461124e-17,5.0225950401138754e-17,1.1313891015697112e-16,2.653479825607968e-16,1.411418663322026e-17,3.2778032258003493e-20,3.3711114497773947e-19,4.799143709643696e-18,1.6254010170300844e-18,7.590859852669881e-18,2.5256564171024093e-17,5.437977628112187e-17,2.447784763912338e-18,0.0,3.8316450890372085e-19,5.195991607251943e-18,2.4084184421739885e-17,6.342116497186965e-17,1.1891716245841772e-16,6.5246711402662135e-18,0.0,3.549408501859279e-19,4.887404583914035e-18,2.208500932793221e-17,4.964727234328041e-17,3.526011937066801e-18,2.9400097196557943e-19,6.938433451228821e-19,1.0925375538827671e-17,3.7504292131995386e-17,1.3290519539209042e-16,2.434445934748806e-16,1.4234470999727833e-17,5.994914695987599e-19,6.331789607955504e-19,1.1123713106794979e-17,4.226360342396069e-17,1.3741589410221453e-16,2.357527988134746e-16,1.1427958415256431e-17,5.865065829388638e-19,6.248327672399001e-19,9.037766474821107e-18,4.553765715104817e-17,1.436879867296168e-16,2.6070992430886803e-16,1.2278929101001322e-17,7.2963712785346005e-19
5.008673637825235e-19,8.04130573863596e-18,3.887011993872607e-17,8.909295122438711e-17,1.4620286956162715e-16,9.98211517602497e-18,6.100509215120985e-19,5.945187034082598e-19,6.837929956086884e-18,3.842350946905378e-17,1.0397933295719229e-16,1.378584455367028e-16,8.421589423555548e-18,4.434066193751374e-19,3.670206161171952e-19,6.982341438770965e-18,3.2880815056620903e-17,7.607313575374162e-17,1.344305655148994e-16,2.2574532550328554e-16,4.020985539144255e-19,4.53726897166875e-19,6.32958778558776e-18,3.16962400811038e-17,7.896411096404229e-17,1.8976782573229312e-16,8.572565518008301e-18,1.0066591012547643e-19,2.599760989529379e-19,4.134029557196521e-18,2.087561005501596e-17,7.464874072211678e-17,1.1475571168244317e-16,1.7059450730513052e-18,9.438987646057449e-20,3.6800053589485386e-19,5.721537357786415e-18,3.5351202352466787e-17,9.251011133011497e-17,1.8491242328996601e-16,8.509453163048857e-18,1.2067650242193584e-19,0.0,1.9002624956170504e-19,2.929175663463799e-18,1.3814418828634357e-17,3.82383627925643e-17,6.641062448528346e-17,4.883423928824995e-18,4.979233731192208e-19,6.5950809867235516e-18,4.0786775830836195e-17,8.517008510581442e-17,1.509135109372387e-16,1.077022533511732e-17,4.690244869345756e-19,0.0,2.300412520307878e-19,3.5795954255936384e-18,1.3710858057134638e-17,3.633437490132151e-17,6.896818619022098e-17,4.625857755062869e-18,4.359097473514036e-19,7.213574659691463e-18,3.7407432184648435e-17,7.974418090660942e-17,3.2436115600774125e-17,5.4624752579080355e-17,2.2496088199124706e-18,5.126769771291751e-19,7.679715917703823e-18,2.928712174081805e-17,9.722470581608708e-17,1.4216512453258627e-16,1.979024768801524e-16,5.798060657656469e-19,0.0,1.8948399025967006e-19,3.3610384890143863e-18,2.6192368364581056e-18,8.355411969916996e-18,2.114885435255305e-17,4.782503210895323e-20,3.8958780123371043e-19,7.319853331629181e-18,2.895289106741169e-17,8.089614415887886e-17,1.383618627209688e-16,1.688614561131667e-18,2.4123700719969255e-21,0.0,2.3154315256914194e-19,3.335294860349464e-18,1.3083968718365464e-17,3.0698315593866464e-17,6.060260971798944e-19,4.645549103252991e-20,4.67487626410569e-19,7.263315874263331e-18,2.8560586053684576e-17,8.969549881384076e-17,1.7225509448195974e-16,7.894496918325037e-18,4.821974148575586e-19,0.0,1.9240019935402722e-19,3.868652957912062e-18,1.687257554960534e-17,3.5886570064387083e-17,6.396117297981924e-17,1.909909590105408e-19,0.0,2.128959894692294e-19,2.6935609929099834e-18,1.5037875554193275e-17,4.3295377094668484e-17,2.536656186940889e-18,1.9722304824749827e-19,4.352409521535089e-19,6.229344344927563e-18,2.928063818239566e-17,7.921047889671084e-17,1.8154299338275524e-16,8.352769716790154e-18,5.935597772150952e-19,4.2755665901454794e-19,7.539769079080674e-18,2.9900584643531404e-17,7.329681664638913e-17,1.7960089320394322e-16,9.295450986894854e-18,5.811466228099649e-19,0.0,2.390028209968425e-19,2.7344941508696845e-18,1.2370851180934792e-17,3.311711815686568e-17,3.0393119175692897e-18,1.9893586024238338e-19,0.0,2.6500296281361714e-19,3.804193147964822e-18,1.9211661216937796e-17,3.6572987688246876e-17,6.7433993579019e-17,3.820669356221263e-18,0.0,1.9105299737361633e-19,3.602707693466323e-18,1.329550664885015e-17,4.352643727459267e-17,8.405102605078011e-17,3.6959308250660005e-18,1.37786257451417e-19,2.3166797442298642e-18,1.3434512833996393e-17,3.977389391002297e-17,1.0597174267422064e-16,5.3895862574867896e-18,3.0567258191624063e-19,5.00279330308261e-19,7.583693269921907e-18,3.557644069948203e-17,8.080018797961308e-17,1.9091171463289026e-16,1.0200206623804596e-17,2.3632728606429205e-20,2.341189091337435e-19,3.365140463446755e-18,1.1440203330403867e-18,5.375244658875341e-18,1.8009936126263967e-17,3.905076243656319e-17,1.766195082747598e-18,0.0,2.6608415848326234e-19,3.64661103446491e-18,1.706024689143089e-17,4.5299817232636094e-17,8.558056073226414e-17,4.718108393764495e-18,0.0,2.464590284110442e-19,3.4300791542580386e-18,1.5644298332377782e-17,3.5461723596382914e-17,2.5312137461668597e-18,2.1164104285002714e-19,4.818180506874789e-19,7.667297137830451e-18,2.6564577873635178e-17,9.491454501680298e-17,1.7514883810798983e-16,1.0286786049478984e-17,4.344861512240133e-19,4.397199223890353e-19,7.807456545289691e-18,2.994075535873109e-17,9.815761003826032e-17,1.6965501865604089e-16,8.260479023201331e-18,4.2515800010050485e-19,4.338979980378561e-19,6.343345419874854e-18,3.225886191923225e-17,1.026303365863511e-16,1.8759526790322082e-16,8.874057257746216e-18,5.287149652435849e-19
3.478274338295231e-19,5.643712860056475e-18,2.7534441129343567e-17,6.363203117053719e-17,1.051962528390534e-16,7.214168558670051e-18,4.421204126626037e-19,4.1284199827635263e-19,4.7994143206285615e-18,2.7220825601646147e-17,7.427281384516114e-17,9.920555353320755e-17,6.08727782492163e-18,3.214072791221472e-19,2.548810915374876e-19,4.899545085263024e-18,2.3285227640700912e-17,5.4314083468547217e-17,9.668881778147974e-17,1.6346072003807338e-16,2.915269344072526e-19,3.150795450015086e-19,4.4424834505773824e-18,2.2452705811122e-17,5.639840508889176e-17,1.3654421330393863e-16,6.195817381873448e-18,7.283714931413596e-20,1.8055343389565418e-19,2.8997647229936077e-18,1.4775060194686695e-17,5.326310830715851e-17,8.24844538933117e-17,1.2295304694511238e-18,6.809461611568364e-20,2.5554720146672945e-19,4.014828168280729e-18,2.5034352733280365e-17,6.604866194952778e-17,1.3299289695631584e-16,6.147038354388471e-18,8.721496245633308e-20,0.0,1.3196345520224475e-19,2.0554465744551646e-18,9.783708241471139e-18,2.7306258451114937e-17,4.778024033610252e-17,3.5301323899551846e-18,3.457917186925469e-19,4.629198361638654e-18,2.889588366394637e-17,6.083860261598729e-17,1.0860042246303972e-16,7.784936090189844e-18,3.3997940124074256e-19,0.0,1.5976455035614489e-19,2.5119976911887252e-18,9.710668352875416e-18,2.594686011853804e-17,4.962070762689343e-17,3.3439357210718415e-18,3.0270736711410444e-19,5.062588404322716e-18,2.6495991546847388e-17,5.694724324720222e-17,2.3307400334525862e-17,3.94896369304433e-17,1.6321245340154753e-18,3.5604326247907988e-19,5.3899939225581255e-18,2.0745958033300616e-17,6.94362257413635e-17,1.0228044568594836e-16,1.4333633006734638e-16,4.204575603468982e-19,0.0,1.3157836230182135e-19,2.358893310363049e-18,1.8521134771254137e-18,5.9512895823565005e-18,1.5170011067176746e-17,3.435015860547127e-20,2.705621305313956e-19,5.13652957403254e-18,2.05051376490431e-17,5.776430685725893e-17,9.953257384324278e-17,1.2181750285912546e-18,1.717165819854884e-21,0.0,1.6079299203304457e-19,2.3405932184473533e-18,9.268071626839862e-18,2.1927649035886342e-17,4.342394175847556e-19,3.3331624521914315e-20,3.246197946706277e-19,5.0968872361678724e-18,2.0227360874815213e-17,6.404656454842615e-17,1.2390522405786978e-16,5.703452489239988e-18,3.4929477554797383e-19,0.0,1.3362255756480456e-19,2.7148171685335694e-18,1.1951405227714409e-17,2.5631752055245018e-17,4.6029171278448993e-17,1.3766422884726962e-19,0.0,1.4785357304966394e-19,1.890036581080384e-18,1.0649694997933396e-17,3.091648161565233e-17,1.8205002324020165e-18,1.4193310911973865e-19,3.022516088186994e-19,4.371888200594771e-18,2.0740517372736437e-17,5.656938483529813e-17,1.3060997236196908e-16,6.035952299532019e-18,4.3012032862081525e-19,2.9691374871289025e-19,5.291457008603946e-18,2.1179208257647393e-17,5.234440298919815e-17,1.2920886552528474e-16,6.7168000408853676e-18,4.2108687657008085e-19,0.0,1.6598641898029745e-19,1.9189419093967387e-18,8.762567219416195e-18,2.3652766172521e-17,2.1816398370352712e-18,1.4320309167996326e-19,0.0,1.8401874347265753e-19,2.669652357497942e-18,1.3607529992818566e-17,2.6120885845718305e-17,4.852595924095109e-17,2.7625935538578373e-18,0.0,1.3268248390418488e-19,2.528265759706631e-18,9.416829549257637e-18,3.108425777610932e-17,6.047581204815025e-17,2.672000167173769e-18,9.569205501806775e-20,1.6232645720832386e-18,9.495697629607811e-18,2.8339887096768766e-17,7.606844368113602e-17,3.8862301871760686e-18,2.2103976417458267e-19,3.4741623751823315e-19,5.322043681029027e-18,2.519703381040516e-17,5.769709762257273e-17,1.3733482121082199e-16,7.370448315186434e-18,1.7036255852062412e-20,1.62594021423347e-19,2.3595628098671986e-18,8.05128048855459e-19,3.8061707020414276e-18,1.2841224940646573e-17,2.8039061284860433e-17,1.2742142534960907e-18,0.0,1.8478973310399074e-19,2.5590813165709064e-18,1.2083639999699569e-17,3.2351987584099405e-17,6.157932312663206e-17,3.411186909232405e-18,0.0,1.7114190639587974e-19,2.4071613360597126e-18,1.1080716458305372e-17,2.5325913073558974e-17,1.8168354880536867e-18,1.5233269917170973e-19,3.345881558396779e-19,5.380623510205808e-18,1.8813810939942358e-17,6.777427352119795e-17,1.2599266410489786e-16,7.432772623849567e-18,3.148591881778905e-19,3.0538211509074347e-19,5.47960867196232e-18,2.1208916532481588e-17,7.010531062669016e-17,1.2206907406468389e-16,5.969992119590249e-18,3.081577242533213e-19,3.01327299595794e-19,4.452004150682609e-18,2.2849935068815483e-17,7.329476505408489e-17,1.3496342891715522e-16,6.412353948821658e-18,3.8307342361066194e-19
2.415416859583834e-19,3.9608024044542296e-18,1.9502684895013978e-17,4.544122914267665e-17,7.567891075355504e-17,5.2129816079636095e-18,3.203726350712346e-19,2.8670282033129165e-19,3.3684452209874916e-18,1.9282352826552415e-17,5.3046436264114196e-17,7.137870751845231e-17,4.399298418776247e-18,2.329484593184049e-19,1.7700639606256792e-19,3.4378683750862677e-18,1.648853590261325e-17,3.8773803962182727e-17,6.953242579921427e-17,1.1833963303325216e-16,2.1132728014718926e-19,2.188060790204395e-19,3.1178505344891167e-18,1.5903450599207088e-17,4.0275909163047294e-17,9.823242241082104e-17,4.477392343671747e-18,5.2695725632576e-20,1.2539824578024694e-19,2.0339083485114463e-18,1.0456219390454785e-17,3.7999459296800625e-17,5.927921400345573e-17,8.86047936793868e-19,4.9120101932369924e-20,1.7744811236581275e-19,2.8171356513668765e-18,1.7726727338964503e-17,4.71502168485162e-17,9.563633571974856e-17,4.439855976371917e-18,6.302701554981084e-20,0.0,9.163606151771694e-20,1.4422363190723045e-18,6.9284481005697896e-18,1.9496886756752335e-17,3.437081912345618e-17,2.551450916818022e-18,2.40151428666696e-19,3.249105806246862e-18,2.0469756204881597e-17,4.345233678897652e-17,7.813862528586067e-17,5.626263056970676e-18,2.464096057230906e-19,0.0,1.1095413800427932e-19,1.762762194936085e-18,6.8769143310464866e-18,1.8526499473391805e-17,3.569505906195812e-17,2.4168832773785077e-18,2.1020758150818913e-19,3.55283819096155e-18,1.876527830860905e-17,4.066198309471825e-17,1.6745603849709865e-17,2.854358854822096e-17,1.1839463975353404e-18,2.472637192067482e-19,3.782827458248311e-18,1.4694179013658168e-17,4.9583521509813315e-17,7.35738752929126e-17,1.037965637118048e-16,3.048595967688568e-19,0.0,9.136811002536542e-20,1.6554741068802058e-18,1.3095569283966088e-18,4.238439802737091e-18,1.0879866424927088e-17,2.466916667080278e-20,1.878899731939294e-19,3.604235623817002e-18,1.4520779099016117e-17,4.124146047826678e-17,7.15892510688531e-17,8.786836214415117e-19,1.2222855210526468e-21,0.0,1.1165580747365216e-19,1.6424749133179839e-18,6.56444517781235e-18,1.5660731919606333e-17,3.110996853999795e-19,2.391242789502702e-20,2.25416807811872e-19,3.5765535121765005e-18,1.4324074787760595e-17,4.5725903318162106e-17,8.911273770877025e-17,4.1198903621950694e-18,2.529877742131174e-19,0.0,9.280675892283501e-20,1.905057384921918e-18,8.464678670471006e-18,1.830485528314279e-17,3.3119212470600747e-17,9.921736024944562e-20,0.0,1.0268147891272984e-19,1.3261097935411671e-18,7.541309311325895e-18,2.2073970438979022e-17,1.3063573463165726e-18,1.0213211258569213e-19,2.09907865800353e-19,3.0681493787868623e-18,1.4689760098172974e-17,4.039445211403667e-17,9.395142495923944e-17,4.361028401299503e-18,3.1164362662252734e-19,2.061770734118405e-19,3.713353175884205e-18,1.5000224813016796e-17,3.73767659269182e-17,9.294114890821287e-17,4.85279126727583e-18,3.0507290331900166e-19,0.0,1.1526202439191557e-19,1.346585976962998e-18,6.20611640578333e-18,1.689084336300738e-17,1.5657761787808723e-18,1.0306945937925087e-19,0.0,1.277955441190792e-19,1.8733763584887108e-18,9.63706619393018e-18,1.865328705471408e-17,3.491391306383362e-17,1.9972118560392496e-18,0.0,9.214559358591205e-20,1.7741200615007116e-18,6.668970707899848e-18,2.219581295352424e-17,4.3506263970434815e-17,1.9314257884048917e-18,6.644890711373096e-20,1.1373885820180153e-18,6.711052339816452e-18,2.0190415472387447e-17,5.4595334669183874e-17,2.801847344092194e-18,1.5981805767551631e-19,2.412602792123602e-19,3.734624231198935e-18,1.7843970923865467e-17,4.119452851416463e-17,9.877798948136069e-17,5.32488374212347e-18,1.2279522405930876e-20,1.1291832330315349e-19,1.6543977780703885e-18,5.665862486963727e-19,2.6948929933287475e-18,9.154941367228126e-18,2.0129654090238184e-17,9.19132703671055e-19,0.0,1.2833757587401644e-19,1.7957541486662524e-18,8.557951812089116e-18,2.310208798048647e-17,4.4302143541010454e-17,2.465866188637075e-18,0.0,1.1884451539089872e-19,1.6892432312125697e-18,7.847694758812534e-18,1.8084711462076748e-17,1.3039109701414288e-18,1.0963468175071108e-19,2.3236487209631146e-19,3.7756057116256156e-18,1.3323259930810486e-17,4.8388302077597864e-17,9.061826766788401e-17,5.36976488569289e-18,2.2813910990870337e-19,2.1208754964143425e-19,3.845588703813119e-18,1.502226817260685e-17,5.006342247375869e-17,8.781657930446929e-17,4.3139328470579664e-18,2.233224616730623e-19,2.0926549332116325e-19,3.124359304513071e-18,1.6183572915716856e-17,5.233761833060044e-17,9.708266460474724e-17,4.632816464445308e-18,2.7750707263662616e-19
1.6774330779536517e-19,2.779577192815865e-18,1.3812409321607115e-17,3.2446638208759553e-17,5.4435465803669427e-17,3.766339697368446e-18,2.3211186850553724e-19,1.9909241569335817e-19,2.363953494639102e-18,1.365775613856877e-17,3.788114466495904e-17,5.1348870868582016e-17,3.178913410667582e-18,1.6881399768601616e-19,1.2291913230882644e-19,2.4121362126243154e-18,1.1674488924243434e-17,2.767631117695571e-17,4.999524862489761e-17,8.565824199712306e-17,1.5316833148044202e-19,1.5195997085603893e-19,2.1880067174735007e-18,1.126355355866937e-17,2.8758766979908496e-17,7.065904187015287e-17,3.2350831776697745e-18,3.8119540705905635e-20,8.707953895842422e-20,1.4265021247043711e-18,7.39902450217143e-18,2.7106660046091767e-17,4.259589303171289e-17,6.38463741693882e-19,3.5429881385411504e-20,1.2321918403265618e-19,1.9766148778112466e-18,1.255118062183011e-17,3.365461302227879e-17,6.876234997690013e-17,3.206304114489094e-18,4.554479513523577e-20,0.0,6.363464445655846e-20,1.011922640688281e-18,4.905960857202535e-18,1.3919146980459273e-17,2.4720844021668054e-17,1.8437759818543275e-18,1.667693909746788e-19,2.280338607979275e-18,1.449923954874514e-17,3.103078900592024e-17,5.62122589401293e-17,4.06555011738558e-18,1.7856827382258052e-19,0.0,7.705821135250927e-20,1.2368898042723855e-18,4.86961899196568e-18,1.322653928719905e-17,2.5673446842549484e-17,1.746546930337221e-18,1.4596508420218793e-19,2.493200922511106e-18,1.328883725760366e-17,2.903011165116218e-17,1.202945673125873e-17,2.0628446768733664e-17,8.5871909511272695e-19,1.7172380665571748e-19,2.654739163380885e-18,1.0406831353514058e-17,3.540231253094502e-17,5.2915990818368944e-17,7.51505883989023e-17,2.210052893550841e-19,0.0,6.345063273581949e-20,1.1617180404693298e-18,9.258969539937358e-19,3.0182624481799095e-18,7.8019243653838e-18,1.7713608435244775e-20,1.3047789579743481e-19,2.528893581667804e-18,1.0281840993744412e-17,2.9440902651952657e-17,5.148296848797198e-17,6.3371961774476045e-19,8.70655715401939e-22,0.0,7.754141824948696e-20,1.1525578148508539e-18,4.649048603534705e-18,1.1183493030820071e-17,2.2285930483907854e-19,1.7153508969283725e-20,1.565347259645595e-19,2.509543846808711e-18,1.0142799485818625e-17,3.264190354162685e-17,6.408005108562774e-17,2.975532418156898e-18,1.8321223331388965e-19,0.0,6.4454075067535e-20,1.3368293175572566e-18,5.9945622181472226e-18,1.3070666134777945e-17,2.3826225522633867e-17,7.149803424486629e-20,0.0,7.131029818776022e-20,9.303609239448725e-19,5.3397021867039005e-18,1.5758429797287302e-17,9.373044769517126e-19,7.348548812704043e-20,1.4576670368542769e-19,2.1530513870993207e-18,1.0403190741716184e-17,2.884062561278621e-17,6.757145583089484e-17,3.1504068235729293e-18,2.2577392237055553e-19,1.4317851049079994e-19,2.6057070537585877e-18,1.0622824327751257e-17,2.6685492038987154e-17,6.684303995513632e-17,3.505567859542143e-18,2.2099325229636065e-19,0.0,8.00384748614889e-20,9.448703801923315e-19,4.395036105249214e-18,1.2060484786117911e-17,1.1236233434687105e-18,7.417835734602278e-20,0.0,8.874897662379336e-20,1.3145125322546555e-18,6.824394173341095e-18,1.3318803886156467e-17,2.5116221798905397e-17,1.4436475501817965e-18,0.0,6.399640633630348e-20,1.244863560690032e-18,4.722586669962835e-18,1.5846812647648213e-17,3.1293494105399333e-17,1.395882998285485e-18,4.6138390051167453e-20,7.968623651777108e-19,4.7426554332122905e-18,1.4382860407584263e-17,3.9178084875931947e-17,2.019761340280097e-18,1.155366368569817e-19,1.6754067334798606e-19,2.6206489176745573e-18,1.2635649288158373e-17,2.940842614852899e-17,7.103497543134292e-17,3.846449084398133e-18,8.850343830981469e-21,7.841904763204092e-20,1.1598796483564778e-18,3.987368981266904e-19,1.907985142097137e-18,6.526185012643628e-18,1.4449405819964004e-17,6.628958683977013e-19,0.0,8.912726543596233e-20,1.2601043735514938e-18,6.060331553652395e-18,1.649457557782612e-17,3.186720040917106e-17,1.7822297301663545e-18,0.0,8.252256840903242e-20,1.185344964502868e-18,5.557491558986026e-18,1.2912283483789837e-17,9.356737365395438e-19,7.889563750517642e-20,1.6138087708922508e-19,2.6492691651972603e-18,9.434083909441547e-18,3.4543203591184186e-17,6.516566743308385e-17,3.878783601914395e-18,1.6527812771018334e-19,1.4728102678096454e-19,2.6986636372346803e-18,1.0639228363953975e-17,3.574630509530453e-17,6.316540840765618e-17,3.1167527535932412e-18,1.6182490525599722e-19,1.4533659021859474e-19,2.1925117570259266e-18,1.1461102541520216e-17,3.736775223583115e-17,6.982312026943992e-17,3.346658577352194e-18,2.0100509151163893e-19
1.1649341876636127e-19,1.950582843153149e-18,9.781445820082722e-18,2.316521967830355e-17,3.914905267291466e-17,2.7207367838880184e-18,1.6814720766134978e-19,1.3824438789020968e-19,1.6589237338226361e-18,9.672959594463734e-18,2.7048054596962168e-17,3.6933801051914675e-17,2.296710788820246e-18,1.2231722154275568e-19,8.536819994788767e-20,1.6923460613422846e-18,8.26523194828715e-18,1.975235021247029e-17,3.5942082551714515e-17,6.199163247919962e-17,1.1099905879302354e-19,1.0553107107336013e-19,1.5353724586675917e-18,7.976489277974801e-18,2.0532192532400863e-17,5.081756676217344e-17,2.3370847513204474e-18,2.75714217611543e-20,6.047471178786197e-20,1.00047110482105e-18,5.235229958519313e-18,1.933399122358748e-17,3.0603300362465234e-17,4.599981249042622e-19,2.5552713380808277e-20,8.556022285218804e-20,1.386801673859095e-18,8.885793930861646e-18,2.4018911044138555e-17,4.9432611499630375e-17,2.3151333111743244e-18,3.290645072298757e-20,0.0,4.4194528570212893e-20,7.099584557261554e-19,3.473536815598621e-18,9.93582353921852e-18,1.7777409583790654e-17,1.3321615916380598e-18,1.1582113714308374e-19,1.6003232434447071e-18,1.0269132124946234e-17,2.2157217114009895e-17,4.043230860597274e-17,2.9373181052286612e-18,1.2938744399199965e-19,0.0,5.3518697657366746e-20,8.678346085213532e-19,3.447897295083409e-18,9.441561583963085e-18,1.846244593429596e-17,1.2619439899356468e-18,1.0136455376744408e-19,1.749451143748097e-18,9.409793242052714e-18,2.0723097209027066e-17,8.640365094197244e-18,1.4905888092302316e-17,6.227303520864578e-19,1.1926454781001875e-19,1.862948956681385e-18,7.36974663430236e-18,2.5273961599816116e-17,3.805250485987078e-17,5.4400819712668484e-17,1.601993820435479e-19,0.0,4.406526074048194e-20,8.151759902278831e-19,6.545759083927955e-19,2.1491051803193332e-18,5.594012645881254e-18,1.2717685607264875e-20,9.060531253612168e-20,1.7743412903081377e-18,7.279585089389632e-18,2.1014271551329393e-17,3.7017843042721557e-17,4.56988679691146e-19,6.200445257422512e-22,0.0,5.385044955474484e-20,8.08761076079174e-19,3.2922381945584803e-18,7.98519809175551e-18,1.5963784081718135e-19,1.2304830728730339e-20,1.086994636812313e-19,1.7608093237992246e-18,7.181365296354283e-18,2.3298744253690574e-17,4.607223649755002e-17,2.148723584964719e-18,1.3266559758631445e-19,0.0,4.476174945796342e-20,9.37973737243439e-19,4.244808456922625e-18,9.33187645255862e-18,1.713808170111419e-17,5.151732748909032e-20,0.0,4.9521407934760457e-20,6.526853892841994e-19,3.780514264074767e-18,1.124841634007769e-17,6.724276213280365e-19,5.286625939120775e-20,1.0123330992832003e-19,1.5108556400463457e-18,7.366914502007947e-18,2.0588873196295568e-17,4.859112724826925e-17,2.275515620316958e-18,1.6354204944061809e-19,9.94269444455372e-20,1.8283624577873308e-18,7.522234589834857e-18,1.904995150481288e-17,4.8065827532925245e-17,2.5319480792857e-18,1.6006290902294173e-19,0.0,5.558134519107022e-20,6.629503523353508e-19,3.112112949534202e-18,8.610423059449374e-18,8.062213463998667e-19,5.3376941909812695e-20,0.0,6.162949328928802e-20,9.222961863009612e-19,4.832312912774231e-18,9.508743143882625e-18,1.8065249654444764e-17,1.0433375893963883e-18,0.0,4.444391479350079e-20,8.734445623813396e-19,3.343923265106976e-18,1.1312514707833841e-17,2.2505428555289248e-17,1.008663748315552e-18,3.204168045260039e-20,5.58286452985276e-19,3.3512996397009118e-18,1.0244685263545674e-17,2.811056421725746e-17,1.4557869310377567e-18,8.351651908016203e-20,1.1635779144205843e-19,1.838845729590739e-18,8.946687127430696e-18,2.099175699140589e-17,5.107621070536387e-17,2.778087801967023e-18,6.378673943866968e-21,5.445253440453529e-20,8.131452026861023e-19,2.805910141661085e-19,1.3507881329202365e-18,4.651809530957437e-18,1.0370666993021034e-17,4.780285660859276e-19,0.0,6.190387269976246e-20,8.841403413581501e-19,4.2912993878335965e-18,1.1775386821493402e-17,2.291892825343363e-17,1.2879142717674125e-18,0.0,5.730954857088302e-20,8.317053788396106e-19,3.935213197583071e-18,9.218029913654125e-18,6.713353553090686e-19,5.677065329318544e-20,1.1207111295132156e-19,1.8588199851815206e-18,6.6795872951251864e-18,2.46563616583177e-17,4.685498975111929e-17,2.801361038906002e-18,1.1972577745313334e-19,1.0227779853081493e-19,1.8937616787014075e-18,7.534209384086298e-18,2.5520417957266393e-17,4.542715217814871e-17,2.2514506140645624e-18,1.172477961456367e-19,1.009378267297958e-19,1.5384853614717473e-18,8.115930059406364e-18,2.667626260653786e-17,5.021009435236832e-17,2.417189317570279e-18,1.4557341852988232e-19
8.089938608156937e-20,1.3687088503518582e-18,6.926349440769625e-18,1.6536627141899852e-17,2.815097428039269e-17,1.9651191971154266e-18,1.2179372303423589e-19,9.599172257152858e-20,1.16409872318252e-18,6.8499977684148374e-18,1.9310480689505328e-17,2.6561406909535434e-17,1.6590972907804743e-18,8.861559559910314e-20,5.928341100075104e-20,1.1873042402000288e-18,5.851011341393318e-18,1.4095287397013107e-17,2.5835353029030128e-17,4.485609226507227e-17,8.042776229781863e-20,7.329154569344442e-20,1.0773375078770606e-18,5.6482217504600526e-18,1.465698780976738e-17,3.6541985564541624e-17,1.6880989848690966e-18,1.993881122757635e-20,4.200039024403237e-20,7.016668932732242e-19,3.703898297298747e-18,1.3788395988453087e-17,2.1983923517967785e-17,3.3136546500756994e-19,1.8427007346274504e-20,5.941616793798407e-20,9.729082311141169e-19,6.2901333703218505e-18,1.7139670975606136e-17,3.5531178818105306e-17,1.6714408395424856e-18,2.3774251379038923e-20,0.0,3.069048053615231e-20,4.98068885627722e-19,2.4591537036416185e-18,7.091538434821944e-18,1.2782240655034702e-17,9.623564862811432e-19,8.043126107535248e-20,1.1230477062495844e-18,7.272334028037102e-18,1.5819026027717e-17,2.9077577845252175e-17,2.121862569047934e-18,9.373680363151492e-20,0.0,3.717095953673171e-20,6.088707532770781e-19,2.441041278060056e-18,6.738851842742217e-18,1.327471331216619e-17,9.116450336286687e-19,7.039285765426435e-20,1.22752588926465e-18,6.662372393877873e-18,1.479120007953698e-17,6.205189716198472e-18,1.0769187198652355e-17,4.515273399680639e-19,8.282673623777345e-20,1.307220204270316e-18,5.218417316980543e-18,1.804092956001103e-17,2.7359800985479375e-17,3.9373250930252845e-17,1.1610799352661275e-19,0.0,3.0603455096715093e-20,5.719404425054654e-19,4.627042947677925e-19,1.5300765838642186e-18,4.010441793831898e-18,9.13032282566914e-21,6.292550901705577e-20,1.244897592522126e-18,5.153489535167552e-18,1.499775669694453e-17,2.661294672709306e-17,3.295023439176263e-19,4.416596889063439e-22,0.0,3.7391433638934767e-20,5.674704092274996e-19,2.3312285334119343e-18,5.700800383770011e-18,1.1433920444540892e-19,8.826162419778653e-21,7.547501385954164e-20,1.235420316354807e-18,5.084053189801457e-18,1.662782950953166e-17,3.3120149017955786e-17,1.5514528070795778e-18,9.605093422003216e-20,0.0,3.1083712446797376e-20,6.581005220000795e-19,3.0055504322661427e-18,6.6617646524463005e-18,1.2325382334821927e-17,3.711497913813224e-20,0.0,3.439127568902425e-20,4.578461404399057e-19,2.6763447060213426e-18,8.028046016613065e-18,4.823398100790303e-19,3.8027536829135193e-20,7.029602327796095e-20,1.060122923474118e-18,5.21630217055065e-18,1.469622939096614e-17,3.493685689510272e-17,1.6433232589598097e-18,1.1845104744717802e-19,6.905136577455158e-20,1.2827923752685464e-18,5.326151264161639e-18,1.3597418195916521e-17,3.455819801027838e-17,1.828457517701807e-18,1.1591682242829417e-19,0.0,3.860283907242951e-20,4.651532001167307e-19,2.2035041614579274e-18,6.146443333410239e-18,5.784043840612269e-19,3.840474543371752e-20,0.0,4.2797947704851934e-20,6.470721923688311e-19,3.4214322904031223e-18,6.787797152219982e-18,1.2991721555341191e-17,7.538986058225137e-19,0.0,3.0867763763468435e-20,6.128152206470231e-19,2.3674631378578793e-18,8.074525821692137e-18,1.6182742249433988e-17,7.287483840271618e-19,2.225279311732178e-20,3.911210032661716e-19,2.367946411092941e-18,7.296237468642988e-18,2.0166606427308307e-17,1.0491352986107368e-18,6.036347287984727e-20,8.080071476835093e-20,1.2901858073685312e-18,6.334192520971755e-18,1.4981977090575924e-17,3.671952920525807e-17,2.0061648667806323e-18,4.597687245512749e-21,3.780929212413488e-20,5.70030105715216e-19,1.974657386911008e-19,9.562062045017226e-19,3.315461774612893e-18,7.442263551006807e-18,3.446657810612248e-19,0.0,4.299463150929211e-20,6.202986933192308e-19,3.0382722044948952e-18,8.40540623961454e-18,1.64807704553404e-17,9.305518293831797e-19,0.0,3.9805590711860696e-20,5.835803136286071e-19,2.7862341994870415e-18,6.579852091668555e-18,4.816191919393706e-19,4.084640973913708e-20,7.782058604459475e-20,1.3041305318657913e-18,4.728852701184121e-18,1.7597088059354797e-17,3.368416915731553e-17,2.0229034831536366e-18,8.671807372467058e-20,7.101791471438969e-20,1.328810031232727e-18,5.33482438711603e-18,1.8217486952855172e-17,3.266500909566293e-17,1.6261487467709062e-18,8.493654339477185e-20,7.010580481520876e-20,1.0794559092064314e-18,5.746658378318863e-18,1.904132503236604e-17,3.6100653946606524e-17,1.7456059284930303e-18,1.0541714533809153e-19
5.617757657526104e-20,9.603247559311846e-19,4.904237152424508e-18,1.1803140345289585e-17,2.0239430121837645e-17,1.4191369776682263e-18,8.820429634356651e-20,6.66604709907389e-20,8.168349172717806e-19,4.8503600469473345e-18,1.3784754778483127e-17,1.9098927025682504e-17,1.198309995077085e-18,6.418993510014965e-20,4.1170784846783145e-20,8.329335627776159e-19,4.141617572656426e-18,1.0057177903118851e-17,1.856772382890669e-17,3.245155732638909e-17,5.826569404613458e-20,5.0894060276191415e-20,7.559206595251509e-19,3.999115519188532e-18,1.046172685785285e-17,2.6272577351498818e-17,1.2191467572678951e-18,1.4418540945586234e-20,2.9167490821636116e-20,4.920615911603149e-19,2.62033811434916e-18,9.832086483973782e-18,1.5789939640822852e-17,2.3868330478002955e-19,1.3289399043148096e-20,4.1259041181974537e-20,6.825621339607794e-19,4.452233739045572e-18,1.222931870145075e-17,2.5535258560409177e-17,1.2065531178382109e-18,1.7172667259318014e-20,0.0,2.131578191832247e-20,3.494239130887347e-19,1.740872290104286e-18,5.060785648934714e-18,9.189195300470785e-18,6.951077835280012e-19,5.585710678158664e-20,7.880781374043751e-19,5.1495968369382445e-18,1.1292570218085847e-17,2.0908547986882763e-17,1.532547889833443e-18,6.790172458333478e-20,0.0,2.5817551410513913e-20,4.2715912200534293e-19,1.728017329562939e-18,4.809269146718939e-18,9.543280061885563e-18,6.584846482851803e-19,4.888490644047797e-20,8.612164732185673e-19,4.716688114279754e-18,1.0555939858035877e-17,4.455765617677197e-18,7.779342783306486e-18,3.2734046749579996e-19,5.752516105825147e-20,9.172324096678187e-19,3.694674983549247e-18,1.2876168023849653e-17,1.966869124354274e-17,2.8491926265043004e-17,8.414088623792795e-20,0.0,2.1256251206502056e-20,4.0125606847444823e-19,3.2704670392946837e-19,1.0892714224460083e-18,2.8748023534793484e-18,6.553957648438899e-21,4.3705609140346453e-20,8.733593795537147e-19,3.648118778615085e-18,1.0702332049710979e-17,1.912971667666469e-17,2.3755159760281884e-19,3.1473653066847403e-22,0.0,2.5963722350024777e-20,3.9816864328753753e-19,1.6505351808838146e-18,4.069400360670489e-18,8.188382985561857e-20,6.330378010677084e-21,5.241443395404825e-20,8.667576766776963e-19,3.5988864571534604e-18,1.1865483368384755e-17,2.3805593297716852e-17,1.1200169411455122e-18,6.95344039990924e-20,0.0,2.1581455215104573e-20,4.617439736410447e-19,2.1278857022415585e-18,4.7549813975589076e-18,8.862842756072749e-18,2.6734876856794713e-20,0.0,2.3882678871538927e-20,3.2117061900743765e-19,1.894527246344527e-18,5.728981273354348e-18,3.4594871333900307e-19,2.735255965984237e-20,4.881567609805805e-20,7.438167062436946e-19,3.693175524560633e-18,1.0488784462477805e-17,2.5115713579289693e-17,1.1865927909354264e-18,8.57795496504184e-20,4.795444289392914e-20,9.000177876680039e-19,3.770775269261762e-18,9.704218727883244e-18,2.4842698991641627e-17,1.3202345306521991e-18,8.393511911233838e-20,0.0,2.680961662294682e-20,3.263502311930409e-19,1.5600699621256958e-18,4.386979394828961e-18,4.1491504309205696e-19,2.7628334320376936e-20,0.0,2.971507707393479e-20,4.539328149246829e-19,2.4221791093317453e-18,4.844805506572792e-18,9.34157045124099e-18,5.446662307322721e-19,0.0,2.144146813814049e-20,4.2997111445177353e-19,1.6760177442099017e-18,5.762628074446298e-18,1.1634579037706088e-17,5.264244292233186e-19,1.5453550651029846e-20,2.7399813576103635e-19,1.6729845071676408e-18,5.195805251346294e-18,1.4465443910784898e-17,7.559690795183036e-19,4.362459326566765e-20,5.611776066743777e-20,9.052063871187212e-19,4.484197710962949e-18,1.069139577142959e-17,2.6394378788944488e-17,1.4484918441555896e-18,3.3140525278822314e-21,2.625207481237794e-20,3.995480493094691e-19,1.3896874846130385e-19,6.76837910752448e-19,2.362792364417983e-18,5.340077286560101e-18,2.4847141999426165e-19,0.0,2.985742436723688e-20,4.351796806445854e-19,2.1509732185912137e-18,5.9991250996610044e-18,1.184929712774064e-17,6.722423269941002e-19,0.0,2.764695912133365e-20,4.094445399007396e-19,1.97254540660102e-18,4.696124559660071e-18,3.4547935871821147e-19,2.938519888924403e-20,5.4046862566553284e-20,9.14923555139233e-19,3.3475439659323887e-18,1.2557475849067897e-17,2.4211883129564894e-17,1.4605453365158335e-18,6.280028282420594e-20,4.931735081241312e-20,9.323348927349049e-19,3.7771350784578765e-18,1.3002688388636053e-17,2.3484600007952765e-17,1.174337487457812e-18,6.151855468955254e-20,4.868728797087846e-20,7.573593253577943e-19,4.068717651282078e-18,1.3589906258221076e-17,2.5952118383007743e-17,1.2603933135680966e-18,7.632956490292762e-20
3.900677311999692e-20,6.737549384408644e-19,3.4721737659447625e-18,8.423545329110352e-18,1.4549047753281065e-17,1.0246888552900145e-18,6.387086314091125e-20,4.6292296869599014e-20,5.731385554513111e-19,3.4341267953968937e-18,9.838962705193934e-18,1.3730925660256711e-17,8.653521273627764e-19,4.64900133637766e-20,2.8592905873418856e-20,5.842819150547356e-19,2.931373595133137e-18,7.175098425514744e-18,1.3342546413518457e-17,2.3473198382380347e-17,4.220433407086331e-20,3.53398665171761e-20,5.30370781256265e-19,2.8312363670466818e-18,7.466331360284327e-18,1.8886244297309387e-17,8.803301884753969e-19,1.0425481609206342e-20,2.025896721213197e-20,3.4506304666077887e-19,1.853595433752208e-18,7.0100625309114e-18,1.1339372106473619e-17,1.718958637122235e-19,9.583739732104051e-21,2.8649719751262847e-20,4.788259829500811e-19,3.151121673323428e-18,8.724596951154881e-18,1.8348712323549697e-17,8.70813637979863e-19,1.2401799703543539e-20,0.0,1.480144024644769e-20,2.451151377857673e-19,1.2322752610518495e-18,3.6111108923204325e-18,6.6051614103866365e-18,5.019938878617219e-19,3.879610706264751e-20,5.529536522459559e-19,3.646202905277689e-18,8.060217056792681e-18,1.5032211149536348e-17,1.1067189692653555e-18,4.9180366972024195e-20,0.0,1.7929661027072928e-20,2.9966149293338724e-19,1.223187381042495e-18,3.4317858637556547e-18,6.8596395675106216e-18,4.755528118539645e-19,3.395249255571709e-20,6.041973587605191e-19,3.338986074736411e-18,7.532560728045449e-18,3.1990618589882334e-18,5.61874112738065e-18,2.372755804607355e-19,3.995676751851144e-20,6.435200414368596e-19,2.6156392247222865e-18,9.188774556069132e-18,1.4137584218300066e-17,2.0614285312482934e-17,6.096515307063135e-20,0.0,1.4766318766786336e-20,2.8150136921537683e-19,2.311352686274022e-19,7.753982770263384e-19,2.060467596851268e-18,4.704800502317578e-21,3.035312808358349e-20,6.126470642214016e-19,2.582207756774985e-18,7.636232698335104e-18,1.3748513995720434e-17,1.7123421810556622e-19,2.241866884835079e-22,0.0,1.8030239504516487e-20,2.7933377428199524e-19,1.1684641623387586e-18,2.904450927831432e-18,5.863573650454648e-20,4.539341337108116e-21,3.639727549271335e-20,6.080487742022223e-19,2.547389500787029e-18,8.466064953330154e-18,1.7107956763324432e-17,8.084453759057036e-19,5.032872570763539e-20,0.0,1.4983310681532985e-20,3.2396512047404658e-19,1.506382434347335e-18,3.3935598886770107e-18,6.372034776898653e-18,1.9255408039689824e-20,0.0,1.6587454895298656e-20,2.2529274813044375e-19,1.340984342148163e-18,4.087795049472491e-18,2.4809566123616585e-19,1.9672676660602337e-20,3.3901840152823236e-20,5.218838220158413e-19,2.614492394577869e-18,7.485020448654235e-18,1.8052639708616344e-17,8.566823182796947e-19,6.211096717204448e-20,3.330093887664805e-20,6.314293999027561e-19,2.6692921905455635e-18,6.924965017888442e-18,1.785584742831672e-17,9.53131223233103e-19,6.077124841859007e-20,0.0,1.8615811252065595e-20,2.2895107854898584e-19,1.1044152898733565e-18,3.130811577477215e-18,2.9759687322181897e-19,1.9873490042062364e-20,0.0,2.0632061125943442e-20,3.1842365671206727e-19,1.7145936578116328e-18,3.45752955985858e-18,6.715875825884632e-18,3.9343768619216786e-19,0.0,1.4892879604817494e-20,3.0165135870852004e-19,1.1863883871237153e-18,4.1121562137809366e-18,8.363452756338423e-18,3.802101721521363e-19,1.073370780464847e-20,1.9194300255981345e-19,1.1819376716074382e-18,3.699592559829202e-18,1.0374676648999153e-17,5.446481149763729e-19,3.152230219441366e-20,3.897888889331076e-20,6.350503916554037e-19,3.174207723094815e-18,7.628682602819536e-18,1.8969772202294588e-17,1.0457095999895194e-18,2.388362245122103e-21,1.8231298348017183e-20,2.8005201921799445e-19,9.77837174337829e-20,4.790655323909232e-19,1.6836926458376925e-18,3.831163793942143e-18,1.7910154491113195e-19,0.0,2.0735989673851575e-20,3.052709496548128e-19,1.5226501211151165e-18,4.281190561434302e-18,8.518044862970086e-18,4.855530095198136e-19,0.0,1.920053427630613e-20,2.8726070691635473e-19,1.3963166382641553e-18,3.351275701038531e-18,2.4778531401240726e-19,2.113766333290799e-20,3.7531527403831434e-20,6.418503471295563e-19,2.369532061201037e-18,8.96013079476232e-18,1.7400654294340238e-17,1.0543767893349688e-18,4.547357627580534e-20,3.4251683278840854e-20,6.5415361237828095e-19,2.673975595840643e-18,9.279373945058367e-18,1.6881805636902402e-17,8.4793811536238e-19,4.4550390098123273e-20,3.380731667394372e-20,5.313304369206914e-19,2.880356630364697e-18,9.697916006224576e-18,1.865370349937695e-17,9.099169829909288e-19,5.525961669883183e-20
2.7089289736210458e-20,4.726611582597233e-19,2.45794829780437e-18,6.010800741094927e-18,1.0456954431585293e-17,7.397661577119632e-19,4.624453723033081e-20,3.214587797472876e-20,4.021517482467084e-19,2.4311751768360345e-18,7.02172061109998e-18,9.870233361088269e-18,6.248266940885373e-19,3.366720769721099e-20,1.9856732266649298e-20,4.0983031528500603e-19,2.0746212981502332e-18,5.118314534039126e-18,9.58638622504228e-18,1.6975972646584835e-17,3.056677063860734e-20,2.4538583473289935e-20,3.7210197094071833e-19,2.0041976649658146e-18,5.32793629309161e-18,1.3574517914695865e-17,6.355723354107555e-19,7.536482541094577e-21,1.406824800380851e-20,2.4197352184499557e-19,1.3111587280785828e-18,4.997517366453673e-18,8.142085003350283e-18,1.2377847067865042e-19,6.910256341508748e-21,1.9897529748118308e-20,3.358747354667059e-19,2.2300631905120138e-18,6.223561536922917e-18,1.3182784407208633e-17,6.283967525858571e-19,8.95590268998895e-21,0.0,1.0277506817316168e-20,1.7194871604952023e-19,8.72171983635252e-19,2.576422677714221e-18,4.7470606409321716e-18,3.624789712019012e-19,2.6948758487284328e-20,3.8799011136073596e-19,2.581385404891211e-18,5.752404309161113e-18,1.0805780598787784e-17,7.990765625735705e-19,3.561433526852324e-20,0.0,1.2454420199615191e-20,2.102137312626722e-19,8.657445071063681e-19,2.4485046235989133e-18,4.9299171280734635e-18,3.4338347222360645e-19,2.3580215754226764e-20,4.238369451887325e-19,2.3634329984696886e-18,5.374384091006591e-18,2.2964643121919763e-18,4.057602984468697e-18,1.7196408172807213e-19,2.77543732174269e-20,4.514301153759518e-19,1.8515940619020948e-18,6.55662581397856e-18,1.0160375132483592e-17,1.4912110491770937e-17,4.416287454443686e-20,0.0,1.0256135897135978e-20,1.974786629376337e-19,1.6333746813388575e-19,5.519057025006972e-19,1.4766130623052852e-18,3.3768998663161467e-21,2.107881115400196e-20,4.297519532663105e-19,1.8276155088221207e-18,5.447850571020911e-18,9.87955356658149e-18,1.234171018695966e-19,1.5972707040003364e-22,0.0,1.2524134162434068e-20,1.959427524891137e-19,8.2712199082090075e-19,2.072700022144189e-18,4.1984221797565627e-20,3.2548569561241317e-21,2.5273597428412525e-20,4.265291743835337e-19,1.8029779856568096e-18,6.0398061680132436e-18,1.2292825138051572e-17,5.834631897712968e-19,3.642285328620915e-20,0.0,1.0401867484731156e-20,2.272720723790562e-19,1.0663083075861937e-18,2.4216103491082997e-18,4.580511798734394e-18,1.386702387672523e-20,0.0,1.1517032945379526e-20,1.5804281346949652e-19,9.490805910842408e-19,2.916413612482323e-18,1.7789387538847465e-19,1.4146381166070175e-20,2.354260757667318e-20,3.6615365333680844e-19,1.8506263221095233e-18,5.340835231905718e-18,1.2973923290522e-17,6.184130927998116e-19,4.496623751965008e-20,2.3124148420216675e-20,4.429700543742801e-19,1.8893796592392987e-18,4.941070647581965e-18,1.2832104397552825e-17,6.879955813972446e-19,4.399194635159037e-20,0.0,1.2924707133863509e-20,1.6061349671390605e-19,7.8176378149838195e-19,2.234019339313033e-18,2.134242497693483e-19,1.4293286959601982e-20,0.0,1.432951668905662e-20,2.233554861304202e-19,1.21365886991496e-18,2.467177680091762e-18,4.8274740877343746e-18,2.8415394936231194e-19,0.0,1.0346195446915959e-20,2.1160233641442675e-19,8.397522258901873e-19,2.934037988816161e-18,6.011105577189394e-18,2.745656445175794e-19,7.455398193299728e-21,1.3444935426361347e-19,8.350019230017699e-19,2.63397000907106e-18,7.439741979016186e-18,3.9234796852158866e-19,2.2772835449687645e-20,2.7076599509468763e-20,4.454650076293809e-19,2.2467398576112424e-18,5.442584767830251e-18,1.3631725033417357e-17,7.54797171583364e-19,1.7214345746717524e-21,1.2657793098944277e-20,1.962977140681554e-19,6.881271553534523e-20,3.3905600764347904e-19,1.19964551396253e-18,2.7482335164657195e-18,1.290826295269433e-19,0.0,1.4404704272039473e-20,2.1413984188477793e-19,1.0777924963693897e-18,3.0548280905900553e-18,6.122409060765207e-18,3.5064704342629224e-19,0.0,1.3336604374485978e-20,2.0153551990009647e-19,9.883191123044374e-19,2.3912348382893772e-18,1.7768616919877718e-19,1.5204361229692475e-20,2.6068119373652517e-20,4.50234630524282e-19,1.677080023031748e-18,6.392482435878902e-18,1.2503621584411067e-17,7.610484775226175e-19,3.2920033538751003e-20,2.3785553113251824e-20,4.589292385493391e-19,1.8928961584903355e-18,6.621524354026828e-18,1.2133513951673679e-17,6.121833302956346e-19,3.2258517584106664e-20,2.3478573761423295e-20,3.7275905970218944e-19,2.0389502092788773e-18,6.919814060707365e-18,1.3405714335059988e-17,6.568070156049982e-19,3.9999240640765386e-20
1.881650141427156e-20,3.315602677893537e-19,1.7397559629853506e-18,4.288599260498189e-18,7.514700157371593e-18,5.339785270401091e-19,3.34787294109972e-20,2.2325004548708062e-20,2.821463039465341e-19,1.7210637854253027e-18,5.010509132514715e-18,7.093946127989544e-18,4.510925715108311e-19,2.437675704230007e-20,1.379295485138826e-20,2.8746418993446627e-19,1.4681512681952807e-18,3.65067992740289e-18,6.886716323888469e-18,1.2275127872900098e-17,2.2135541308650483e-20,1.7040710096624996e-20,2.6105234444328106e-19,1.4186224273883515e-18,3.801497109713853e-18,9.755224038832944e-18,4.588040290334755e-19,5.447381622258102e-21,9.769946564372563e-21,1.6965747556657904e-19,9.27367251173916e-19,3.562306775819594e-18,5.845458260135489e-18,8.912047855833281e-20,4.981426270445241e-21,1.3819519722567582e-20,2.355894455459861e-19,1.5780782127209663e-18,4.438983521780278e-18,9.469998825369496e-18,4.534155431695712e-19,6.4666687006170466e-21,0.0,7.135181849592193e-21,1.206053526275131e-19,6.172399243963533e-19,1.83796491074062e-18,3.4110954379620958e-18,2.6169802976943386e-19,1.872083470374131e-20,2.722211040513336e-19,1.82746027868033e-18,4.1048081688759944e-18,7.766446700638726e-18,5.768690006132405e-19,2.5788506918197027e-20,0.0,8.647548098308745e-21,1.474683121873996e-19,6.126908307155117e-19,1.7467224074065826e-18,3.5425564933809405e-18,2.479076889794853e-19,1.6372405936931627e-20,2.9733257921672606e-19,1.6727351077375977e-18,3.834056924262261e-18,1.648359284940495e-18,2.929766492814506e-18,1.2461271098497578e-19,1.9279154942756707e-20,3.1669112270952745e-19,1.3105682478556781e-18,4.677943184740832e-18,7.300900561843942e-18,1.0785467345524817e-17,3.198647457631573e-20,0.0,7.12549069138448e-21,1.385299673079999e-19,1.1542980797404064e-19,3.9280702212716484e-19,1.0580644161628848e-18,2.4232637593178165e-21,1.464016691461196e-20,3.014484119709457e-19,1.2934555826772902e-18,3.886089923530625e-18,7.098330455453609e-18,8.893987632504563e-20,1.1376937001141873e-22,0.0,8.696815086643459e-21,1.3744755515077413e-19,5.854353957428111e-19,1.478955198339785e-18,3.0057297949065436e-20,2.3340432541897456e-21,1.755174805367472e-20,2.9919334061126964e-19,1.2760226746199558e-18,4.308300188424496e-18,8.831633909454741e-18,4.210303086418553e-19,2.6356399519129258e-20,0.0,7.223347884293862e-21,1.5942688431498396e-19,7.547221536795761e-19,1.7278356000048974e-18,3.2921445321280073e-18,9.984373117645148e-21,0.0,7.994885670629294e-21,1.1084496964331068e-19,6.716452257976671e-19,2.080420956020926e-18,1.2754097136530795e-19,1.0171210486006482e-20,1.6345482671886238e-20,2.568561457790875e-19,1.3098338303506904e-18,3.810400931982158e-18,9.322617396183236e-18,4.463436359527639e-19,3.2550086186535336e-20,1.6055608374236724e-20,3.1076737601950407e-19,1.3372420899898455e-18,3.52505819358274e-18,9.220434158899777e-18,4.965452629529999e-19,3.183985761878489e-20,0.0,8.973666007863176e-21,1.126776044368116e-19,5.533069303558471e-19,1.5939140060173878e-18,1.5304402502710294e-19,1.0279074832700818e-20,0.0,9.949524560683558e-21,1.5665701061634552e-19,8.589852601016686e-19,1.760287026903131e-18,3.469512254717275e-18,2.051941286226605e-19,0.0,7.18778747451684e-21,1.4842459171240935e-19,5.943259977545872e-19,2.0932139073741884e-18,4.319739139402398e-18,1.9824936833842059e-19,5.176073587071194e-21,9.41654997348505e-20,5.898353210247006e-19,1.875108361239507e-18,5.3343988172646365e-18,2.8260821257072005e-19,1.6450594455419822e-20,1.8807167842971032e-20,3.1247643490283765e-19,1.5901113132992001e-18,3.882531984938982e-18,9.79425414764632e-18,5.447411101394322e-19,1.2403608761576988e-21,8.790686482399783e-21,1.3760726880169957e-19,4.8430376322637963e-20,2.3994707164120795e-19,8.546833566316661e-19,1.9711469309465476e-18,9.301698482314631e-20,0.0,1.0008347580582075e-20,1.5020037265043578e-19,7.628281005788301e-19,2.17947404601712e-18,4.399853565796942e-18,2.531902779715459e-19,0.0,9.262400972838691e-21,1.4138962314763168e-19,6.994744530638075e-19,1.7060063706939492e-18,1.2740279763561998e-19,1.0934984397099248e-20,1.8108537145565344e-20,3.1581437332756432e-19,1.1868562795147477e-18,4.5600780050452185e-18,8.983495277875236e-18,5.492448830147846e-19,2.3828878841419935e-20,1.651892897265025e-20,3.219389505664604e-19,1.3398890891062029e-18,4.72433171424729e-18,8.71955510244494e-18,4.419066252628375e-19,2.3354951654295842e-20,1.6302063363173743e-20,2.615065813824842e-19,1.4431893742812361e-18,4.9369112548158385e-18,9.632716350356915e-18,4.74037736178643e-19,2.895005781526128e-20
1.3069553101708234e-20,2.3260199329542557e-19,1.2313314921880225e-18,3.0594749919158814e-18,5.3995366752990645e-18,3.853934313522142e-19,2.423120993744187e-20,1.5505669180602268e-20,1.9794585432856066e-19,1.2182619248824066e-18,3.574902516333987e-18,5.097840746632264e-18,3.256139495021998e-19,1.7646719312504325e-20,9.580530361666907e-21,2.0161567399030813e-19,1.0388132964216169e-18,2.603626502171977e-18,4.946545344881777e-18,8.874565433568798e-18,1.602711372527897e-20,1.1833630979447881e-20,1.8311588345852997e-19,1.0040401225856628e-18,2.7120795984048898e-18,7.009476119000774e-18,3.311508592892229e-19,3.936742807168412e-21,6.786867743543764e-21,1.1895920678052593e-19,6.55834447967358e-19,2.5389837230134886e-18,4.196076703827426e-18,6.416256945604082e-20,3.5904963459694425e-21,9.600346115154409e-21,1.6523896720856723e-19,1.1166200321280784e-18,3.1656890930765585e-18,6.80185748233012e-18,3.271140066705238e-19,4.669660563598522e-21,0.0,4.9550685671059035e-21,8.459372504665349e-20,4.367845175819431e-19,1.3109958181000388e-18,2.450783811726733e-18,1.8890685553928526e-19,1.3006127987607434e-20,1.9100587687294574e-19,1.2936255040178913e-18,2.9287378934670114e-18,5.581139644315961e-18,4.1639490523133886e-19,1.867082057682767e-20,0.0,6.006015867552179e-21,1.0342405802649793e-19,4.3356095686363545e-19,1.2459095037487227e-18,2.545231533270344e-18,1.7894939898953584e-19,1.1369110037051369e-20,2.085718295606667e-19,1.1837711740723133e-18,2.734891438370845e-18,1.182977384513853e-18,2.115122607421801e-18,9.028849738025589e-20,1.3387648253171853e-20,2.221371757006987e-19,9.275831911778019e-19,3.337147777562636e-18,5.24542683547801e-18,7.799422129763207e-18,2.3162809183232226e-20,0.0,4.9507863155146076e-21,9.716813990877769e-20,8.156344015787639e-20,2.79544300986949e-19,7.580609065742125e-19,1.738966759249092e-21,1.0169193905053693e-20,2.1143820277595996e-19,9.152984275217282e-19,2.771739476990605e-18,5.099283918397077e-18,6.408410892040713e-20,8.111655580296936e-23,0.0,6.039722516726679e-21,9.640742079607677e-20,4.143386799277569e-19,1.055186119525343e-18,2.1514307031971408e-20,1.6732638976442054e-21,1.2190130158211011e-20,2.0987212587321519e-19,9.030186494065226e-19,3.072772819195353e-18,6.344106724993921e-18,3.0377254556680575e-19,1.90696345987871e-20,0.0,5.017638921700451e-21,1.1182215783366328e-19,5.341638781331071e-19,1.2326627603840368e-18,2.365832303766524e-18,7.188249729572201e-21,0.0,5.54898752391948e-21,7.773021281859267e-20,4.752264469323767e-19,1.4839145485635894e-18,9.142906306598373e-20,7.312086567540025e-21,1.1352258745484291e-20,1.8017512501027349e-19,9.270107952681043e-19,2.718210092196752e-18,6.698010055543568e-18,3.221001354564205e-19,2.3559720194575756e-20,1.1145764733338156e-20,2.1800588225132696e-19,9.463803240425039e-19,2.5145904217981324e-18,6.624265062141143e-18,3.5831344816243335e-19,2.3042810701968278e-20,0.0,6.2330900200073455e-21,7.903706937189974e-20,3.915984664592236e-19,1.137062908132029e-18,1.097295328223239e-19,7.391995560274271e-21,0.0,6.907096754464131e-21,1.0987789544017194e-19,6.07919601128712e-19,1.2557868650974772e-18,2.493189894262679e-18,1.4815379766446862e-19,0.0,4.99105453748624e-21,1.0410402057434161e-19,4.205769427161707e-19,1.4931886660299829e-18,3.1038134262757264e-18,1.4311975424519282e-19,3.595205427612991e-21,6.594267889537663e-20,4.166055556924244e-19,1.3347134138271584e-18,3.8243775607801046e-18,2.035333192890373e-19,1.1881799090604687e-20,1.3059173361669917e-20,2.192008486459868e-19,1.12527873608871e-18,2.76929629760384e-18,7.036007929615504e-18,3.930931372145423e-19,8.933418703562025e-22,6.1027030273832914e-21,9.644985166473315e-20,3.4082026842035704e-20,1.6980311750047607e-19,6.088373799350011e-19,1.4136132301344352e-18,6.70175848773676e-20,0.0,6.952962923862324e-21,1.0536332360930969e-19,5.39850841848047e-19,1.5547656400369794e-18,3.161473758168139e-18,1.8279580295024693e-19,0.0,6.432410982226759e-21,9.919735825021637e-20,4.950112303883433e-19,1.217014793281794e-18,9.134108461685638e-20,7.864481122385676e-21,1.2577034092872167e-20,2.2150881181958804e-19,8.398298008670201e-19,3.2524822996313553e-18,6.453368053639012e-18,3.9631335861224076e-19,1.7245903431572132e-20,1.146972095484846e-20,2.2581485331180774e-19,9.483491467391475e-19,3.370362841216567e-18,6.2652293857705326e-18,3.1894539508990237e-19,1.690697129736229e-20,1.1322719232841416e-20,1.8344999117899734e-19,1.021393342726027e-18,3.521696793038292e-18,6.9205681083288695e-18,3.4208365546022243e-19,2.0950678739063328e-20
9.075769415232887e-21,1.6318507683090483e-19,8.713957721202792e-19,2.1823544409330324e-18,3.879214370112204e-18,2.7811688243527e-19,1.753698391120404e-20,1.0771167674079685e-20,1.3885359158836865e-19,8.622383532456425e-19,2.5502949548961158e-18,3.6628628107521536e-18,2.3500455122903016e-19,1.2773141950696186e-20,6.652143005614423e-21,1.4141556594562597e-19,7.3497473742910795e-19,1.856658481160853e-18,3.552449768472689e-18,6.415011260618043e-18,1.1601958563229832e-20,8.21665006516355e-21,1.284456756620895e-19,7.105718010169969e-19,1.9346490877998425e-18,5.035820378139209e-18,2.389825156503518e-19,2.844551264801719e-21,4.713515820673842e-21,8.341326220268607e-20,4.637373049540613e-19,1.8094180393927872e-18,3.0116837243052104e-18,4.618510068585401e-20,2.5879182258321797e-21,6.668895500280383e-21,1.1588368635434874e-19,7.900331987210247e-19,2.2573914132856852e-18,4.884767110069353e-18,2.359601047980002e-19,3.371943363292337e-21,0.0,3.440550828981307e-21,5.932442097066828e-20,3.0904023931695254e-19,9.35036628051657e-19,1.7605344811918675e-18,1.3634599031459694e-19,9.033839856412353e-21,1.340008961854069e-19,9.156253327016092e-19,2.0893580055174487e-18,4.010139409118504e-18,3.005216404571951e-19,1.3516060965167114e-20,0.0,4.171458899924292e-21,7.254116661426996e-20,3.067876044224708e-19,8.885757231264652e-19,1.8284052888479745e-18,1.2915869855433273e-19,7.897075732579966e-21,1.4630315807437825e-19,8.377243368684295e-19,1.950568515506808e-18,8.488723161900662e-19,1.5267504244432493e-18,6.540920520112841e-20,9.295713983643467e-21,1.5580239580474822e-19,6.564843860892431e-19,2.3803331626084246e-18,3.7680670683788584e-18,5.639155408385775e-18,1.677148286873544e-20,0.0,3.438329802230566e-21,6.816286836968471e-20,5.762927833770284e-20,1.9891394612588567e-19,5.430522267958332e-19,1.2481081246894688e-21,7.060857983259292e-21,1.4828419282612554e-19,6.476071449569521e-19,1.97672607305604e-18,3.662710514907217e-18,4.617258101934326e-20,5.775704596992844e-23,0.0,4.194712440162264e-21,6.762451033658935e-20,2.9323621597146217e-19,7.527652020660915e-19,1.539900142369674e-20,1.1993133052513455e-21,8.468846478150179e-21,1.4721110284664538e-19,6.389822679562895e-19,2.191316416083105e-18,4.556534258034597e-18,2.191426731632687e-19,1.3795309806049995e-20,0.0,3.486786169506206e-21,7.842647623595327e-20,3.779951622344024e-19,8.792935056832455e-19,1.6999183844907177e-18,5.175003261857158e-21,0.0,3.8528453112210096e-21,5.451066374576915e-20,3.3621539439020533e-19,1.0583207907580512e-18,6.553962527788029e-20,5.255756621408491e-21,7.885104302358783e-21,1.2638860544274111e-19,6.560261881765098e-19,1.9387796735820468e-18,4.811596664234565e-18,2.3239619303067246e-19,1.7048096515880948e-20,7.738904043530115e-21,1.5290212888024823e-19,6.697403132396759e-19,1.7935196285103128e-18,4.758371688925456e-18,2.5852729629921387e-19,1.6674706982242493e-20,0.0,4.327709466422386e-21,5.544351002608822e-20,2.771133571570911e-19,8.110799430603774e-19,7.866171459315097e-20,5.315079536455405e-21,0.0,4.7951120052481956e-21,7.705491332217192e-20,4.3018463574368404e-19,8.957667677652821e-19,1.79133498811e-18,1.0695246956734009e-19,0.0,3.465195119662298e-21,7.301647434042897e-20,2.975855699491012e-19,1.065025877642617e-18,2.229832791257084e-18,1.03303123818678e-19,2.4973300329513915e-21,4.617223711174376e-20,2.942352956926502e-19,9.499461208056365e-19,2.7413893604771654e-18,1.4656032736831317e-19,8.581732710030321e-21,9.066115438064172e-21,1.5374369013284405e-19,7.9624883556381025e-19,1.975013435219463e-18,5.05375678146071e-18,2.836110906651721e-19,6.43162932433488e-22,4.236248717249112e-21,6.760640943040535e-20,2.39877458728372e-20,1.2016176320987441e-19,4.3367816300539036e-19,1.0136388380492171e-18,4.8276401336261497e-20,0.0,4.828593963250368e-21,7.390514829081743e-20,3.8203708449064355e-19,1.108968062853734e-18,2.2713476864158714e-18,1.3195225671648164e-19,0.0,4.466161936188385e-21,6.957832186276737e-20,3.502698725835039e-19,8.680851896622612e-19,6.548171601900541e-20,5.655062872682128e-21,8.732302189531813e-21,1.5536072386218945e-19,5.942336833041297e-19,2.3195981620825692e-18,4.6351348424296995e-18,2.8592775962225294e-19,1.2479927479654979e-20,7.96357033546631e-21,1.5841617103536483e-19,6.711149426316749e-19,2.404067606761195e-18,4.501059676118491e-18,2.301605995760486e-19,1.223736020870059e-20,7.861595342712167e-21,1.2869065021237821e-19,7.228126561180735e-19,2.5118546964383662e-18,4.97130247829173e-18,2.4681911601640123e-19,1.51589754390961e-20
6.304860151089174e-21,1.1447910900258227e-19,6.16663237321923e-19,1.556494430997937e-18,2.7865564429485473e-18,2.006639180260343e-19,1.2689159032067112e-20,7.479356431390027e-21,9.739026427574652e-20,6.102162893484185e-19,1.8191370654986775e-18,2.631397359519102e-18,1.6958144819093598e-19,9.244684822910121e-21,4.619788606911556e-21,9.91874281599718e-20,5.199678889357755e-19,1.3237920963624878e-18,2.550926265468022e-18,4.636316357630058e-18,8.397564822927851e-21,5.703948235835445e-21,9.009942184934653e-20,5.028207958013889e-19,1.379888955662577e-18,3.617342521405672e-18,1.7244011161443126e-19,2.0554827123073273e-21,3.27313109174653e-21,5.846711414577534e-20,3.27880286831795e-19,1.2893015562913676e-18,2.161270581295197e-18,3.324425513948294e-20,1.86541056745386e-21,4.632524560098857e-21,8.127359689145569e-20,5.588684782077947e-19,1.6094875843644866e-18,3.507509077736838e-18,1.7018496944903605e-19,2.4344928586930585e-21,0.0,2.3896412670730108e-21,4.1613266034496265e-20,2.1862864303748874e-19,6.668253467948064e-19,1.2645188352055083e-18,9.83900305403085e-20,6.273225099484654e-21,9.400787367078597e-20,6.480406084290825e-19,1.490381516897079e-18,2.8809617887963547e-18,2.1686951308290994e-19,9.782504487953622e-21,0.0,2.8956193740588855e-21,5.0882387144242227e-20,2.170616745158821e-19,6.336513623325751e-19,1.3132646066407567e-18,9.320723205741551e-20,5.4827173320575566e-21,1.0261709272554245e-19,5.927287354740188e-19,1.3910607009183134e-18,6.090594605142873e-19,1.1018884826385174e-18,4.737766032702775e-20,6.454918077008763e-21,1.0927981033777812e-19,4.645485921003801e-19,1.6976585726334652e-18,2.7064203918963336e-18,4.076576133686376e-18,1.2140769183552735e-20,0.0,2.386836839135339e-21,4.782373445546896e-20,4.071452086162828e-20,1.415189143213561e-19,3.889667235272244e-19,8.954101024554765e-22,4.904165098051188e-21,1.0399249287496019e-19,4.581988160765168e-19,1.4096269351642601e-18,2.6304428415989043e-18,3.326134966048343e-20,4.1089384550828894e-23,0.0,2.914687395751292e-21,4.743271895257112e-20,2.075062017752234e-19,5.369601006090509e-19,1.1020964650098636e-20,8.596498221496651e-22,5.884010946024631e-21,1.0325086782856374e-19,4.520661778837209e-19,1.562534482927436e-18,3.2721789383664208e-18,1.580635917471866e-19,9.977081700205049e-21,0.0,2.423214841103268e-21,5.499226588905358e-20,2.674707827020429e-19,6.271416346321396e-19,1.2212448803871105e-18,3.725897248819839e-21,0.0,2.6751579196751353e-21,3.822711908980559e-20,2.3785738553408618e-19,7.546964571498702e-19,4.697362202026292e-20,3.777781791363428e-21,5.475811105124361e-21,8.865155736664208e-20,4.641942965933619e-19,1.3826528892682582e-18,3.4560037598253397e-18,1.676572300198997e-19,1.2333374806765133e-20,5.375428837862913e-21,1.0723837268724029e-19,4.739216093474245e-19,1.2790812197360968e-18,3.4175696918417975e-18,1.8650556907252154e-19,1.2063980510103393e-20,0.0,3.0064639833649078e-21,3.8887220271630896e-20,1.9607924853023653e-19,5.7849567789844635e-19,5.638852833664216e-20,3.820862853879165e-21,0.0,3.3288523880769566e-21,5.4037389284732706e-20,3.0437968651811786e-19,6.388985860048581e-19,1.286856416470784e-18,7.719605956343298e-20,0.0,2.405073821916147e-21,5.120474586187574e-20,2.1055814084813613e-19,7.595493997159676e-19,1.601736437682113e-18,7.45531710165607e-20,1.734371258478554e-21,3.233286469293538e-20,2.0780455817118792e-19,6.760229094637831e-19,1.9648679495908942e-18,1.0551291962670136e-19,6.197218006425884e-21,6.296533123019717e-21,1.0782869442059463e-19,5.633986973107357e-19,1.4084169304285714e-18,3.629440699100299e-18,2.0458692329058442e-19,4.633065468397672e-22,2.93975558708135e-21,4.73833202540894e-20,1.687446495998597e-20,8.501457927327656e-20,3.088749619118005e-19,7.267372107428445e-19,3.477310898688588e-20,0.0,3.3539061683842077e-21,5.1840393815250757e-20,2.7032970229155077e-19,7.908928720494081e-19,1.6316031359670092e-18,9.523077113701139e-20,0.0,3.1017814376661522e-21,4.880804978428298e-20,2.478350783961568e-19,6.191341511491444e-19,4.6939479598462945e-20,4.066325416505702e-21,6.061553407235304e-21,1.0898208787447655e-19,4.2045185157552995e-19,1.6541099158706945e-18,3.3287081161971046e-18,2.0624854633062807e-19,9.030023557222504e-21,5.528978842953631e-21,1.111280509681432e-19,4.748908172163369e-19,1.7146504222959071e-18,3.2331850148533736e-18,1.6606278436382603e-19,8.856846701975166e-21,5.457967851200088e-21,9.026226856393794e-20,5.114526459195417e-19,1.7913709910078557e-18,3.570553059248776e-18,1.7806455405586542e-19,1.0966273805414206e-20
4.3776306682773795e-21,8.029619808753377e-20,4.363591257553937e-19,1.1099695113970555e-18,2.0013859553760725e-18,1.4475487432219105e-19,9.180200956861485e-21,5.1955737327902996e-21,6.831398183427471e-20,4.318299505460297e-19,1.29741828197707e-18,1.8901152948170615e-18,1.223584842856494e-19,6.6898845094991875e-21,3.2093308391936526e-21,6.956605711278928e-20,3.678034277919323e-19,9.437205155896112e-19,1.831483076089987e-18,3.350233468464779e-18,6.0776016910162526e-21,3.959609739516693e-21,6.31976145157241e-20,3.5580213257663935e-19,9.840610580322994e-19,2.5980763281206024e-18,1.2440570525370384e-19,1.4850221537262624e-21,2.2736759814755283e-21,4.0982975820616456e-20,2.318124033232735e-19,9.18598873123473e-19,1.5507954136018497e-18,2.392474473113954e-20,1.34429792171002e-21,3.2174987487748354e-21,5.698541238936922e-20,3.9529088463222874e-19,1.1474463387143588e-18,2.5181974254922796e-18,1.2272636839597828e-19,1.7577826626415418e-21,0.0,1.6600455209540972e-21,2.918633457971176e-20,1.546730031114476e-19,4.754906019309781e-19,9.081217156307004e-19,7.098835508019134e-20,4.357563873629374e-21,6.59357353713727e-20,4.586344720194846e-19,1.062993876460533e-18,2.0694165975202566e-18,1.5647328969822817e-19,7.079034975403348e-21,0.0,2.0092208393730755e-21,3.56876219568505e-20,1.535639269880693e-19,4.518157053586811e-19,9.431332310918898e-19,6.725008282515661e-20,3.805918331664418e-21,7.197032501248594e-20,4.193537433836262e-19,9.919187813612155e-19,4.369522459087946e-19,7.951308038211679e-19,3.4312169915845494e-20,4.480269711153185e-21,7.66467353291066e-20,3.2870983409413547e-19,1.2106296954516441e-18,1.943619755866295e-18,2.9464811847523446e-18,8.787017135748391e-21,0.0,1.6568031460317202e-21,3.354656307143094e-20,2.876471074007637e-20,1.0068064552835683e-19,2.785712769440152e-19,6.424316437663422e-22,3.405764902605624e-21,7.292413794727247e-20,3.2415039794866635e-19,1.0050617679564688e-18,1.8888308544245336e-18,2.39568523977268e-20,2.92047344757395e-23,0.0,2.0249318462946865e-21,3.327371858767557e-20,1.4681567673083332e-19,3.829592568609693e-19,7.888286449752823e-21,6.160183316043737e-22,4.087114574534515e-21,7.243048022591303e-20,3.1980753086665304e-19,1.114069350296228e-18,2.349551358600739e-18,1.1399406302078004e-19,7.216052988878637e-21,0.0,1.682666911578784e-21,3.856762372842965e-20,1.8924108848469718e-19,4.4724905651465245e-19,8.772174859952795e-19,2.6814934393338276e-21,0.0,1.857420880745342e-21,2.681152527405563e-20,1.6825956893702237e-19,5.381085667846773e-19,3.366395747756391e-20,2.715136284272082e-21,3.801622259103119e-21,6.219073983638584e-20,3.28424143433578e-19,9.859323546016933e-19,2.4819507001341945e-18,1.2093707343598148e-19,8.922158849681674e-21,3.732851463562266e-21,7.520063454445605e-20,3.353049443276417e-19,9.121187918368287e-19,2.454227745248815e-18,1.3452717986736998e-19,8.727229506841481e-21,0.0,2.086785107618668e-21,2.72736239025552e-20,1.3873594095165257e-19,4.1255868255571376e-19,4.041719008329277e-20,2.746886630288655e-21,0.0,2.309761072452767e-21,3.7900719326279326e-20,2.1534776444656938e-19,4.556400783235947e-19,9.24318224596439e-19,5.570991976905195e-20,0.0,1.6696843884766584e-21,3.591936529795972e-20,1.4896231408363963e-19,5.416318337091648e-19,1.1503908332442523e-18,5.3796466061746306e-20,1.2043685404425332e-21,2.2642983335390867e-20,1.4675647231596505e-19,4.810475700995159e-19,1.408069883575302e-18,7.595739317284952e-20,4.474508154112914e-21,4.3733964444535324e-21,7.562825197345247e-20,3.9859681460990475e-19,1.0042894198554499e-18,2.606190426668254e-18,1.475614489955352e-19,3.337930708948016e-22,2.040527018087454e-21,3.3216258605033024e-20,1.187664134209422e-20,6.014511327418893e-20,2.1996538961063495e-19,5.209928636117125e-19,2.5042040647734802e-20,0.0,2.329904117916618e-21,3.6362381134074666e-20,1.9125839147599007e-19,5.639836666452054e-19,1.1718690064524726e-18,6.871863012020527e-20,0.0,2.154046137928563e-21,3.422842958661124e-20,1.7535672878479736e-19,4.415308453424055e-19,3.3642450782692143e-20,2.9238864291192706e-21,4.210502183574084e-21,7.643675985970572e-20,2.9748577015896317e-19,1.1794246097682152e-18,2.3901330755642275e-18,1.4875954209190853e-19,6.532536616904361e-21,3.839124813290263e-21,7.795801775115377e-20,3.3599935840823934e-19,1.2228064291316926e-18,2.3221278225917267e-18,1.197998829617019e-19,6.409083240936884e-21,3.79131230181776e-21,6.332048433245847e-20,3.61869507480859e-19,1.27742163951067e-18,2.5641230787185316e-18,1.2844465138379442e-19,7.933184628781221e-21
3.0384938033469187e-21,5.631444293103781e-20,3.087404758545109e-19,7.914811522671058e-19,1.4372481339456206e-18,1.0441574321823146e-19,6.64095859062868e-21,3.609395457416328e-21,4.791488800158022e-20,3.0557277732953977e-19,9.252074977978592e-19,1.3574897979310346e-18,8.827006941514788e-20,4.840625621757735e-21,2.2285696507655117e-21,4.878377685935614e-20,2.60132363994851e-19,6.727414660061555e-19,1.3147657457170112e-18,2.4205280441426076e-18,4.397927580432786e-21,2.7491214700729275e-21,4.4320055719149656e-20,2.517220269878954e-19,7.01715715943982e-19,1.8657303532109735e-18,8.974281322700274e-20,1.0724898461324114e-21,1.5789741957210229e-21,2.873405694718561e-20,1.6387417433612753e-19,6.544132642052922e-19,1.1126045142454103e-18,1.7212450165269174e-20,9.687854171350339e-22,2.2354487539550555e-21,3.995264203140851e-20,2.796084923415916e-19,8.179162616831233e-19,1.8076786392432733e-18,8.848111271581979e-20,1.2687161481322183e-21,0.0,1.1527203754194874e-21,2.04747155416772e-20,1.0941286151336442e-19,3.3900934154264065e-19,6.520812393568313e-19,5.120840084758117e-20,3.026975345152604e-21,4.624321049270269e-20,3.245144089325587e-19,7.580802476203745e-19,1.4862549201644007e-18,1.1287486233738196e-19,5.121462262615067e-21,0.0,1.3953276815490635e-21,2.5030814126136593e-20,1.086344584232865e-19,3.2211830525063263e-19,6.772167679105237e-19,4.8513872250022615e-20,2.6415940286798496e-21,5.0475562299501266e-20,2.966667898745488e-19,7.07229149405439e-19,3.134302603914995e-19,5.737036676157603e-19,2.4846277434369605e-20,3.1098958921048152e-21,5.3748810949098845e-20,2.3258716938328745e-19,8.631984189467009e-19,1.3956095925907313e-18,2.1293083826719946e-18,6.358806777398741e-21,0.0,1.1492756135458728e-21,2.352462772339573e-20,2.0314986554160232e-20,7.161673353972952e-20,1.994801536899818e-19,4.607476374524745e-22,2.3654776752411546e-21,5.1139708369290317e-20,2.293158442658312e-19,7.165144548972444e-19,1.356107865745134e-18,1.725207237716003e-20,2.0745843386571486e-23,0.0,1.4067085303293263e-21,2.3339494661047436e-20,1.038677480928661e-19,2.7309295341809646e-19,5.645800668976641e-21,4.415817199818012e-22,2.839196260993549e-21,5.079405927597784e-20,2.2623026703450433e-19,7.94239258523331e-19,1.68683884750947e-18,8.219543078653758e-20,5.218523093484153e-21,0.0,1.1675074940351746e-21,2.7053858557012673e-20,1.3388034103170673e-19,3.189167345548178e-19,6.300131660998783e-19,1.9291087799215788e-21,0.0,1.2904071486787863e-21,1.8804386314614482e-20,1.1900674919957615e-19,3.8363667896020695e-19,2.412256850126262e-20,1.951026240048057e-21,2.640847102190791e-21,4.362196943328668e-20,2.323574116870888e-19,7.02970649269671e-19,1.7821720630843814e-18,8.7222375037325e-20,6.4539893232100046e-21,2.5923242165686892e-21,5.273736350972343e-20,2.3721512856906655e-19,6.503745693563526e-19,1.762219684066629e-18,9.702224166402576e-20,6.312563518876383e-21,0.0,1.4489040324742842e-21,1.9127222756995135e-20,9.814957013860298e-20,2.9417567752518585e-19,2.8966538047143884e-20,1.974570303811115e-21,0.0,1.602929975515623e-21,2.658699415623929e-20,1.5235987618971587e-19,3.2490903034615267e-19,6.63823140932974e-19,4.019859940536578e-20,0.0,1.159285445765042e-21,2.5184442989272987e-20,1.05383068335162e-19,3.861753938880183e-19,8.260971921006471e-19,3.881349138499268e-20,8.372244277260096e-22,1.586058566691091e-20,1.0362168330029476e-19,3.4226514952282576e-19,1.0089275957884578e-18,5.467563155731895e-20,3.230147244573206e-21,3.036038966607629e-21,5.304687225876357e-20,2.8195945156683144e-19,7.160404848846487e-19,1.8711779184479738e-18,1.0642052731975078e-19,2.4027746761811413e-22,1.4164904993184998e-21,2.3275155214303013e-20,8.354038384669228e-21,4.2551981935107975e-20,1.5664163980810291e-19,3.734590860857159e-19,1.8032003418254195e-20,0.0,1.6178059820902312e-21,2.5508936238057143e-20,1.3531236919345313e-19,4.0213865364298233e-19,8.415438050073289e-19,4.9577339043633904e-20,0.0,1.496701424722144e-21,2.3997649575150556e-20,1.240615727704348e-19,3.1482906299328725e-19,2.4106824193836576e-20,2.1022637546819056e-21,2.9241888396935525e-21,5.3610847895774674e-20,2.1045148997222798e-19,8.4084518152264875e-19,1.7159769263580442e-18,1.0727525621450206e-19,4.725636281465331e-21,2.665904797976013e-21,5.467938331620922e-20,2.3772311603332717e-19,8.719635683804271e-19,1.6675290816057263e-18,8.641414534846292e-20,4.637232673957569e-21,2.6340320527762575e-21,4.4418396215502e-20,2.560192793532768e-19,9.108043474754963e-19,1.8411156679905405e-18,9.263540324442017e-20,5.738280561721793e-21
2.1079945373884073e-21,3.950096391793077e-20,2.1839976206716815e-19,5.643081868028874e-19,1.0319492306447664e-18,7.53006536191882e-20,4.803850536859027e-21,2.5065339292233664e-21,3.3608059691883625e-20,2.1620609555113613e-19,6.597290730725657e-19,9.74813944108928e-19,6.366596203260025e-20,3.5021590520084854e-21,1.548700061676313e-21,3.421373495758531e-20,1.839756880189375e-19,4.795244371959446e-19,9.436761194740453e-19,1.748543135299134e-18,3.182215851329402e-21,1.908818913994216e-21,3.1087435688541774e-20,1.7808983905525113e-19,5.002991932217955e-19,1.3396474054611441e-18,6.473041534598623e-20,7.745704113470275e-22,1.0963548974222939e-21,2.0148651846639338e-20,1.1583041660786444e-19,4.661498962395399e-19,7.981432653243361e-19,1.2380366201138278e-20,6.978693762243165e-22,1.553148351800272e-21,2.80075840705778e-20,1.9774789075122341e-19,5.829480418303814e-19,1.2974309315894746e-18,6.378430566282285e-20,9.151937779616947e-22,0.0,8.010518572973716e-22,1.4361375104353198e-20,7.739017537990777e-20,2.416719301048205e-19,4.681688927012901e-19,3.6935036307802554e-20,2.1023170138064076e-21,3.2425429926872436e-20,2.2961121285154375e-19,5.405923676785132e-19,1.0672644967867928e-18,8.141781273406463e-20,3.704724638945735e-21,0.0,9.688232293658268e-22,1.7554280157943284e-20,7.68462792118873e-20,2.2962887973732234e-19,4.862130736213134e-19,3.4989498247465836e-20,1.8349524870698463e-21,3.540123714942618e-20,2.0984545165415227e-19,5.0417956587909e-19,2.247995594017185e-19,4.138797955464304e-19,1.798797757489437e-20,2.1591630218512097e-21,3.7683665436126735e-20,1.6453285976178744e-19,6.153981429517019e-19,1.0019809171061817e-18,1.5385122786058495e-18,4.602155609201504e-21,0.0,7.973767597480218e-22,1.649665354758521e-20,1.4347797218445727e-20,5.093751678651474e-20,1.4282930027321566e-19,3.3050056726102177e-22,1.6422934943575344e-21,3.586192237081582e-20,1.6220829130542795e-19,5.107676624843604e-19,9.735067982346678e-19,1.2423768971245325e-20,1.4694013925686056e-23,0.0,9.765241618947176e-22,1.6364680383984966e-20,7.346719175165451e-20,1.9472416510069257e-19,4.040210450141065e-21,3.1626583703827225e-22,1.971503939452344e-21,3.561333792419933e-20,1.6001807187184111e-19,5.661893717604223e-19,1.2108570281931182e-18,5.925621052641406e-20,3.773356598358946e-21,0.0,8.1073401268905725e-22,1.8976869043238355e-20,9.470671774703885e-20,2.2737700120571e-19,4.524112198359097e-19,1.3879335981490778e-21,0.0,8.968386233121803e-22,1.3184462564598774e-20,8.415991560834891e-20,2.7347454892123066e-19,1.7284326622064202e-20,1.4019466033334598e-21,1.833916207236774e-21,3.058853049893437e-20,1.6437174733206904e-19,5.011598961762112e-19,1.2795016842326836e-18,6.2895093499166e-20,4.668106350220339e-21,1.7999020457481207e-21,3.6979605475895846e-20,1.6780662802412683e-19,4.636799397001653e-19,1.2651663185496439e-18,6.995577235692527e-20,4.5650650930228685e-21,0.0,1.006903996247893e-21,1.341958091699846e-20,6.941909618367968e-20,2.0974143879777778e-19,2.075779102802893e-20,1.418841432032886e-21,0.0,1.1131990774455914e-21,1.8642890143819957e-20,1.0778894494430395e-19,2.3165239349477655e-19,4.766705936575128e-19,2.9001504765864443e-20,0.0,8.046687699405137e-22,1.765817424247527e-20,7.454283743179073e-20,2.7531956844890603e-19,5.931320824181944e-19,2.799951946709857e-20,5.816372127946457e-22,1.1112818581104121e-20,7.315979195258596e-20,2.4349555547823285e-19,7.228122720825468e-19,3.9353289455629976e-20,2.3315174058431496e-21,2.1068981255535765e-21,3.72098924920729e-20,1.9945555811853069e-19,5.104558148731639e-19,1.3432414749335005e-18,7.673648573479573e-20,1.7296285095391763e-22,9.829722842044067e-22,1.6313965775834808e-20,5.874242313430969e-21,3.010102926529896e-20,1.1153223170385732e-19,2.6765710687683144e-19,1.2983451699121265e-20,0.0,1.1241824122500697e-21,1.7887122442976818e-20,9.572525519321803e-20,2.8669534267335075e-19,6.042599857639024e-19,3.5762662568172045e-20,0.0,1.0407213283711673e-21,1.682941433562595e-20,8.77589923563236e-20,2.244550222849447e-19,1.7271469598915937e-20,1.5109027278840982e-21,2.03014311702067e-21,3.7597518313543776e-20,1.4887464535466e-19,5.993690101331994e-19,1.2318211482579652e-18,7.734318928599854e-20,3.417643257870387e-21,1.850398200078162e-21,3.8352496220276496e-20,1.6816261546654629e-19,6.216949230674241e-19,1.1972760159252716e-18,6.231680101432517e-20,3.3544875885022403e-21,1.829441768902274e-21,3.1160954798781517e-20,1.8110829241752423e-19,6.493228033689865e-19,1.3218087476697807e-18,6.679649107356119e-20,4.149514971926114e-21
1.463493471644931e-21,2.7694946834658544e-20,1.5448916525079197e-19,4.0227345274127526e-19,7.40827409248901e-19,5.429840044120444e-20,3.474708631063544e-21,1.7416891975842064e-21,2.3568108209484888e-20,1.5296146558393344e-19,4.70344657441784e-19,6.999212880147288e-19,4.591448738915012e-20,2.533465629698541e-21,1.0751669963726583e-21,2.3998490605153052e-20,1.3011833509272723e-19,3.417713462578462e-19,6.772365801293126e-19,1.2628995495147986e-18,2.302449875479756e-21,1.3250326195945844e-21,2.1799259933681453e-20,1.25985916719921e-19,3.566572390491551e-19,9.61779322850307e-19,4.668018875476025e-20,5.59233732355005e-22,7.606112226678479e-22,1.412610038444371e-20,8.18601922411248e-20,3.3203565277617894e-19,5.724619352613406e-19,8.905863214950427e-21,5.028048848899813e-22,1.0797877252501761e-21,1.9633004738394854e-20,1.3985384430367368e-19,4.154414500506534e-19,9.310710986251198e-19,4.597456534081252e-20,6.599595889753593e-22,0.0,5.567346955453601e-22,1.0070714878856488e-20,5.473597681360008e-20,1.7226425664410643e-19,3.3607039164789425e-19,2.6636370645385772e-20,1.4595942978704485e-21,2.2742018641391702e-20,1.6246708491945223e-19,3.8543764079862545e-19,7.66307893956126e-19,5.87190996565644e-20,2.679571339977314e-21,0.0,6.723238502148555e-22,1.2310039218533006e-20,5.436212140306241e-20,1.6368135707611588e-19,3.490382357292515e-19,2.5232518257679103e-20,1.2742026670007464e-21,2.482769759539399e-20,1.4842839365187258e-19,3.5938860650080993e-19,1.6121027736408478e-19,2.9852087393359786e-19,1.3020820912563149e-20,1.4992497158510646e-21,2.6422545479984692e-20,1.163842165821116e-19,4.387026999203245e-19,7.192686045490091e-19,1.1114515614910901e-18,3.3306360820719108e-21,0.0,5.539571541408286e-22,1.1567862230176164e-20,1.0137778404792695e-20,3.622665424697747e-20,1.0226000968025072e-19,2.370507223810456e-22,1.1402387108156861e-21,2.514941107531182e-20,1.1472029899583193e-19,3.6406298160602604e-19,6.98763453642812e-19,8.947007590996957e-21,1.041767276312517e-23,0.0,6.787574414406666e-22,1.1469538451417358e-20,5.196721392673997e-20,1.388246683009313e-19,2.8896119814243757e-21,2.2654438234744975e-22,1.3690443587152258e-21,2.496788268175688e-20,1.1317230128306463e-19,4.0353419630498364e-19,8.69072449308353e-19,4.271540316937623e-20,2.727844971755607e-21,0.0,5.632608664940842e-22,1.3309676363803579e-20,6.698717677455816e-20,1.6208997299376983e-19,3.2483336908305164e-19,9.983737239483418e-22,0.0,6.235040964951507e-22,9.241714249060442e-21,5.952675054261793e-20,1.949222211566236e-19,1.2380726583193892e-20,1.007073804135057e-21,1.2736624835370465e-21,2.1445823555826828e-20,1.1627673093100227e-19,3.5724831118195794e-19,9.184760650171298e-19,4.534608024323897e-20,3.3760717704270784e-21,1.2505963726831141e-21,2.5929706107717623e-20,1.1868921413908423e-19,3.305242308856935e-19,9.081733435375036e-19,5.043919931257234e-20,3.300850377679219e-21,0.0,6.992645985494709e-22,9.409842703072852e-21,4.91062909379551e-20,1.4953152824235765e-19,1.4871694695571066e-20,1.0192050843037776e-21,0.0,7.727979647115125e-22,1.307047190033241e-20,7.623828976841999e-20,1.651332599516998e-19,3.4223921813824e-19,2.092023591664551e-20,0.0,5.5839974248058555e-22,1.2386356125723595e-20,5.2727730870383264e-20,1.9626369739851421e-19,4.2579702170917805e-19,2.0196387861282764e-20,4.03718197805211e-22,7.782632990717698e-21,5.165651917280702e-20,1.7320944100418864e-19,5.177603218300348e-19,2.831931326292158e-20,1.6826614456703203e-21,1.4633758658608996e-21,2.609843726680649e-20,1.4108086108618998e-19,3.6385087234879753e-19,9.641201082760224e-19,5.532393225433233e-20,1.2458205194983633e-22,6.819483917104555e-22,1.1433031171484942e-20,4.129978978253192e-21,2.12930983395037e-20,7.940196698122918e-20,1.91805501306277e-19,9.345973080769294e-21,0.0,7.812482325166006e-22,1.2546558361983549e-20,6.771647057993217e-20,2.0436211620393835e-19,4.338131750388953e-19,2.5792824701166856e-20,0.0,7.228463293079843e-22,1.1802993024169296e-20,6.207389734258564e-20,1.60003151042788e-19,1.2372649446548276e-20,1.085559614124468e-21,1.4099444033394698e-21,2.6363550619554096e-20,1.0531173562206908e-19,4.2718809465215524e-19,8.841337707574933e-19,5.575653678241557e-20,2.4717237716942418e-21,1.2846777767570937e-21,2.690173597507615e-20,1.189530780513191e-19,4.431977231108891e-19,8.595158811334566e-19,4.493633268504902e-20,2.42664128784004e-21,1.2714416510070859e-21,2.184972355402315e-20,1.2811829587633124e-19,4.628521949404599e-19,9.488704028785667e-19,4.8157065752412447e-20,3.0004607643094925e-21
1.0161160473933628e-21,1.941868534175593e-20,1.0927470716822632e-19,2.867359796327466e-19,5.317643880640337e-19,3.9147391374025594e-20,2.5125863638565764e-21,1.2099419235643661e-21,1.653016021691599e-20,1.0819219421174595e-19,3.353013216885561e-19,5.024740248472835e-19,3.3106025802759806e-20,1.8328556842798594e-21,7.470439646676208e-22,1.6827459922968583e-20,9.202088589634008e-20,2.435537141941125e-19,4.859515794411634e-19,9.119940701649394e-19,1.6658226433516914e-21,9.193090422454654e-22,1.5291104187136776e-20,8.911486609035251e-20,2.542110036715575e-19,6.904041915060587e-19,3.3659440426556206e-20,4.037599567728153e-22,5.282893497630289e-22,9.900474866009982e-21,5.78586073434324e-20,2.3647580980297495e-19,4.1054135553592974e-19,6.406332511237183e-21,3.6206908032541563e-22,7.497453476276882e-22,1.3765653272535055e-20,9.889087694455712e-20,2.960428997122036e-19,6.680531370140769e-19,3.3133893617236066e-20,4.761399416898575e-22,0.0,3.8642003191089114e-22,7.060042747553342e-21,3.871104303326851e-20,1.227747729867382e-19,2.412102377742306e-19,1.9206679660486925e-20,1.0131237506258641e-21,1.595044602497434e-20,1.1494413164360795e-19,2.747903253514078e-19,5.50144815503833e-19,4.233825721275136e-20,1.9378520415577812e-21,0.0,4.670754042523878e-22,8.633125038660119e-21,3.844927227402009e-20,1.1665546240657586e-19,2.5052743541955643e-19,1.8193496305686047e-20,8.852328711180371e-22,1.7408396153899932e-20,1.0498465263554665e-19,2.56177360930351e-19,1.1559256665246366e-19,2.1527784449181805e-19,9.423972013260088e-21,1.0410869408077753e-21,1.853295076405789e-20,8.233025604830134e-20,3.127128234780292e-19,5.162601091021267e-19,8.02802739585555e-19,2.409630764303091e-21,0.0,3.8536684627212825e-22,8.110756349938106e-21,7.163529763259098e-21,2.5759863757692165e-20,7.320500750253721e-20,1.6986789225544465e-22,7.916612555051748e-22,1.7633692557488435e-20,8.11328122373749e-20,2.594459534066348e-19,5.01474235353807e-19,6.440762219292508e-21,7.36693927116276e-24,0.0,4.712033060956644e-22,8.044136381385056e-21,3.674983838257445e-20,9.896188595548656e-20,2.06580396047176e-21,1.622903803005833e-22,9.507059441109155e-22,1.750858295283565e-20,8.002978563767991e-20,2.875718198383004e-19,6.236647023688953e-19,3.078731954095994e-20,1.9716910462762127e-21,0.0,3.910699057995124e-22,9.333123686135501e-21,4.73729783389989e-20,1.155367178902929e-19,2.3319206071957846e-19,7.179359980789487e-22,0.0,4.329155754388311e-22,6.474082396254837e-21,4.209012857378373e-20,1.3891142692040632e-19,8.868015852969285e-21,7.232029021782305e-22,8.849159578680856e-22,1.5033688755066347e-20,8.224015232767197e-20,2.5463200995065405e-19,6.592234317100593e-19,3.269078907203863e-20,2.4408529725700626e-21,8.684600204280393e-22,1.818042577742485e-20,8.394006861131949e-20,2.3559195136549965e-19,6.518149785774804e-19,3.635830677399657e-20,2.3867234219618877e-21,0.0,4.854222272659238e-22,6.597884442210761e-21,3.4731079112457646e-20,1.0658353069635404e-19,1.06512444556103e-20,7.321247344573851e-22,0.0,5.368711538514082e-22,9.16594898221145e-21,5.391101727242546e-20,1.177048676700683e-19,2.4567772369477137e-19,1.5087911097158437e-20,0.0,3.870323875836308e-22,8.684280208364447e-21,3.7290745903800936e-20,1.3990000549300392e-19,3.0562541073506676e-19,1.4565187029237528e-20,2.7987658874444023e-22,5.452856315381596e-21,3.646499118298722e-20,1.2321779358405791e-19,3.7083740560296185e-19,2.0372926714655957e-20,1.21441092726214e-21,1.0162552965622717e-21,1.8297319377226526e-20,9.978692398667729e-20,2.5933183632560424e-19,6.91918933858845e-19,3.988154460359331e-20,8.96908640435629e-23,4.7393623011462035e-22,8.013282755078433e-21,2.9036565237755494e-21,1.5058533390252255e-20,5.652123707602685e-20,1.3743401986435313e-19,6.7274758604360386e-21,0.0,5.421954020814298e-22,8.798198316580706e-21,4.789811503104812e-20,1.4565500371301675e-19,3.1138552251453227e-19,1.8600137786741924e-20,0.0,5.014778255629421e-22,8.276598462566204e-21,4.3906067661386556e-20,1.1404838713927557e-19,8.860820362292372e-21,7.800225661412672e-22,9.797765648669642e-22,1.8485160265505e-20,7.447998847087116e-20,3.04432152100769e-19,6.344890009454788e-19,4.0194400207151317e-20,1.787654755099679e-21,8.926307343905311e-22,1.886845588964203e-20,8.414194988696212e-20,3.1593011495078323e-19,6.169463611945391e-19,3.240107067044176e-20,1.7548953697573976e-21,8.83471789640403e-22,1.5321913262547615e-20,9.062010004274325e-20,3.2988267440013724e-19,6.8106599521983e-19,3.4714226890267664e-20,2.1693042613607537e-21
7.0579422968347515e-22,1.3611446968155352e-20,7.727825615606955e-20,2.0436774029065187e-19,3.816308317568302e-19,2.8221574912018965e-20,1.8160958139948813e-21,8.404504725082627e-22,1.1590409764878608e-20,7.652259800450103e-20,2.3900171046575372e-19,3.606794136606596e-19,2.3867800417249744e-20,1.3254974675694904e-21,5.191183342496996e-22,1.1795056653093724e-20,6.506099780505598e-20,1.7355217772815752e-19,3.486671584676636e-19,6.58474111613008e-19,1.204827531763428e-21,6.378118504824606e-22,1.0720563239194341e-20,6.302577643107633e-20,1.8119430659402222e-19,4.9553578305305965e-19,2.4265560661118234e-20,2.914790830487952e-22,3.6641712857900085e-22,6.940593437086556e-21,4.089125499230555e-20,1.6840451255529497e-19,2.9438107276438674e-19,4.606614582405018e-21,2.606878876856097e-22,5.203991536667922e-22,9.651040438132752e-21,6.99236911445645e-20,2.1095091448392125e-19,4.79274880625318e-19,2.3876282010586642e-20,3.4352106255517713e-22,0.0,2.6861463592503523e-22,4.950517636295745e-21,2.7380063713401656e-20,8.749151908027939e-20,1.7309938810920307e-19,1.384629281715245e-20,7.038938733519525e-22,1.1185507834221494e-20,8.132051342416945e-20,1.9587650789996616e-19,3.9489510256961876e-19,3.0526453118497395e-20,1.4011649693453297e-21,0.0,3.24518190212404e-22,6.04872222028398e-21,2.718566854677353e-20,8.313568724686157e-20,1.7979157496102022e-19,1.3117365601628637e-20,6.147014237279195e-22,1.2204517416828256e-20,7.423598770404168e-20,1.8257400421888694e-19,8.287091594811554e-20,1.5523338585243437e-19,6.820491978463822e-21,7.235351352285844e-22,1.2996031665419262e-20,5.823786882180887e-20,2.2286665354658094e-19,3.704908992973535e-19,5.797803333189153e-19,1.7432249820306365e-21,0.0,2.6768427996801683e-22,5.685526395972411e-21,5.06059579499218e-21,1.8315714023587607e-20,5.239421628959615e-20,1.2180682633673347e-22,5.498645601020871e-22,1.2366277725690594e-20,5.737556006290206e-20,1.8486575943841517e-19,3.598247976349291e-19,4.636280342369888e-21,5.2164057114642934e-24,0.0,3.2727307017903575e-22,5.6413233755213896e-21,2.598503406690429e-20,7.053685738000863e-20,1.4766682268505012e-21,1.1632046997255907e-22,6.604837673368398e-22,1.2277090284811729e-20,5.658764111596339e-20,2.0490776087328895e-19,4.474868966709467e-19,2.2186884965805658e-20,1.4251592566427275e-21,0.0,2.7124267669289807e-22,6.539961088746177e-21,3.349975542651851e-20,8.234236206115394e-20,1.673832714460265e-19,5.163778240129378e-22,0.0,3.0092191936950115e-22,4.535049486943968e-21,2.975768408219002e-20,9.898308018587361e-20,6.350087143298792e-21,5.192202006611854e-22,6.142556843668198e-22,1.0540689893768123e-20,5.816434757835516e-20,1.8148872407762685e-19,4.730714778887664e-19,2.356110988422646e-20,1.764531219864395e-21,6.024005985641426e-22,1.2748845529056489e-20,5.935533500157341e-20,1.678984149327127e-19,4.677578232525359e-19,2.6205120164888583e-20,1.725217858084877e-21,0.0,3.370888754803419e-22,4.624046088089109e-21,2.4561170779767042e-20,7.596231617329993e-20,7.629363450920433e-21,5.25635864317486e-22,0.0,3.727073997403445e-22,6.430537814285013e-21,3.812483241373753e-20,8.388735875756338e-20,1.763395692101773e-19,1.0879564460233856e-20,0.0,2.6881726922580144e-22,6.088344144816297e-21,2.6374158680327343e-20,9.971136857593368e-20,2.1933017799793424e-19,1.0501916437508853e-20,1.943062626171111e-22,3.81972777893567e-21,2.5747504887169665e-20,8.764872107336442e-20,2.6557342298639953e-19,1.465435185843398e-20,8.763266154872598e-22,7.053948155946193e-22,1.282824228856864e-20,7.057440675565651e-20,1.8480227640912187e-19,4.965154176023701e-19,2.874755174599538e-20,6.459550950882086e-23,3.2974314037734357e-22,5.6152077729815556e-21,2.0414229176177927e-21,1.0648913300987012e-20,4.023080090519572e-20,9.846384745465388e-20,4.841948887934454e-21,0.0,3.7685273355260096e-22,6.172953392903876e-21,3.3870710017598104e-20,1.0380624820053101e-19,2.234796165859326e-19,1.3412334749248846e-20,0.0,3.476244369693262e-22,5.803740012948699e-21,3.1046144226637626e-20,8.128138145308821e-20,6.3465469810192506e-21,5.603508774270996e-22,6.799764262351693e-22,1.296049129447591e-20,5.266747904691841e-20,2.169151062245095e-19,4.552791833214154e-19,2.897238991965483e-20,1.2923116957063897e-21,6.20053805728311e-22,1.3235070414278662e-20,5.951366565744762e-20,2.2516554888851994e-19,4.427795394971933e-19,2.3360308699519067e-20,1.2688052433793624e-21,6.1385509013469235e-22,1.0742490927396196e-20,6.409292315749299e-20,2.3509137040510524e-19,4.887756202228778e-19,2.5020524220147763e-20,1.5681070302086313e-21
4.903790966373218e-22,9.539623489570766e-21,5.464529770692729e-20,1.4565277269952106e-19,2.7385310131684463e-19,2.034239461179359e-20,1.3120317397745775e-21,5.834970542061576e-22,8.130697815538328e-21,5.410778296809799e-20,1.7034511080259735e-19,2.588534861049963e-19,1.7204643923684928e-20,9.581167905834342e-22,3.6116087436321654e-22,8.262372667755449e-21,4.5995807591947746e-20,1.236566934468669e-19,2.50127412585279e-19,4.753638608856479e-19,8.708675817721297e-22,4.424666437785464e-22,7.515305966522994e-21,4.4564674731674756e-20,1.2912372297741103e-19,3.5561190323612785e-19,1.7489452049506113e-20,2.1044310065776648e-22,2.542199327137525e-22,4.8627508549136566e-21,2.889617530875999e-20,1.1991965924558948e-19,2.1106139061716043e-19,3.312563347207033e-21,1.8763841425187015e-22,3.609323017809781e-22,6.7647190720292064e-21,4.9431323424447594e-20,1.502998606102077e-19,3.437994738939485e-19,1.7205170466164884e-20,2.4761226989393015e-22,0.0,1.866473630126004e-22,3.47072054254626e-21,1.9359442352074078e-20,6.233507026896649e-20,1.2420799001607746e-19,9.98134726424991e-21,4.886799698101372e-22,7.846224712429795e-21,5.750883040948311e-20,1.3959779272009603e-19,2.834122576967291e-19,2.2004840831172328e-20,1.0127557125745463e-21,0.0,2.251744627341031e-22,4.238956151240152e-21,1.92222527285204e-20,5.92442693199642e-20,1.2900878334844475e-19,9.45535218227994e-21,4.2713463442658035e-22,8.557416913499457e-21,5.2503706817453335e-20,1.3010126918493185e-19,5.940551239216541e-20,1.119203781500649e-19,4.935323961338753e-21,5.033724287821469e-22,9.11061550154107e-21,4.118690447386609e-20,1.5881747374905447e-19,2.6585237961857117e-19,4.186566572573899e-19,1.2606251437037583e-21,0.0,1.8577740803958964e-22,3.983877332314617e-21,3.57510768015209e-21,1.3022349326155122e-20,3.749420504234427e-20,8.72944270946789e-23,3.818247236487977e-22,8.67185280671508e-21,4.057013928984218e-20,1.317200420327803e-19,2.581566511107834e-19,3.3370107542523935e-21,3.716033246955124e-24,0.0,2.2754673143378416e-22,3.957194458885347e-21,1.8372960290035188e-20,5.026783494749253e-20,1.0556498266762542e-21,8.334192475990232e-23,4.587635009105999e-22,8.606967939890818e-21,4.000794647788005e-20,1.4600837572041647e-19,3.2103676935834447e-19,1.5989744713122913e-20,1.029591839430123e-21,0.0,1.8853485372248207e-22,4.582109396914789e-21,2.3692859790269526e-20,5.867860311464688e-20,1.201294948291874e-19,3.713648161914382e-22,0.0,2.0869342631466945e-22,3.1769859206967427e-21,2.103674458274173e-20,7.052182945133654e-20,4.546039967170281e-21,3.726120419849873e-22,4.263311097821841e-22,7.391333549748945e-21,4.113214366803774e-20,1.2934953900038176e-19,3.3943875615996377e-19,1.698110013660046e-20,1.2751372399469521e-21,4.179251788316849e-22,8.938712103976622e-21,4.196436557200074e-20,1.1963537779653193e-19,3.3563076844253555e-19,1.888680160804056e-20,1.2470163092313429e-21,0.0,2.3412937252695094e-22,3.2411789790628952e-21,1.737073624840316e-20,5.413070225509302e-20,5.465206408987913e-21,3.7716706256119395e-22,0.0,2.5917020080151464e-22,4.510734888259527e-21,2.6954759501750862e-20,5.97791081718076e-20,1.2654607756714616e-19,7.843683306412109e-21,0.0,1.8681223243492063e-22,4.266032841357193e-21,1.8656196822371367e-20,7.106332466149161e-20,1.5737774260972208e-19,7.571142509498559e-21,1.3501272107904768e-22,2.6744047358297226e-21,1.817705350128727e-20,6.233579822714142e-20,1.901647074376083e-19,1.0538720474104981e-20,6.318883008343533e-22,4.901798433574574e-22,8.992754348435337e-21,4.991137888427264e-20,1.3166742622629388e-19,3.5625028950173215e-19,2.0717375662606503e-20,4.6510768379826125e-23,2.2945195707321213e-22,3.935588733796629e-21,1.4356136065378412e-21,7.531098172585852e-21,2.8632666135707283e-20,7.054028873978662e-20,3.4844671150449216e-21,0.0,2.6181726495761655e-22,4.328383091431822e-21,2.3952008280609534e-20,7.397454956627441e-20,1.6037702089862426e-19,9.670273569438339e-21,0.0,2.4063745735006057e-22,4.070372764783065e-21,2.1951854515658212e-20,5.792238050353473e-20,4.5439667247026635e-21,4.0237497488578365e-22,4.727198662879007e-22,9.087164407034005e-21,3.723622656846389e-20,1.5455367080969946e-19,3.266467654991382e-19,2.0882701757143633e-20,9.342535779354796e-22,4.310727040096049e-22,9.281143403403606e-21,4.209567304478605e-20,1.604785443089588e-19,3.177321863095794e-19,1.6837523054552417e-20,9.170841685300177e-22,4.263287662947605e-22,7.533370019830836e-21,4.532033899394667e-20,1.6751123536013924e-19,3.507140307958302e-19,1.803208630856371e-20,1.133464525090023e-21
3.4117230552240034e-22,6.6907541853103055e-21,3.864519988028334e-20,1.0380031789684842e-19,1.9649295249099428e-19,1.466193287276487e-20,9.479945193474698e-22,4.0519741383576096e-22,5.7004226374519375e-21,3.8259394359080656e-20,1.214075146652684e-19,1.8575803681610424e-19,1.2399276166978285e-20,6.925835570416452e-22,2.5101644086297383e-22,5.788252018015656e-21,3.2519961148379664e-20,8.807623538063036e-20,1.7940990664296565e-19,3.4312434174212596e-19,6.295528874574503e-22,3.072525005389031e-22,5.268795554674683e-21,3.151538466719948e-20,9.20054500321982e-20,2.5515145726035874e-19,1.2604334658086409e-20,1.5189826203368735e-22,1.7652626811828093e-22,3.4065475480336394e-21,2.041637006970731e-20,8.539653237277993e-20,1.5129476518338154e-19,2.3815508080700888e-21,1.3505872608604317e-22,2.5018388859732727e-22,4.741873260761691e-21,3.494135497950401e-20,1.0705676405469934e-19,2.4659552675957576e-19,1.2396312337192016e-20,1.7854672390150803e-22,0.0,1.2977834511501097e-22,2.4325870090311883e-21,1.369112782494439e-20,4.441153042511783e-20,8.911581486507926e-20,7.19441536294549e-21,3.3891797341867513e-22,5.4998815341502755e-21,4.0662474702159834e-20,9.949178080682892e-20,2.0337937524729898e-19,1.5860486906343606e-20,7.320004613532572e-22,0.0,1.5623988259442824e-22,2.9707652946677964e-21,1.3589664379164768e-20,4.220844138806745e-20,9.255151606625361e-20,6.815352332574429e-21,2.965915637661053e-22,6.0014288703863495e-21,3.7130754051683446e-20,9.269543913938893e-20,4.2577233140650895e-20,8.067962053412893e-20,3.570560086985037e-21,3.498829718707255e-22,6.388350735608201e-21,2.9118981735952717e-20,1.1317047971988145e-19,1.9073061131980166e-19,3.022572838121435e-19,9.115639457375236e-22,0.0,1.2920273254633927e-22,2.7921079548127905e-21,2.523874258467176e-21,9.258089943625068e-21,2.6828810093162617e-20,6.261268971001021e-23,2.6509688511262194e-22,6.0772068271640185e-21,2.868983475955641e-20,9.383251711394558e-20,1.8519204049213256e-19,2.4014821780805678e-21,2.6375837545754683e-24,0.0,1.580422675055184e-22,2.7759447165880064e-21,1.2993463103204693e-20,3.582055431749496e-20,7.543114741601927e-22,5.963950941324285e-23,3.1861848163748988e-22,6.0293820321991656e-21,2.829018504760042e-20,1.0402506297653162e-19,2.3028303298699294e-19,1.1520806751087386e-20,7.438233629462742e-22,0.0,1.3077511116029763e-22,3.210982118659537e-21,1.6753749803023365e-20,4.181700486705731e-20,8.620483887690581e-20,2.6700870459503065e-22,0.0,1.4504506710112893e-22,2.2250922698929233e-21,1.4873385064730353e-20,5.0234314172812926e-20,3.25333000727444e-21,2.6730821856289704e-22,2.9637923089323193e-22,5.182588887031736e-21,2.9084323577396304e-20,9.218324958793786e-20,2.43531590257442e-19,1.2237954302185642e-20,9.215945241212057e-22,2.8960325489525627e-22,6.268352646108706e-21,2.967447228520708e-20,8.52298921938523e-20,2.407831334991474e-19,1.3610941611503802e-20,9.00853910892585e-22,0.0,1.6220687957871814e-22,2.2726872161379924e-21,1.228263349449162e-20,3.8572092637173884e-20,3.9137794732331434e-21,2.705032168998703e-22,0.0,1.805745387885617e-22,3.1621490494463773e-21,1.9060633953376173e-20,4.259303265135836e-20,9.080418931832693e-20,5.6541405724560415e-21,0.0,1.3010058125698586e-22,2.9889952141859085e-21,1.3193469342052473e-20,5.063933354747933e-20,1.1290833995377677e-19,5.457260825303533e-21,9.397275073347523e-23,1.8716642068220125e-21,1.2831116076998005e-20,4.432982702785975e-20,1.361486412830376e-19,7.576396820482722e-21,4.554744688210003e-22,3.406789505922237e-22,6.300642243122034e-21,3.529760539123841e-20,9.379287295934216e-20,2.5557233615301442e-19,1.4927374337242492e-20,3.339835801141227e-23,1.5915826759805587e-22,2.7580995957973014e-21,1.0092482684448878e-21,5.3242931032392534e-21,2.0375858705783735e-20,5.052980397938111e-20,2.5066292133194226e-21,0.0,1.8201194899045458e-22,3.033994692446843e-21,1.6934181065527315e-20,5.271348262672128e-20,1.1506955335958128e-19,6.971052975126742e-21,0.0,1.666775672851282e-22,2.854786573460567e-21,1.552536827241546e-20,4.127259435471979e-20,3.2524034429956513e-21,2.888422008409848e-22,3.280052977051454e-22,6.369222364518392e-21,2.6316010053850163e-20,1.1009568590572844e-19,2.3430695341878875e-19,1.504853713376147e-20,6.752968274576577e-22,2.9952270546702463e-22,6.5083101257587605e-21,2.9774662896783195e-20,1.1435770242610079e-19,2.279543377423784e-19,1.2133338403897121e-20,6.626775545672061e-22,2.961800834038861e-22,5.2810893179666835e-21,3.2039992178814065e-20,1.193525656652259e-19,2.516200723649465e-19,1.2992496595781263e-20,8.189217761925812e-22
2.369521563392762e-22,4.692860627141264e-21,2.732921529756509e-20,7.396006397497136e-20,1.4097347164338124e-19,1.0564964524573408e-20,6.849005587506937e-22,2.816104501623842e-22,3.9963791604667246e-21,2.705090850360989e-20,8.651757801503035e-20,1.332785585312207e-19,8.934147150862024e-21,5.006154443242623e-22,1.74505269730132e-22,4.057123463574918e-21,2.298986199084906e-20,6.2729669173981e-20,1.286684017728969e-19,2.476302070132983e-19,4.550308397440006e-22,2.1377712683566186e-22,3.696008929929524e-21,2.228059303799256e-20,6.555746564637759e-20,1.8305528260774301e-19,9.081196576786468e-21,1.096325535717182e-22,1.224156375089367e-22,2.3867952878894076e-21,1.4426569543720063e-20,6.079784985696829e-20,1.0844730127906824e-19,1.7123775525013462e-21,9.717361679356468e-23,1.7319686683190496e-22,3.322244932501569e-21,2.4694932654973238e-20,7.624976045740665e-20,1.768469556570515e-19,8.928404145216185e-21,1.2879220342275112e-22,0.0,9.000776910842999e-23,1.704273950712221e-21,9.683558753762306e-21,3.1632925008748976e-20,6.392532737015216e-20,5.184286514156907e-21,2.34720967094139e-22,3.8547974426899106e-21,2.8757744249127535e-20,7.09059129516281e-20,1.459243341829383e-19,1.1430157204748295e-20,5.286636556524975e-22,0.0,1.0873327574331905e-22,2.081896241567416e-21,9.611475955118955e-21,3.0069924001035635e-20,6.638955475654818e-20,4.912444324028677e-21,2.0629121106751327e-22,4.206839940191909e-21,2.6252114416958203e-20,6.604549949172991e-20,3.0506781146389616e-20,5.815322299808015e-20,2.583061241785391e-21,2.4342049488443634e-22,4.479690086260857e-21,2.058749281902315e-20,8.063074451777767e-20,1.3682345566748115e-19,2.181815592879914e-19,6.591074057996516e-22,0.0,8.988644576682543e-23,1.957854938110495e-21,1.7823544790010115e-21,6.58136867968539e-21,1.919506769250096e-20,4.486237320519405e-23,1.8389865910423885e-22,4.258506886427117e-21,2.029108132067258e-20,6.684079399017901e-20,1.328335878231891e-19,1.7274393974365857e-21,1.8641777078247005e-24,0.0,1.0958140031250123e-22,1.9462692546312172e-21,9.192060467116961e-21,2.5521427949190292e-20,5.393358969384855e-22,4.268233654094025e-23,2.2111329346020167e-22,4.222890176726234e-21,2.0008788147121112e-20,7.41021281416602e-20,1.6515564574544836e-19,8.300595766933322e-21,5.371666596908228e-22,0.0,9.086908330146962e-23,2.248023605846954e-21,1.1844629691559477e-20,2.9791914421997383e-20,6.184792826334895e-20,1.918198260468641e-22,0.0,1.0094753029671927e-22,1.5594487092771355e-21,1.051182073765263e-20,3.578545881727492e-20,2.3289333342979816e-21,1.9176997757264503e-22,2.058300962686568e-22,3.6338910588632014e-21,2.0555572363329282e-20,6.567836883870053e-20,1.746962169166858e-19,8.81828745761769e-21,6.659331893699449e-22,2.0092406142959295e-22,4.394182314806509e-21,2.0976022209979566e-20,6.07157728109705e-20,1.727118245242504e-19,9.805917341514845e-21,6.504753603337853e-22,0.0,1.1266098700728031e-22,1.5918325510418684e-21,8.686849657457041e-21,2.7477932270443286e-20,2.80251143641795e-21,1.940899573286008e-22,0.0,1.2562178207305463e-22,2.2183156454134287e-21,1.3478330254053013e-20,3.034430633933621e-20,6.514679651290244e-20,4.076023220859185e-21,0.0,9.055835623485677e-23,2.0949796028291838e-21,9.327295231180457e-21,3.6081560761411663e-20,8.099165465180231e-20,3.93321315625237e-21,6.557842415930689e-23,1.3101976977867665e-21,9.059702359803868e-21,3.151627635772302e-20,9.746411176438511e-20,5.4469286996571474e-21,3.2841254390504545e-22,2.364783933510047e-22,4.4158058514915516e-21,2.496102442978907e-20,6.681202936715238e-20,1.833238552973275e-19,1.0751860276654256e-20,2.397269794737792e-23,1.1052030659334882e-22,1.9306046628811886e-21,7.088316180732674e-22,3.765859544334199e-21,1.449909709932032e-20,3.619002793204026e-20,1.803038556745248e-21,0.0,1.262066867756461e-22,2.126266022932595e-21,1.1975030411472252e-20,3.755633922880926e-20,8.254935797887012e-20,5.024963574108171e-21,0.0,1.1521657361439358e-22,2.0017260846841304e-21,1.0977160962632729e-20,2.9405302703322874e-20,2.3272160659705092e-21,2.0724596491369017e-22,2.2814617366459056e-22,4.466187875939216e-21,1.859945193192761e-20,7.841764648194787e-20,1.680534106167111e-19,1.0842781382686093e-20,4.880002760079443e-22,2.08498071361126e-22,4.5610136220994285e-21,2.105039965616896e-20,8.147088766953392e-20,1.6352091367416225e-19,8.742489811878808e-21,4.787355054938764e-22,2.0594799291515201e-22,3.704870337211358e-21,2.2652220199269234e-20,8.503146232696959e-20,1.8049107748940226e-19,9.359071661526625e-21,5.914770380492579e-22
1.6426430123592703e-22,3.290695288775501e-21,1.932230555476478e-20,5.269500618268381e-20,1.0113227367238243e-19,7.610466793643489e-21,4.947642199228503e-22,1.9567019784015348e-22,2.8003021909399026e-21,1.9120813003136744e-20,6.163717194983624e-20,9.56164873410368e-20,6.437455948657349e-21,3.6184413001170064e-22,1.2112610653785629e-22,2.8422594043017214e-21,1.6246158699424455e-20,4.4672784257794533e-20,9.226422821759137e-20,1.7868287963468906e-19,3.287134093174275e-22,1.48942480650338e-22,2.5903926249117697e-21,1.5746459912719923e-20,4.6701056652494984e-20,1.313190007232e-19,6.541718577496378e-21,7.908162758244292e-23,8.471991609053891e-23,1.6730895358130773e-21,1.019343015762618e-20,4.3282122971842686e-20,7.772966741196833e-20,1.2303068050945678e-21,7.000023971970513e-23,1.1998194912680305e-22,2.3275424415272175e-21,1.745215758134742e-20,5.43007926328804e-20,1.2681174038835324e-19,6.430025755998798e-21,9.282756195745802e-23,0.0,6.255126924274531e-23,1.195863612491467e-21,6.8492335016483e-21,2.253314712126888e-20,4.584881566694393e-20,3.7353730916181135e-21,1.6276296870031165e-22,2.7039371803804292e-21,2.034007517905206e-20,5.0526882485062755e-20,1.0468630290813129e-19,8.234965821364153e-21,3.816304938653976e-22,0.0,7.563686061553956e-23,1.4594769148387823e-21,6.795464172376058e-21,2.14195686369579e-20,4.761832022470419e-20,3.53990122795849e-21,1.430459757447205e-22,2.9463341988261288e-21,1.8565732639680152e-20,4.704463734282781e-20,2.185624792179891e-20,4.1909367482795774e-20,1.8680645156014894e-21,1.6947695894721597e-22,3.1415790164416446e-21,1.4556344382278077e-20,5.744399728701141e-20,9.813014646157586e-20,1.5746641316228767e-19,4.765381270632704e-22,0.0,6.24775442726278e-23,1.3717496477525375e-21,1.2579506240198002e-21,4.676762909358513e-21,1.3731147149840774e-20,3.208345609255769e-23,1.2771597005249555e-22,2.9847543481573377e-21,1.4347383210709638e-20,4.760688125118942e-20,9.526784583517361e-20,1.242307069027358e-21,1.316623672954652e-24,0.0,7.579175393503829e-23,1.3629783101457156e-21,6.504189764449502e-21,1.8181732716223333e-20,3.855421585709023e-22,3.047951550076967e-23,1.5363305428403272e-22,2.957984643249497e-21,1.414995560249276e-20,5.2784058075973306e-20,1.184278483031864e-19,5.977791207368183e-21,3.8781663140974153e-22,0.0,6.305339967702565e-23,1.5765911114235048e-21,8.372956037257887e-21,2.1222069539840305e-20,4.436964627804696e-20,1.3771019004734767e-22,0.0,7.033011461462402e-23,1.0927118089976354e-21,7.427704355478838e-21,2.5489753093232705e-20,1.6668807377833216e-21,1.3753433580274463e-22,1.428593328116422e-22,2.5456160187418187e-21,1.4533199552698922e-20,4.679359362432802e-20,1.2529710987626e-19,6.35383865855594e-21,4.811914950155199e-22,1.3960572733439799e-22,3.0785537685099006e-21,1.483217795261453e-20,4.325230327850878e-20,1.2387580114084192e-19,7.062866733490793e-21,4.694826558534166e-22,0.0,7.8267851653349e-23,1.1162090433380244e-21,6.1442361185361376e-21,1.957026909495675e-20,2.0057054621455768e-21,1.392547429007105e-22,0.0,8.764570705422087e-23,1.5568034738894481e-21,9.532595442084995e-21,2.161525180060789e-20,4.6734011722601485e-20,2.9380742270043164e-21,0.0,6.287290385540447e-23,1.4700724663797602e-21,6.594386484904365e-21,2.5701420130015642e-20,5.80939902214404e-20,2.8343164729528067e-21,4.5856765647010274e-23,9.1752101230248e-22,6.396192570926418e-21,2.2409470272533487e-20,6.97713854398965e-20,3.915427823461131e-21,2.365892618879499e-22,1.6415859918782248e-22,3.094478283136214e-21,1.7653670460751873e-20,4.7590067382695136e-20,1.3147623829341676e-19,7.743924538338763e-21,1.7198704890271667e-23,7.66046513180872e-23,1.3537195895731129e-21,4.97719562934046e-22,2.6633424832492117e-21,1.0318729720885998e-20,2.5913686528764598e-20,1.2968245960078333e-21,0.0,8.768487340410625e-23,1.4905202398992225e-21,8.465009701059451e-21,2.6753254525206483e-20,5.921038075777453e-20,3.621401214564544e-21,0.0,7.991616964387896e-23,1.4031019115697584e-21,7.761537781165858e-21,2.094647730464122e-20,1.6661524093972019e-21,1.486471287043767e-22,1.585267341807107e-22,3.1310716383348736e-21,1.3144680099189226e-20,5.584310446524967e-20,1.2051637943951916e-19,7.8110638513867e-21,3.525285318182236e-22,1.4471909298816242e-22,3.1970372310967817e-21,1.488705980656033e-20,5.803336834953756e-20,1.172825851147004e-19,6.29882874983654e-21,3.457823654228724e-22,1.4318489296714846e-22,2.595682429712468e-21,1.6018895387052713e-20,6.056858518247764e-20,1.2944858979826004e-19,6.739455790577271e-21,4.268860523454764e-22
1.1383988817300083e-22,2.307508858884497e-21,1.3659453962465777e-20,3.7537122615132815e-20,7.254059051561421e-20,5.480095564439137e-21,3.57353555685017e-22,1.36076766844967e-22,1.9640978859436762e-21,1.351304197553361e-20,4.3911710104345596e-20,6.858800967540642e-20,4.636906472644804e-21,2.6151119639033856e-22,8.390094078336543e-23,1.9907134381199046e-21,1.1485710658871418e-20,3.180677021309705e-20,6.614897616078404e-20,1.2891326030537284e-19,2.3730841878092764e-22,1.0347990080142308e-22,1.8172822897987055e-21,1.1126955699204958e-20,3.326830903726981e-20,9.418518173274076e-20,4.711480677375513e-21,5.706543951790591e-23,5.892494039536999e-23,1.1722019874223438e-21,7.204128873185963e-21,3.081197206265775e-20,5.570262173408955e-20,8.842896975643606e-22,5.046261869760185e-23,8.295511266904496e-23,1.6312418252640956e-21,1.2333774151191943e-20,3.866778510160783e-20,9.09150497455602e-20,4.629763675470865e-21,6.695096456787042e-23,0.0,4.3334665954415926e-23,8.394291074301968e-22,4.8429773602262426e-21,1.6049040966192098e-20,3.287850637170486e-20,2.6914712905142672e-21,1.1293390000816972e-22,1.895897318730156e-21,1.4384874985784153e-20,3.5994315575906806e-20,7.50865578566655e-20,5.9309240801300085e-21,2.7551869677698957e-22,0.0,5.237605785811127e-23,1.02267782253866e-21,4.8049512310572194e-21,1.5257092454808238e-20,3.4148921791026264e-20,2.550350780735009e-21,9.919484306592056e-23,2.066714760952908e-21,1.312584886728848e-20,3.351079765114322e-20,1.5655357369309067e-20,3.0200900934979024e-20,1.3510625892165608e-21,1.1761011443846924e-22,2.204178058742753e-21,1.0290040942850092e-20,4.0914883251267884e-20,7.036801985733373e-20,1.1362736834293943e-19,3.4446353226958746e-22,0.0,4.327328730475327e-23,9.619555049829039e-22,8.874031373345977e-22,3.324643989089467e-21,9.822718010778207e-21,2.294432301505629e-23,8.857256405874607e-23,2.0900992002678498e-21,1.0139527744178397e-20,3.3908258204997536e-20,6.831522301799651e-20,8.932444596936079e-22,9.375066372889606e-25,0.0,5.26504608087627e-23,9.554570524291766e-22,4.5996667632906735e-21,1.2950554402925125e-20,2.755814041644191e-22,2.1729080899551714e-23,1.0660642072245932e-22,2.0728489805158395e-21,1.0003439318318197e-20,3.759753170034627e-20,8.491168080425637e-20,4.304857491769481e-21,2.7990037776062554e-22,0.0,4.3908456542812875e-23,1.1046034436701017e-21,5.920857538897917e-21,1.5116991392078414e-20,3.182322809361009e-20,9.893113886638603e-23,0.0,4.896784587382984e-23,7.655120993273719e-22,5.248790297207766e-21,1.8156772294116244e-20,1.193120493274321e-21,9.87377911766254e-23,9.931135980309311e-23,1.7857267694794046e-21,1.027664386045113e-20,3.3330244771577236e-20,8.985527425189818e-20,4.577024391810019e-21,3.477428719500371e-22,9.679539024884046e-23,2.154958110070118e-21,1.048670391646627e-20,3.0813167466733536e-20,8.883780621518878e-20,5.085227190746506e-21,3.391219838946403e-22,0.0,5.421746082414674e-23,7.82393130236652e-22,4.343189469987618e-21,1.3939746840898017e-20,1.4355598339715532e-21,9.995066152261803e-23,0.0,6.10181691416994e-23,1.0920543517279503e-21,6.7399471279403986e-21,1.5397860514434804e-20,3.351997881947468e-20,2.116951045055719e-21,0.0,4.3778951002548936e-23,1.030245154915862e-21,4.6646934743740716e-21,1.8302368619222156e-20,4.1663146408651785e-20,2.0420877480207148e-21,3.2001797563976694e-23,6.413357142827551e-22,4.5165213970536986e-21,1.5926353606272137e-20,4.9942461296316975e-20,2.8140728580707304e-21,1.7050102625112566e-22,1.1430662976040642e-22,2.1677298452437506e-21,1.2482963153190577e-20,3.3901494395452605e-20,9.428356660264075e-20,5.577929005389162e-21,1.2347328736862866e-23,5.326661042318088e-23,9.493749474263492e-22,3.495428241185659e-22,1.8821899854112452e-21,7.343667645175788e-21,1.855309143192699e-20,9.3245365487231e-22,0.0,6.07276037095736e-23,1.044351163506041e-21,5.9850205536428424e-21,1.90559248385051e-20,4.2463507822062817e-20,2.6096285766129795e-21,0.0,5.536896611589716e-23,9.83989519160613e-22,5.4849134208106935e-21,1.4920165200396702e-20,1.192158212155873e-21,1.0666494223282536e-22,1.098588865723382e-22,2.1930703312172877e-21,9.28754983802827e-21,3.976346455103703e-20,8.64216183651634e-20,5.6246382548039655e-21,2.5452933459496997e-22,1.0047464054718204e-22,2.24020261980309e-21,1.0527276725257001e-20,4.1340377752511607e-20,8.411019931766826e-20,4.53736131629093e-21,2.496650268751071e-22,9.964878595645493e-23,1.821094348631913e-21,1.133025792241614e-20,4.3148855860664633e-20,9.283322988505282e-20,4.852625175464843e-21,3.08069481812317e-22
7.905079660587886e-23,1.6189183423828416e-21,9.659958328130499e-21,2.6738404051748936e-20,5.201997384513139e-20,3.946239256076247e-21,2.5819100778992036e-22,9.425480465666472e-23,1.3768608818452468e-21,9.553095552609785e-21,3.1283957440258785e-20,4.9193454066622e-20,3.339526487600332e-21,1.8878517482086041e-22,5.79526607532861e-23,1.3944774075069823e-21,8.123751287120368e-21,2.2649399776076533e-20,4.7422600208307313e-20,9.298885077504585e-20,1.7126259205412247e-22,7.194679513001896e-23,1.2745891791857679e-21,7.866205270169192e-21,2.3699128034196576e-20,6.754164771151922e-20,3.392713497022674e-21,4.1152064833887474e-23,4.104839603420731e-23,8.209903652107681e-22,5.09365343095206e-21,2.1926111616878667e-20,3.991002375976523e-20,6.357779130393795e-22,3.63412364331523e-23,5.755411920857115e-23,1.1425716315112654e-21,8.713706736364171e-21,2.753242560030457e-20,6.517718551780855e-20,3.332548070139832e-21,4.820835661149611e-23,0.0,3.0011085926537265e-23,5.890413163977879e-22,3.421482229712313e-21,1.142799900852573e-20,2.3571668199607297e-20,1.938452748885791e-21,7.847146978744791e-23,1.3284349048926026e-21,1.0169667939106854e-20,2.5642650757527628e-20,5.384530750983422e-20,4.271208443234285e-21,1.9897526914226585e-22,0.0,3.6223673601566006e-23,7.176546318972987e-22,3.394227308313762e-21,1.086511651061719e-20,2.4486383930786084e-20,1.836775999983029e-21,6.902962932485238e-23,1.450910826976613e-21,9.282096789285434e-21,2.3870154982635174e-20,1.1213351330531084e-20,2.1759142991964104e-20,9.76866949275493e-22,8.164515009005571e-23,1.5462246056667703e-21,7.274002360339853e-21,2.91356358684715e-20,5.0454980402809633e-20,8.19826287346144e-20,2.487780280752059e-22,0.0,3.0011385645966775e-23,6.740315563349456e-22,6.253114112027572e-22,2.3632179071193225e-21,7.024851263404293e-21,1.6401723248234145e-23,6.16757041566724e-23,1.4662176977401666e-21,7.16651287139448e-21,2.4146553655460462e-20,4.89802022080437e-20,6.423369036293245e-22,6.693913084313116e-25,0.0,3.6465880432138297e-23,6.695305686581215e-22,3.2531951121602476e-21,9.223768271505863e-21,1.9723648283964975e-22,1.555411466879916e-23,7.372441595543397e-23,1.4543026816039676e-21,7.069527023200711e-21,2.677512433627641e-20,6.087828013034832e-20,3.0998251084263487e-21,2.0195922056386589e-22,0.0,3.0432064968217374e-23,7.751210236999638e-22,4.183875674371776e-21,1.0767839885517885e-20,2.282354590739781e-20,7.110731898836381e-23,0.0,3.389670817441623e-23,5.3566493597762255e-22,3.709246780616618e-21,1.2930759452288755e-20,8.533182118145036e-22,7.084947954740194e-23,6.886217773689259e-23,1.2533189316460028e-21,7.269694407753463e-21,2.373822446626666e-20,6.44253812152213e-20,3.2967080907685874e-21,2.5101326945720433e-22,6.726366544912084e-23,1.5098138184269347e-21,7.413424047499475e-21,2.1951797307165308e-20,6.369744922627054e-20,3.660329106171337e-21,2.447864837988979e-22,0.0,3.7621469308764016e-23,5.473962115793942e-22,3.0692730048529702e-21,9.927244257944971e-21,1.026427912600565e-21,7.178164452719421e-23,0.0,4.25099482350475e-23,7.669900806493745e-22,4.765799247083983e-21,1.0965388934949474e-20,2.40348579960742e-20,1.5250166483786055e-21,0.0,3.032717289849281e-23,7.230270857948607e-22,3.2971893750062104e-21,1.3031274393198401e-20,2.987247240566851e-20,1.471040247764734e-21,2.236915784001516e-23,4.485790654109947e-22,3.1882168232056085e-21,1.13176485240908e-20,3.57473718519418e-20,2.0222582695907246e-21,1.227879401984216e-22,7.956592551526695e-23,1.5208656689191937e-21,8.819013793250945e-21,2.414970026199928e-20,6.760067987723452e-20,4.016329075870344e-21,8.840863586289297e-24,3.6848796906374753e-23,6.655097896774891e-22,2.4549852268395526e-22,1.3305655442904832e-21,5.2239256032068034e-21,1.3280887065370683e-20,6.704167166198688e-22,0.0,4.2040372125913966e-23,7.327917440652168e-22,4.228423682852984e-21,1.3572560798744948e-20,3.0447177854030815e-20,1.8795507901404644e-21,0.0,3.846785636373344e-23,6.888011187431201e-22,3.87484452685983e-21,1.0625548652184925e-20,8.53277314748086e-22,7.6494619716159e-23,7.638049471218935e-23,1.5366073188499645e-21,6.5612438171677934e-21,2.831885656582077e-20,6.196555668554177e-20,4.051362950088355e-21,1.835526064372236e-22,6.951202366007956e-23,1.5717990663150967e-21,7.443576420491748e-21,2.944648990248592e-20,6.031227620694062e-20,3.267381944979878e-21,1.8027927906407673e-22,6.908349991753718e-23,1.2770012573596824e-21,8.009606459556805e-21,3.073183129096828e-20,6.656091396239658e-20,3.494170053499502e-21,2.223653908124586e-22
5.511426352330519e-23,1.134272966457681e-21,6.827094153032708e-21,1.9042100342033688e-20,3.7300075964590766e-20,2.841019546857271e-21,1.864420431005431e-22,6.520400397032717e-23,9.64811490375814e-22,6.7533875407991034e-21,2.2281407740153015e-20,3.527852026074501e-20,2.404985361926419e-21,1.3634106969534124e-22,4.01921347873712e-23,9.782098608040288e-22,5.742054179544067e-21,1.612445448738254e-20,3.39886575996061e-20,6.706391441173465e-20,1.236697118523109e-22,5.019280495940788e-23,8.94078880734354e-22,5.558143492213312e-21,1.6881233883299215e-20,4.8430524557967445e-20,2.4424817012202067e-21,2.970785402426442e-23,2.847000111196247e-23,5.745749095429154e-22,3.599637403690857e-21,1.5605467609915282e-20,2.859163903604718e-20,4.5688737211675355e-22,2.6153231238211484e-23,3.9888580258177193e-23,7.999624979527199e-22,6.161640533146501e-21,1.9606054452369653e-20,4.672105874711162e-20,2.3983532851832194e-21,3.464922666285388e-23,0.0,2.072966040711434e-23,4.133869451611935e-22,2.41859362328436e-21,8.135762645317124e-21,1.689626027147262e-20,1.3953511134069807e-21,5.46499949737316e-23,9.312979540656605e-22,7.193290789875314e-21,1.8266418412095847e-20,3.860669738549955e-20,3.0755429583334844e-21,1.4360910454459597e-22,0.0,2.496988653043476e-23,5.029647465380144e-22,2.39923859965647e-21,7.737256994481547e-21,1.7553665815595084e-20,1.3224149731193718e-21,4.793932760260773e-23,1.0184025691151975e-21,6.56230765070089e-21,1.699633940067363e-20,8.030140711660275e-21,1.56759243015711e-20,7.060357424998929e-22,5.685017985201789e-23,1.0831415706859672e-21,5.142022569579856e-21,2.0749934811100095e-20,3.6170416562834533e-20,5.914047669211714e-20,1.7973810698835818e-22,0.0,2.0827528634504977e-23,4.718301098973556e-22,4.415392602213778e-22,1.679739764916019e-21,5.0243341601243716e-21,1.170571443797609e-23,4.2932873448631174e-23,1.027593465592206e-21,5.06692104809724e-21,1.7196179436931126e-20,3.511291764042843e-20,4.620541601513352e-22,4.804094482976064e-25,0.0,2.5204303061546612e-23,4.690784821311993e-22,2.3000259041944562e-21,6.5664380298947146e-21,1.408681337778497e-22,1.1133141015910684e-23,5.109079590794206e-23,1.0190231321640864e-21,4.996386651966879e-21,1.906096594290004e-20,4.3644008648274337e-20,2.2315389779903817e-21,1.4576224433296065e-22,0.0,2.0982494265383808e-23,5.434985397191561e-22,2.9555085183678414e-21,7.669159123629092e-21,1.6365488861340092e-20,5.10268169544557e-23,0.0,2.3374545017016884e-23,3.757062232301157e-22,2.6207351261125323e-21,9.209022139827003e-21,6.099628532112656e-22,5.0774194963349764e-23,4.780643777948104e-23,8.79034031159652e-22,5.141298814760122e-21,1.6900734145213742e-20,4.618590657713168e-20,2.3743031333862994e-21,1.8122688100685507e-22,4.6602071385020204e-23,1.0572934644004034e-21,5.238901155771787e-21,1.5632699961567853e-20,4.566402376056116e-20,2.635409954967897e-21,1.7670391458369681e-22,0.0,2.613023237000419e-23,3.8333793903519066e-22,2.168360317192621e-21,7.067388154372368e-21,7.336419843993602e-22,5.1499834832521804e-23,0.0,2.957584949591318e-23,5.377568339105933e-22,3.3695497569972245e-21,7.807384701593673e-21,1.7229612042236017e-20,1.0982578074897958e-21,0.0,2.116491039310927e-23,5.069921608720364e-22,2.332371871029212e-21,9.27703990621115e-21,2.1418892593534477e-20,1.05938211068033e-21,1.5573970905538115e-23,3.147802893324465e-22,2.2497920548683952e-21,8.041985524895697e-21,2.557980276150225e-20,1.4526268301521237e-21,8.850408324034368e-23,5.514070455003151e-23,1.0673938448156325e-21,6.23120671996714e-21,1.7198525850639822e-20,4.8463913074672425e-20,2.8907347944382415e-21,6.3102902688760354e-24,2.5678349468346603e-23,4.667264201131548e-22,1.7273451888289638e-22,9.404305868616363e-22,3.714160038593757e-21,9.50626009016271e-21,4.820597494497781e-22,0.0,2.9025260875860675e-23,5.135123656384534e-22,2.9849156326208615e-21,9.667208198655893e-21,2.183122473995306e-20,1.353670586261301e-21,0.0,2.6771242664182536e-23,4.823489525842217e-22,2.7366762564542946e-21,7.566116742627566e-21,6.107011822678364e-22,5.480950514574546e-23,5.305298985712951e-23,1.0768293133992177e-21,4.6331079677866655e-21,2.0165277454077586e-20,4.4423435762817e-20,2.9172123430620916e-21,1.3233264613643379e-22,4.811113771848143e-23,1.1027136715727741e-21,5.261453746630463e-21,2.0971230394888877e-20,4.32443042621168e-20,2.3519785679416613e-21,1.3021565999698389e-22,4.7841698038059363e-23,8.948629036136597e-22,5.660464440946679e-21,2.188319242627779e-20,4.7716740035781474e-20,2.5158730158048807e-21,1.604008225931629e-22
3.820713779450733e-23,7.961102130615016e-22,4.8251604660877015e-21,1.3559697077231518e-20,2.673688231973365e-20,2.044533135333569e-21,1.3463602714024113e-22,4.505525076990047e-23,6.760600490157147e-22,4.772766847416029e-21,1.5865105234868445e-20,2.5293160380632083e-20,1.7314388370047414e-21,9.849498694074789e-23,2.7781073625846244e-23,6.858822541193742e-22,4.0570639203782705e-21,1.1478958672292083e-20,2.435876250985728e-20,4.836350830458464e-20,8.927495632247473e-23,3.480626342576937e-23,6.276550309895455e-22,3.928276741638618e-21,1.202023852990462e-20,3.472184526199203e-20,1.757967448284828e-21,2.1413242418189467e-23,1.969149935928247e-23,4.0231754144310163e-22,2.5429851140898997e-21,1.1103925202112476e-20,2.0480175369941243e-20,3.284046727059238e-22,1.8781085394799865e-23,2.772357299283461e-23,5.596233247262288e-22,4.35465150405197e-21,1.3959854438120004e-20,3.348036096674979e-20,1.726583596121681e-21,2.4910842890767133e-23,0.0,1.4361592988916762e-23,2.9048144210867405e-22,1.7092568265620498e-21,5.790328098592893e-21,1.211044818739629e-20,1.0043255661958368e-21,3.812269559535841e-23,6.527817993351189e-22,5.083532730831271e-21,1.3011088714175656e-20,2.767728673274759e-20,2.2145678081217023e-21,1.03619633944981e-22,0.0,1.7253744888061178e-23,3.5261241321530236e-22,1.695931159854538e-21,5.508131335895254e-21,1.258326529149058e-20,9.51857813345158e-22,3.331012864029414e-23,7.158512215597611e-22,4.64037932197496e-21,1.2098539592522887e-20,5.748671676401689e-21,1.128983801294305e-20,5.101649525339614e-22,3.973530265728997e-23,7.603816351485783e-22,3.63502850681328e-21,1.4774548186458627e-20,2.5925266863120982e-20,4.26568075158388e-20,1.2965120061286415e-22,0.0,1.4343381712243467e-23,3.3092744702971205e-22,3.116623719422644e-22,1.1941297490688387e-21,3.592487081246935e-21,8.379816027197222e-24,2.9995341083412746e-23,7.21348964823005e-22,3.579660060175564e-21,1.2243784405458112e-20,2.5167409401155555e-20,3.3188207625984006e-22,3.3966529969493507e-25,0.0,1.753292429005241e-23,3.2966579713543604e-22,1.6244547570157681e-21,4.67416204627349e-21,1.0042278933026962e-22,7.946615560133369e-24,3.557162676304244e-23,7.150200855643469e-22,3.527721715244532e-21,1.3570798382914143e-20,3.12783760918437e-20,1.6058051065617203e-21,1.0506702531164417e-22,0.0,1.4486060766887246e-23,3.8156857964163243e-22,2.0879154674726825e-21,5.460082324375975e-21,1.1732592168254094e-20,3.661906789717045e-23,0.0,1.6203042346383124e-23,2.6393805708685167e-22,1.8521411962341566e-21,6.556400321842034e-21,4.361488407183332e-22,3.633288469106216e-23,3.3269474936464644e-23,6.169392585354893e-22,3.636312967964634e-21,1.2034622297461902e-20,3.310799567294978e-20,1.709349291130188e-21,1.3083269151609284e-22,3.227843821393481e-23,7.411234381992233e-22,3.699446476700742e-21,1.1128921266242145e-20,3.273162474738761e-20,1.8974706656032227e-21,1.2755970325657758e-22,0.0,1.80150551112684e-23,2.6929045221050737e-22,1.5324557440591293e-21,5.031140970758077e-21,5.244765246568861e-22,3.694679563485124e-23,0.0,2.0667152051317622e-23,3.7686023144712266e-22,2.3808742465390996e-21,5.557801569321653e-21,1.2350618602437462e-20,7.906446463455654e-22,0.0,1.4729426959684403e-23,3.55938914820905e-22,1.6486432745752945e-21,6.602464358276159e-21,1.5355932044150564e-20,7.626359403900552e-22,1.0820036032127898e-23,2.202813136121152e-22,1.5882103756812323e-21,5.71418766256605e-21,1.830206310271816e-20,1.0434270948642295e-21,6.385009138103415e-23,3.81723591939273e-23,7.488618929778119e-22,4.4042837939536225e-21,1.2244519942801614e-20,3.4736104840819444e-20,2.081050374209575e-21,4.5121635375020705e-24,1.7840036166458586e-23,3.270558990434214e-22,1.214199892862138e-22,6.647423310906517e-22,2.642284272855079e-21,6.80385159079256e-21,3.463934465933638e-22,0.0,2.009772556183362e-23,3.599560612097473e-22,2.108298722018523e-21,6.882663327930566e-21,1.5649411517778733e-20,9.747083682709733e-22,0.0,1.8506949434568923e-23,3.384973676959155e-22,1.9340169840569017e-21,5.385550557678247e-21,4.367730561754951e-22,3.9302270775921204e-23,3.696377137019945e-23,7.528785135834729e-22,3.2714847803166173e-21,1.4359002752566528e-20,3.18439844682394e-20,2.099521455367985e-21,9.543257239017055e-23,3.335464460348906e-23,7.746848831041166e-22,3.720129959690396e-21,1.493027688401113e-20,3.100401792995389e-20,1.6922280257819341e-21,9.411225130093889e-23,3.31004700210257e-23,6.281873235189902e-22,3.999932239384571e-21,1.5584218778705177e-20,3.419872688252608e-20,1.811058089823183e-21,1.1568411430041709e-22
2.6607899710313533e-23,5.574632173608298e-22,3.411747313714755e-21,9.653707590510735e-21,1.916273911666753e-20,1.4713315089451855e-21,9.713097145219134e-23,3.1349329362947696e-23,4.731658259478341e-22,3.3739242517715746e-21,1.1293958495643087e-20,1.812887300710199e-20,1.2464965420984615e-21,7.112379630955062e-23,1.9154440346761128e-23,4.805806775973656e-22,2.863893467280096e-21,8.173300810143628e-21,1.7455944012733085e-20,3.4869395087072383e-20,6.437144018366311e-23,2.424328233395969e-23,4.405893859737803e-22,2.7752023467275064e-21,8.556587253613212e-21,2.488621745091619e-20,1.2651134056417804e-21,1.5420983385461068e-23,1.3702850342080462e-23,2.8214885740669033e-22,1.7954541934998495e-21,7.901347270987829e-21,1.4666400609216306e-20,2.357905035882529e-22,1.3465239384008683e-23,1.9302891864523187e-23,3.9165072339748457e-22,3.0787572675773768e-21,9.935473546479125e-21,2.3986102945360126e-20,1.2428863667144986e-21,1.7903389749155276e-23,0.0,9.934797586366416e-24,2.0348900245822468e-22,1.2079697116115858e-21,4.120172228517515e-21,8.67866779700922e-21,7.226936107572802e-22,2.652715908564764e-23,4.566050587268724e-22,3.593312818005845e-21,9.266381617083626e-21,1.9836295304989595e-20,1.5944771971958605e-21,7.483863062511055e-23,0.0,1.189634909140323e-23,2.4623996128017505e-22,1.199311887489848e-21,3.919406554837508e-21,9.019390679333391e-21,6.850192123987249e-22,2.3105234732818687e-23,5.024176152495256e-22,3.28196308513151e-21,8.612310701763574e-21,4.1171441075584495e-21,8.130872126477972e-21,3.685948935598239e-22,2.779635817291843e-23,5.329267280077575e-22,2.568915429300556e-21,1.0518055239428083e-20,1.8580508142786833e-20,3.0761319628063945e-20,9.355735278448446e-23,0.0,9.983046022694546e-24,2.3184252192003887e-22,2.2014977581871283e-22,8.480724412145307e-22,2.5688529396225853e-21,5.982179131062538e-24,2.101455267722966e-23,5.060188402077174e-22,2.52956443860695e-21,8.712412952667912e-21,1.8034596054183824e-20,2.3834236410464353e-22,2.3878370559060463e-25,0.0,1.224558503285778e-23,2.3076900135547476e-22,1.1467508529554214e-21,3.32643015412268e-21,7.171863616760039e-23,5.695885801820258e-24,2.4842189477062588e-23,5.012711569883211e-22,2.4909341545742435e-21,9.657986092115199e-21,2.2413620248279533e-20,1.1548751541757435e-21,7.5757432148957e-23,0.0,9.971790336041171e-24,2.6719546395043202e-22,1.476253993267935e-21,3.886481432499009e-21,8.409062064912256e-21,2.6294166120841372e-23,0.0,1.1265133504738067e-23,1.8450554727515534e-22,1.3077922682155012e-21,4.666295903322025e-21,3.1183198753235675e-22,2.597888486605897e-23,2.314334051985773e-23,4.318803770188014e-22,2.5717484707051417e-21,8.568152570412137e-21,2.3730918639925962e-20,1.2304684415029893e-21,9.436120504473201e-23,2.2300385488719105e-23,5.1990515208852325e-22,2.6146724470557018e-21,7.9242905898918e-21,2.3459379188504498e-20,1.3660869246257144e-21,9.20213614820473e-23,0.0,1.2555221048266631e-23,1.8830820160776766e-22,1.08156646177679e-21,3.5813638088009414e-21,3.750979707898236e-22,2.654768025497478e-23,0.0,1.444523832453743e-23,2.6386856226574843e-22,1.6831699176527334e-21,3.956139036673849e-21,8.852175506390737e-21,5.691226223041109e-22,0.0,1.0204238468332922e-23,2.4924196838446413e-22,1.1658164962278726e-21,4.699253081967476e-21,1.1008697012300119e-20,5.490377865513535e-22,7.568545605195813e-24,1.540771639918862e-22,1.1217753481821997e-21,4.059788317249423e-21,1.3095245508705686e-20,7.489858751917825e-22,4.6059284507855107e-23,2.6343845534419e-23,5.254230778267136e-22,3.114103198066117e-21,8.719073864346973e-21,2.4895082345871133e-20,1.4979816164384335e-21,3.220856373080285e-24,1.233406497318865e-23,2.284967375509365e-22,8.515538851142311e-23,4.698905662246607e-22,1.88030920387077e-21,4.8684894171960006e-21,2.488947849250013e-22,0.0,1.3893575312825338e-23,2.513254952984406e-22,1.4901883541257847e-21,4.89869806454029e-21,1.1215415749652406e-20,7.017801131884737e-22,0.0,1.2695862020753511e-23,2.371663403252326e-22,1.36816732038813e-21,3.832488055011047e-21,3.1223990649609156e-22,2.813765284824776e-23,2.5809752714956143e-23,5.26151222141983e-22,2.3093941596727053e-21,1.0222184907284092e-20,2.2823597870919693e-20,1.5105933377594258e-21,6.88834496906456e-23,2.309488404601383e-23,5.433364677181918e-22,2.6314568208135496e-21,1.0629294544695027e-20,2.2226605944816993e-20,1.2183720138697033e-21,6.797764090696519e-23,2.306599553801389e-23,4.397866998939114e-22,2.826095083121928e-21,1.1097547703504718e-20,2.450807108882032e-20,1.3035107372817035e-21,8.354413336787176e-23
1.8404946426697406e-23,3.9086562302892077e-22,2.414247410752649e-21,6.870456492041615e-21,1.373382166601679e-20,1.0585422634452404e-21,7.010649121740513e-23,2.1695494536877464e-23,3.318043892756832e-22,2.3833884804756573e-21,8.03784924655688e-21,1.29952758105167e-20,8.97423839027777e-22,5.1373870230868487e-23,1.3285706029995552e-23,3.3746720474215487e-22,2.0232472600688437e-21,5.819271893870711e-21,1.250686123558305e-20,2.513559888360509e-20,4.642490511588233e-23,1.6770622386289905e-23,3.092985788228727e-22,1.9636995666099043e-21,6.0892336265664905e-21,1.7837137814032946e-20,9.10250383989638e-22,1.1084736718889996e-23,9.572214129338938e-24,1.9735150286534e-22,1.2684048023147699e-21,5.619397217545588e-21,1.0504019519357577e-20,1.6899008921657938e-22,9.643661410747355e-24,1.3351710099491778e-23,2.7450291577498965e-22,2.174809511497714e-21,7.069229787598871e-21,1.71871576615608e-20,8.947328096221627e-22,1.286848881458734e-23,0.0,6.888983427155287e-24,1.425960354706346e-22,8.526173332620597e-22,2.931683151101147e-21,6.219002687281999e-21,5.20438925487036e-22,1.8478136820030128e-23,3.1945209082500383e-22,2.5394477978992183e-21,6.593557446939273e-21,1.4215520138103267e-20,1.1472301639072685e-21,5.40167244752932e-23,0.0,8.2164223054961e-24,1.7187857973385248e-22,8.467128848948564e-22,2.788922765631189e-21,6.462797813606423e-21,4.931466614044157e-22,1.6089103452398887e-23,3.525325601822314e-22,2.3178433907518074e-21,6.130058295041526e-21,2.9477740274089773e-21,5.854638026869823e-21,2.662946978642626e-22,1.927893496348621e-23,3.7313681999286265e-22,1.8139294297432793e-21,7.485125946229634e-21,1.3315676256370652e-20,2.2179870881693162e-20,6.757003945042131e-23,0.0,6.887127617118515e-24,1.622429287452892e-22,1.5526858605225897e-22,6.020642199570013e-22,1.8357726986427854e-21,4.2489292026038984e-24,1.4645882185594415e-23,3.554427405284948e-22,1.7883157037710368e-21,6.1981674859353086e-21,1.2920862746144833e-20,1.7147898235170022e-22,1.6843414064274401e-25,0.0,8.445501575393251e-24,1.6193020022867304e-22,8.094110567653956e-22,2.368331576769132e-21,5.1273175709222236e-23,4.062837015592448e-24,1.725515056960966e-23,3.5183484394542826e-22,1.7597526173884253e-21,6.870194307771774e-21,1.605760418594623e-20,8.305682182583339e-22,5.465581096620263e-23,0.0,6.871766177497357e-24,1.8737940281615782e-22,1.0439418211808423e-21,2.765772500767899e-21,6.026241566252298e-21,1.8901420842937943e-23,0.0,7.908940878311433e-24,1.292013463420607e-22,9.230773766523353e-22,3.3205460541344227e-21,2.2279594839937743e-22,1.856506643401907e-23,1.617830719256321e-23,3.028591172598044e-22,1.8180909479306122e-21,6.098621284653442e-21,1.7006145846288236e-20,8.856667778561373e-22,6.809650235910176e-23,1.545385696553787e-23,3.6531074687725006e-22,1.8461454957337906e-21,5.641824944380728e-21,1.6810442889978104e-20,9.822717457902777e-22,6.638784120065412e-23,0.0,8.676005717227282e-24,1.3181318870658473e-22,7.630998328839959e-22,2.5500794958643642e-21,2.681265703044859e-22,1.9067446398530872e-23,0.0,1.0140277042649208e-23,1.8504635333721386e-22,1.1876561119913192e-21,2.8163029058804574e-21,6.344727343659581e-21,4.095673936974098e-22,0.0,7.074484941749736e-24,1.7478166739060316e-22,8.242306060543509e-22,3.343834502200503e-21,7.891577393281716e-21,3.9522676435808863e-22,5.2686285059298646e-24,1.0802872114062789e-22,7.915213746433424e-22,2.8829808650847465e-21,9.369801482124154e-21,5.374122822215734e-22,3.317696273171581e-23,1.8228496213865748e-23,3.691014993925612e-22,2.199236403796369e-21,6.207558581891253e-21,1.7835344703563508e-20,1.0782948958218883e-21,2.3042204770090422e-24,8.530360581031855e-24,1.6002176623695024e-22,5.986658403326728e-23,3.3163066096069176e-22,1.3371862368820968e-21,3.483315866967528e-21,1.7874563544762727e-22,0.0,9.62641651623856e-24,1.7539272206373353e-22,1.0539079990394111e-21,3.48795179598487e-21,8.036625695191277e-21,5.051230050548084e-22,0.0,8.691165238859808e-24,1.6579895384327353e-22,9.65763056911931e-22,2.7278594148881425e-21,2.235357817941944e-22,2.0119926330828604e-23,1.791373889252268e-23,3.680296873059031e-22,1.6310102148695248e-21,7.274150597575032e-21,1.6350600755004368e-20,1.086379632148744e-21,4.9745843494864037e-23,1.605504561454509e-23,3.8092065525803694e-22,1.859363761999903e-21,7.568769644048274e-21,1.5930481823151605e-20,8.766406863357389e-22,4.908263655724274e-23,1.5992306233372884e-23,3.080384374555196e-22,1.996194689557755e-21,7.901852172453376e-21,1.756147129194351e-20,9.376874569668191e-22,6.028050310448305e-23
1.2824197929430094e-23,2.7393820757290554e-22,1.7076953784301107e-21,4.891264322442431e-21,9.840554678620646e-21,7.609710679325945e-22,5.059034990113805e-23,1.5136923788323176e-23,2.317337128284725e-22,1.6840031391446578e-21,5.720959681129226e-21,9.313098652811455e-21,6.456144483914392e-22,3.7067137375094375e-23,9.247153655066832e-24,2.367702695645456e-22,1.4271472440583028e-21,4.138943668754709e-21,8.959639028358807e-21,1.8116037245400645e-20,3.350456312608017e-23,1.1685890943677139e-23,2.169041802655212e-22,1.3876504471607607e-21,4.333589159093228e-21,1.278351870916271e-20,6.545635590990189e-22,7.944909248710017e-24,6.602313130362842e-24,1.3821206348558715e-22,8.965117522045909e-22,3.998188905285591e-21,7.519864739381026e-21,1.2112641513660128e-22,6.920369009619201e-24,9.165786475336914e-24,1.918643269410944e-22,1.5358326099596538e-21,5.029723571472208e-21,1.2317047628190325e-20,6.436422086995654e-22,9.233062223715881e-24,0.0,4.7197846339379985e-24,9.974467284193625e-23,6.023402452443083e-22,2.0854355485339158e-21,4.4551175369494385e-21,3.7481326222977703e-22,1.2810881804231384e-23,2.2292958890051935e-22,1.7938066277990904e-21,4.6909767880435454e-21,1.0188722346351213e-20,8.2579590050200065e-22,3.903925152787044e-23,0.0,5.7543070294994204e-24,1.203708925889703e-22,5.983107004674154e-22,1.984386523913076e-21,4.6308815972809394e-21,3.5498398922923555e-22,1.1198767564692557e-23,2.472041759830488e-22,1.6374069286991394e-21,4.359863688861988e-21,2.1096876660395884e-21,4.215642463313239e-21,1.9241584419407717e-22,1.345858379540816e-23,2.6074801352345906e-22,1.2812659477020073e-21,5.327674457498209e-21,9.541894483276598e-21,1.5990303623223762e-20,4.877631949986508e-23,0.0,4.789113890907683e-24,1.1343282944606142e-22,1.096049336806952e-22,4.276427458166446e-22,1.3127582856505817e-21,3.0265208767277505e-24,1.0147643728443207e-23,2.490583705146844e-22,1.265344210350798e-21,4.4104387153436696e-21,9.256292831207738e-21,1.2333019855990905e-22,1.178714368692449e-25,0.0,5.858450811487927e-24,1.1390769026130433e-22,5.708028963915503e-22,1.6865080513408703e-21,3.661804744425025e-23,2.9081261307018303e-24,1.1909217081021889e-23,2.4629483378788845e-22,1.2440616506984579e-21,4.8873926549574386e-21,1.1503272825983355e-20,5.973964013510467e-22,3.940999501155433e-23,0.0,4.7994871754302496e-24,1.313906130351276e-22,7.384055424092485e-22,1.9681480292255855e-21,4.318050154817005e-21,1.3568374009163015e-23,0.0,5.5385299097850754e-24,9.064443997994208e-23,6.507844770952156e-22,2.3641960142310233e-21,1.5935713476803374e-22,1.3248438898008385e-23,1.1316094401323917e-23,2.1161885495347217e-22,1.284426658835731e-21,4.3385906892148764e-21,1.2182421974372496e-20,6.3725209514117645e-22,4.9142452446725433e-23,1.069386809167908e-23,2.55948499853677e-22,1.3044935082147631e-21,4.014586822927364e-21,1.2044888333940756e-20,7.065220072965531e-22,4.7848871110500196e-23,0.0,6.0448842637921585e-24,9.230314903492807e-23,5.381492846085732e-22,1.815595472272021e-21,1.9186260713864683e-22,1.3684126419852202e-23,0.0,7.05347409894129e-24,1.2964309454797043e-22,8.392758360036929e-22,2.00352157285356e-21,4.546350339829309e-21,2.9477841919956943e-22,0.0,4.9718176295566016e-24,1.2255023567881744e-22,5.826410335271764e-22,2.3803016225664984e-21,5.654980030331187e-21,2.843362519564989e-22,3.636859200695289e-24,7.564469485833777e-23,5.580397059511457e-22,2.0465326560915037e-21,6.702814590308532e-21,3.8593786412055814e-22,2.383461370859562e-23,1.258962853519618e-23,2.584738644291042e-22,1.5542197452958337e-21,4.4165608235312726e-21,1.2777782374844249e-20,7.756213059510004e-22,1.6560064358435488e-24,5.9782826324422306e-24,1.1180320439534365e-22,4.2256594353468575e-23,2.344140192902712e-22,9.511434526369826e-22,2.4906548090995375e-21,1.283962737004318e-22,0.0,6.58872878340322e-24,1.2280244218776973e-22,7.454424310924725e-22,2.483152843922078e-21,5.759658584016374e-21,3.6338938240202805e-22,0.0,6.0166163249025116e-24,1.1631086527754636e-22,6.829334727267626e-22,1.94293420617103e-21,1.5993495307474748e-22,1.4417604296915452e-23,1.2349106999469952e-23,2.5657365102539253e-22,1.1529370401259474e-21,5.176009884465452e-21,1.1710600375756258e-20,7.8186769536633415e-22,3.5880810758897866e-23,1.1155218618890277e-23,2.679331585598698e-22,1.314886355200526e-21,5.385839892698807e-21,1.1415476774178713e-20,6.306756135917521e-22,3.541217602921892e-23,1.1181855827599823e-23,2.1540204407975093e-22,1.4099009419062477e-21,5.623805243834764e-21,1.2583235615034979e-20,6.746851226717024e-22,4.357165974319456e-23
9.009253332855186e-24,1.9220316260965623e-22,1.2074816810233943e-21,3.4811191719085185e-21,7.051737522584037e-21,5.467878692914927e-22,3.6539276595686133e-23,1.0432811053219603e-23,1.6226975962174745e-22,1.1895486349107027e-21,4.072434251873698e-21,6.674116682060669e-21,4.644193501037311e-22,2.6759620361871524e-23,6.501829315195879e-24,1.6598474827012758e-22,1.0056784524105065e-21,2.9448277829768146e-21,6.415827190344078e-21,1.3055341916227126e-20,2.4130687675869065e-23,8.209731109204452e-24,1.5223261558804366e-22,9.815195137678059e-22,3.084449375675196e-21,9.161825011547376e-21,4.706449921054058e-22,5.720599064946266e-24,4.580073844536263e-24,9.675449209891861e-23,6.338161882968463e-22,2.842341719259353e-21,5.382313745177011e-21,8.697230019412489e-23,4.963896061650169e-24,6.2799560590466255e-24,1.3425314978210675e-22,1.0831095941658629e-21,3.577771348895153e-21,8.821628969212466e-21,4.629206297974898e-22,6.596905078925635e-24,0.0,3.275131112750208e-24,6.998129859321347e-23,4.257349772371232e-22,1.4839245519603434e-21,3.1911090205032522e-21,2.694777377180868e-22,8.855179194118388e-24,1.5597159394662843e-22,1.2677004643628483e-21,3.3364197092945708e-21,7.301578417935929e-21,5.935993342993108e-22,2.8205251822617616e-23,0.0,4.0451611446903225e-24,8.431874865337646e-23,4.2248574995977316e-22,1.4118399389165327e-21,3.318259455788091e-21,2.553550932639367e-22,7.82289581287547e-24,1.7281921669294565e-22,1.1548962937502537e-21,3.1024664906528517e-21,1.5103556658057524e-21,3.035122473979786e-21,1.3890476408020839e-22,9.469772014260587e-24,1.8219861580080474e-22,9.051216883607337e-22,3.791386656028899e-21,6.834619675122056e-21,1.1526529575227682e-20,3.525761193422613e-23,0.0,3.3279921377093246e-24,7.979939336940157e-23,7.70277227475104e-23,3.0351187380789264e-22,9.381694585437206e-22,2.1659193052404186e-24,7.030770800999254e-24,1.7479175224888843e-22,8.933229978225644e-22,3.1371470017839314e-21,6.630353412629631e-21,8.876075428128237e-23,8.138724135999659e-26,0.0,4.054676633311793e-24,8.032810751206633e-23,4.0336947987369575e-22,1.2003228477657515e-21,2.615397543069933e-23,2.0667826068429043e-24,8.213783335140567e-24,1.7265398697265066e-22,8.773300549815899e-22,3.4750988179372996e-21,8.240045351695396e-21,4.29607821468271e-22,2.8346303903021505e-23,0.0,3.362838476640926e-24,9.197550539717664e-23,5.222253737399907e-22,1.4003104702782082e-21,3.0940156643287215e-21,9.734582167408307e-24,0.0,3.85415301246291e-24,6.371563071528908e-23,4.595774282124272e-22,1.6832437590122175e-21,1.1374646586396835e-22,9.488893405741662e-24,7.951678585204892e-24,1.477102538208299e-22,9.069810300646109e-22,3.0883984853215885e-21,8.725394569966496e-21,4.582655330903688e-22,3.550718539648366e-23,7.418254873147156e-24,1.7940989856198276e-22,9.208423719149204e-22,2.8547603118761257e-21,8.626655334621261e-21,5.082016770949212e-22,3.4435082611529984e-23,0.0,4.210554124902915e-24,6.461120415614148e-23,3.801077438582245e-22,1.2928372206628095e-21,1.373728583661209e-22,9.814382500216324e-24,0.0,4.830470352023607e-24,9.115856563392563e-23,5.927632282280148e-22,1.4265749421682083e-21,3.2572469592971484e-21,2.1203974228213113e-22,0.0,3.5077982015006295e-24,8.578109781109856e-23,4.116039850679388e-22,1.694399074666809e-21,4.0506213558137376e-21,2.0456312810165968e-22,2.496190688213501e-24,5.310068093562984e-23,3.9343801379254383e-22,1.4545666668361537e-21,4.7926590314160904e-21,2.7724010142046255e-22,1.7123009271877791e-23,8.71280480540115e-24,1.8105115447523664e-22,1.097288233539192e-21,3.143086843064559e-21,9.15018409503105e-21,5.5791262847309795e-22,1.180258296610151e-24,4.204053516514261e-24,7.812691277281191e-23,2.987165000867578e-23,1.6548953783609373e-22,6.756003532741602e-22,1.781051992391418e-21,9.2199320593959e-23,0.0,4.566752463429151e-24,8.599739225771361e-23,5.26915427981992e-22,1.7667554549803848e-21,4.1273425284953996e-21,2.613866027230209e-22,0.0,4.168741492266069e-24,8.172741404725895e-23,4.828218827781196e-22,1.3840264716841392e-21,1.1449914580032428e-22,1.0331363216192226e-23,8.503890423615273e-24,1.7897070924691917e-22,8.133177316697031e-22,3.6819714165445095e-21,8.384768487196206e-21,5.626839498082963e-22,2.581637487314749e-23,7.776928656216784e-24,1.8745470119590468e-22,9.27206085434518e-22,3.8299619964058145e-21,8.177493084808449e-21,4.537140088842937e-22,2.5490003771115095e-23,7.727461855166778e-24,1.5052948428371153e-22,9.966693216805118e-22,4.0013447696931586e-21,9.015465866937709e-21,4.855412655181786e-22,3.145113181143095e-23
6.287591736075869e-24,1.3457366391381762e-22,8.530731031068614e-22,2.4782841277618005e-21,5.052097970238807e-21,3.9321563537556973e-22,2.6335171599780494e-23,7.19288765700484e-24,1.1347112754962477e-22,8.394867423468805e-22,2.89571696479265e-21,4.7823535105174375e-21,3.3431924512596146e-22,1.9277492089459767e-23,4.561753893124488e-24,1.1629604073590561e-22,7.093241685105563e-22,2.0955708087542305e-21,4.593704702842693e-21,9.407276424499815e-21,1.7374367213681267e-23,5.729657850765066e-24,1.0660382224321198e-22,6.944866127062262e-22,2.1970442173171053e-21,6.565168726492242e-21,3.3858697967760796e-22,4.109540527117532e-24,3.1699719677297633e-24,6.808452811096596e-23,4.47426131107399e-22,2.020551709223994e-21,3.852273079916447e-21,6.250366338762009e-23,3.546981219788839e-24,4.351758080954749e-24,9.388591689052027e-23,7.654925754930983e-22,2.5449405325369394e-21,6.315237056486128e-21,3.324279041509811e-22,4.725465914887724e-24,0.0,2.2899915166962927e-24,4.9013152944292694e-23,3.005572026291286e-22,1.0551587732763644e-21,2.2858732184333872e-21,1.937241110954643e-22,6.157087560437609e-24,1.0948154118565165e-22,8.94913464720405e-22,2.3735320011420415e-21,5.232386195279075e-21,4.266866505257967e-22,2.0403724313759025e-23,0.0,2.8533345377517395e-24,5.935700010553955e-23,2.9824952851165675e-22,1.0047607434007061e-21,2.3779145265662014e-21,1.8363295750951698e-22,5.408873051120313e-24,1.2092384538997596e-22,8.15590174628169e-22,2.20631329239633e-21,1.0812697347923271e-21,2.1842446448191036e-21,1.0026385491102532e-22,6.619335270752467e-24,1.276416044151217e-22,6.391778343833357e-22,2.69651136608486e-21,4.893814215039269e-21,8.306246541403046e-21,2.541542635703527e-23,0.0,2.3118761918736792e-24,5.631060606697064e-23,5.402320965609079e-23,2.1548070407278852e-22,6.709450205613105e-22,1.5415420830230381e-24,4.935659286457497e-24,1.2267438568146295e-22,6.317925180668787e-22,2.2317022265127857e-21,4.748188111034081e-21,6.380607358662849e-23,5.538683797002368e-26,0.0,2.8014868044681793e-24,5.671027095245305e-23,2.846374971321726e-22,8.540328129918505e-22,1.8647009161002022e-23,1.4644508485228699e-24,5.7361513550396345e-24,1.2100736207886415e-22,6.196333026196408e-22,2.470916170210525e-21,5.901192985428669e-21,3.085567747852564e-22,2.0380456292730632e-23,0.0,2.3627330229405868e-24,6.462722102305659e-23,3.6848055403993716e-22,9.962803862786417e-22,2.216993328711655e-21,6.959571266277767e-24,0.0,2.6724761545456147e-24,4.480652537192624e-23,3.244868309399309e-22,1.1979119038158325e-21,8.105781912666056e-23,6.78284006895191e-24,5.538352951219584e-24,1.0329874148394621e-22,6.399804304217719e-22,2.1970689617523145e-21,6.248808810344666e-21,3.2911299741265694e-22,2.55704136902159e-23,5.084898607178158e-24,1.2554662593649354e-22,6.513601014545847e-22,2.0302238151468008e-21,6.178938749554125e-21,3.6561152505833087e-22,2.4787491397898482e-23,0.0,2.9332628594580472e-24,4.550595729515593e-23,2.682700839415293e-22,9.199190446609398e-22,9.801823061515277e-23,7.010724796624952e-24,0.0,3.3751420362339585e-24,6.402468130886274e-23,4.1847825732722683e-22,1.0146753085800474e-21,2.3335751944260603e-21,1.5249648280910508e-22,0.0,2.484317295304085e-24,6.026960533781997e-23,2.9041082067617546e-22,1.206490881992441e-21,2.901513235031528e-21,1.4726451810471343e-22,1.7196847711112366e-24,3.704614203153577e-23,2.7652098842175795e-22,1.0332819036385886e-21,3.424927096007634e-21,1.9919448980650606e-22,1.2286941547272874e-23,6.116148299532289e-24,1.26579868598866e-22,7.763047581327985e-22,2.235278806533407e-21,6.551891910232917e-21,4.0068167948417624e-22,8.379746337833959e-25,2.965918828905692e-24,5.468988205006302e-23,2.1256052942143976e-23,1.1691360966914365e-22,4.794563130374464e-22,1.273581717644759e-21,6.623691355776985e-23,0.0,3.1887825103290418e-24,6.051830596955223e-23,3.718961114658903e-22,1.2571828255710218e-21,2.955780527255587e-21,1.8806283096624471e-22,0.0,2.889258019358794e-24,5.736072554172028e-23,3.406661809831767e-22,9.857778473761513e-22,8.193106663366748e-23,7.393170688920234e-24,5.927639568949516e-24,1.2545424394794834e-22,5.74989607646241e-22,2.6204358656231313e-21,6.005023925152185e-21,4.0464438210021968e-22,1.8578061415185675e-23,5.364166535490561e-24,1.3114944618735556e-22,6.541501136552405e-22,2.724143236792003e-21,5.857501008697633e-21,3.265340731183462e-22,1.8348827392822722e-23,5.344804428680481e-24,1.0532801963948986e-22,7.041592294727086e-22,2.8480690494618325e-21,6.4583114865620685e-21,3.4912278293405775e-22,2.264578112181137e-23
4.329196273481124e-24,9.438343831312097e-23,6.025417514872296e-22,1.7648344738574825e-21,3.617478781219604e-21,2.827837149042894e-22,1.8967613691495021e-23,4.9059571215120824e-24,7.950592949343474e-23,5.9218116754822795e-22,2.061001832120886e-21,3.4259455192433605e-21,2.407481443502573e-22,1.3881451562960863e-23,3.181901452401463e-24,8.140890628794781e-23,5.0062997567749755e-22,1.4910810381553381e-21,3.289622501625e-21,6.77749744793061e-21,1.245906101083972e-23,3.9450609813380635e-24,7.477236985758837e-23,4.905463686779051e-22,1.5627162131596188e-21,4.702837531494318e-21,2.4359227924900234e-22,2.9599485898256795e-24,2.190244180756273e-24,4.796383535400656e-23,3.1590945644310603e-22,1.4368441258551372e-21,2.7559834960136533e-21,4.4827268779062357e-23,2.5318354810338855e-24,3.0188198359191112e-24,6.598558340931288e-23,5.411737389460971e-22,1.810547406437886e-21,4.520303327962111e-21,2.386870946928982e-22,3.370536609776055e-24,0.0,1.6218095573515733e-24,3.4363213609580024e-23,2.126311619080054e-22,7.499433530989553e-22,1.6360020859269235e-21,1.3919990240520756e-22,4.254889564534849e-24,7.672241885548248e-23,6.30909631900659e-22,1.688897934855604e-21,3.748175351314779e-21,3.0669205116056306e-22,1.4720532936937358e-23,0.0,2.0349202738549348e-24,4.1659579804103703e-23,2.1074473876240527e-22,7.14608718095583e-22,1.7023916393309624e-21,1.3201049486208244e-22,3.793279520851433e-24,8.500291643166344e-23,5.752859035069739e-22,1.5681117767331339e-21,7.740289272303757e-22,1.571652889540272e-21,7.235728462557037e-23,4.565687133537747e-24,8.930986455894655e-23,4.515614873663021e-22,1.9164176337543533e-21,3.504287724160105e-21,5.985165146746969e-21,1.8312351878309103e-23,0.0,1.6186098237149786e-24,3.9638258506738716e-23,3.791555607120786e-23,1.5300412323211502e-22,4.792111318741813e-22,1.0975390741987953e-24,3.47709433002395e-24,8.596669205406581e-23,4.468819579055039e-22,1.5871118034807253e-21,3.399874788908448e-21,4.580989244807301e-23,3.728147362205414e-26,0.0,1.948453220861657e-24,3.9893048852769576e-23,2.0136890429739443e-22,6.071593281188257e-22,1.3341208620819222e-23,1.0420012286168828e-24,4.016272029196755e-24,8.465828954205757e-23,4.375484274357466e-22,1.7575509300021453e-21,4.225728049353701e-21,2.214993817921828e-22,1.4659724238342045e-23,0.0,1.6773878971239127e-24,4.569900422227795e-23,2.6055607115831907e-22,7.08713630056292e-22,1.5882929853908677e-21,4.990492829657041e-24,0.0,1.8639135817952183e-24,3.171156448731642e-23,2.293761686133284e-22,8.51334979228381e-22,5.789245694141787e-23,4.865464175406616e-24,3.799241366466013e-24,7.261400138210664e-23,4.516316617518609e-22,1.5619537443330818e-21,4.476707763245967e-21,2.3630974908256477e-22,1.83875972982903e-23,3.530511354606346e-24,8.812875189719901e-23,4.606824788762954e-22,1.4438195744623832e-21,4.424451982741993e-21,2.6254029673521943e-22,1.7859379113902766e-23,0.0,2.060475730899717e-24,3.2024846738659766e-23,1.8975962854205132e-22,6.548834954720825e-22,7.002380613423388e-23,5.0178987740994894e-24,0.0,2.3013859303200237e-24,4.504168922647789e-23,2.955926715956273e-22,7.212495344363767e-22,1.6705675176761134e-21,1.096542554896056e-22,0.0,1.7797871344703437e-24,4.2613434092451783e-23,2.0420461815579764e-22,8.588248515449957e-22,2.078079253166662e-21,1.0604427766288622e-22,1.2105845233276479e-24,2.5697405610087458e-23,1.944476832043417e-22,7.343510061777775e-22,2.4471918202436064e-21,1.4287142677565045e-22,8.800261244680725e-24,4.311337154579197e-24,8.875590853410199e-23,5.491675747298424e-22,1.5889000118168448e-21,4.6911270449603666e-21,2.877036076265358e-22,5.969435008688504e-25,2.115392469864182e-24,3.8337418439811785e-23,1.4917369143504968e-23,8.274847422687736e-23,3.39789894210199e-22,9.10807087213282e-22,4.752075968303649e-23,0.0,2.254835541678253e-24,4.245743148098934e-23,2.6308547235338583e-22,8.940797695448248e-22,2.115822371743928e-21,1.353605594223608e-22,0.0,2.0185704942203273e-24,4.039502482681943e-23,2.405847261035947e-22,7.016150995481847e-22,5.866214183699145e-23,5.309176047458815e-24,4.140987747374775e-24,8.81533699865201e-23,4.0680815341098186e-22,1.8640849685280113e-21,4.298120240278085e-21,2.908064020183459e-22,1.3308149687569714e-23,3.751596548649224e-24,9.215008871566489e-23,4.62007070143898e-22,1.9379687101928662e-21,4.194779140457548e-21,2.346706550666483e-22,1.319688175123189e-23,3.6599932149471535e-24,7.39659850666565e-23,4.972271721026945e-22,2.0281945373616198e-21,4.6258229252707615e-21,2.5110183660656077e-22,1.62773167325118e-23
3.0449418021787484e-24,6.648685308114117e-23,4.243940813121682e-22,1.2561239274228556e-21,2.590447683090893e-21,2.0347594380825673e-22,1.3642655751066024e-23,3.42202073485422e-24,5.595744232294112e-23,4.1781856333772274e-22,1.4666754848923654e-21,2.4542150334112916e-21,1.7337605593480535e-22,9.987056098933366e-24,2.2126739755120882e-24,5.732188363169339e-23,3.532780126520401e-22,1.0599631646213373e-21,2.35553563436524e-21,4.880882037841367e-21,8.96322502283094e-24,2.7747668812049405e-24,5.267413455529469e-23,3.463560254228506e-22,1.1118765701689191e-21,3.3682339544459705e-21,1.7518298843215068e-22,2.1239018236861012e-24,1.523338188987868e-24,3.395886129497143e-23,2.23189139466339e-22,1.0203585993988848e-21,1.971077455399985e-21,3.2204043427929103e-23,1.8171158940599535e-24,2.0952800637783457e-24,4.641796244425361e-23,3.8220528188371364e-22,1.2891670852637134e-21,3.2345912531898954e-21,1.7169934628305272e-22,2.4077614547767573e-24,0.0,1.1180005536876014e-24,2.3778378168218235e-23,1.4999254703843452e-22,5.327809011979586e-22,1.1708640255127661e-21,1.0016668073905213e-22,2.910733358358724e-24,5.381659966843367e-23,4.44169366513169e-22,1.2012413374393615e-21,2.684327982247733e-21,2.204355787128473e-22,1.0595311891650707e-23,0.0,1.4127264977244267e-24,2.9141504952577364e-23,1.487185835001895e-22,5.080872486127538e-22,1.2184276672474768e-21,9.491625834080535e-23,2.6852761145767492e-24,5.971726872768291e-23,4.058692547272775e-22,1.115321654453718e-21,5.542249775941123e-22,1.1308339875864725e-21,5.2222478233659493e-23,3.1027602256417227e-24,6.264350459543475e-23,3.184044110882977e-22,1.3637184961585254e-21,2.5094523261085086e-21,4.3115749968329695e-21,1.3187756649605602e-23,0.0,1.1611538744104201e-24,2.7882120298513896e-23,2.671978291866251e-23,1.0870746563682488e-22,3.4207563612536465e-22,7.82375206715212e-25,2.458011560840007e-24,6.048207292933593e-23,3.157568410364371e-22,1.1294835366371184e-21,2.434697657757872e-21,3.286021022419551e-23,2.5065081183688647e-26,0.0,1.3873681649105549e-24,2.7665615665160246e-23,1.4206950353041235e-22,4.314022243846197e-22,9.465115695719801e-24,7.469582116168819e-25,2.818647460005613e-24,5.944516883928748e-23,3.085352353041997e-22,1.2520794735975755e-21,3.0269410920226668e-21,1.5931981331375308e-22,1.0541929888474034e-23,0.0,1.157682718235115e-24,3.2078825211281903e-23,1.838351887792381e-22,5.038861344661799e-22,1.137698679766311e-21,3.56461749774202e-24,0.0,1.330441377919748e-24,2.2314885891775468e-23,1.619095623775219e-22,6.048996094222367e-22,4.1318502606173197e-23,3.477043382354565e-24,2.659723795155028e-24,5.10310900862142e-23,3.1801058406106937e-22,1.1110490360896021e-21,3.2048331363266902e-21,1.6995039853723163e-22,1.322700388864517e-23,2.470215471001081e-24,6.176158362327103e-23,3.252608710513717e-22,1.0272391991461513e-21,3.1672138991508365e-21,1.8871802769894383e-22,1.2869790427785168e-23,0.0,1.4019659687116985e-24,2.2259128108248294e-23,1.3407334645245482e-22,4.653326234302842e-22,5.00694436058455e-23,3.572515775820388e-24,0.0,1.556938560153007e-24,3.130153164422256e-23,2.0838478016754392e-22,5.124047328061808e-22,1.1957428919350624e-21,7.894588348226862e-23,0.0,1.2427219690338403e-24,3.0275826388202247e-23,1.4372664751656385e-22,6.108404968097714e-22,1.4882347478442165e-21,7.627730398590176e-23,8.337649299266535e-25,1.781705779821031e-23,1.366993011334565e-22,5.218464638072004e-22,1.74930787001327e-21,1.0254154298532603e-22,6.32153978551879e-24,3.0509322191287854e-24,6.211779182533735e-23,3.8783550617922906e-22,1.1304894941740165e-21,3.3579559424445158e-21,2.0695570332101656e-22,4.268437546038109e-25,1.4686545480666548e-24,2.6804720357855546e-23,1.041906785029709e-23,5.819681576049477e-23,2.4085877381279914e-22,6.507570655435692e-22,3.411763603545846e-23,0.0,1.55125815414027e-24,2.9685103584885737e-23,1.8566086496608293e-22,6.358007351033214e-22,1.5149829821639557e-21,9.729852517339578e-23,0.0,1.445064497034595e-24,2.852582886457457e-23,1.6986269824657778e-22,4.984966888359396e-22,4.193515296581881e-23,3.7972690011279975e-24,2.898344232831995e-24,6.190103998479686e-23,2.8778174692740064e-22,1.327265142683758e-21,3.0765764024171582e-21,2.0875925360536502e-22,9.548508125995887e-24,2.6473359043078397e-24,6.470064386163e-23,3.2592841333272024e-22,1.379685820599291e-21,3.0038630411073198e-21,1.687443505480712e-22,9.481628030369567e-24,2.5644450154816554e-24,5.1812865224350425e-23,3.51009765191701e-22,1.4442862300206676e-21,3.3126142669655024e-21,1.8062190883561385e-22,1.1689890324205727e-23
2.0945466612732374e-24,4.7077116992777475e-23,2.9929836639447205e-22,8.926065173456924e-22,1.8556335518230405e-21,1.462365086484348e-22,9.791927447027662e-24,2.332582543744472e-24,3.9585975975613095e-23,2.947768467745616e-22,1.0423560970204328e-21,1.7566070933413283e-21,1.24708464752458e-22,7.175150578197766e-24,1.5484685796009335e-24,4.032160191476822e-23,2.4984729085127846e-22,7.537551015063275e-22,1.6864598084073848e-21,3.513385131962324e-21,6.4463613715825194e-24,1.908701729265101e-24,3.729748880844747e-23,2.4446377404305135e-22,7.901910352281156e-22,2.411479243233172e-21,1.259305197643175e-22,1.5291901375347205e-24,1.0846741246320593e-24,2.3851751061102893e-23,1.573345054754621e-22,7.245471143894807e-22,1.4099737242957274e-21,2.3132384844427772e-23,1.2924721290736274e-24,1.466324923216964e-24,3.2808592364925514e-23,2.700830937491887e-22,9.172236463568606e-22,2.314345799985906e-21,1.2347108096891818e-22,1.728884589875111e-24,0.0,7.745958226200586e-25,1.6387153500800732e-23,1.0577028171754676e-22,3.7831748477031543e-22,8.383065923514538e-22,7.214958943762689e-23,1.9757779052402605e-24,3.779186222846158e-23,3.1313700514353374e-22,8.551263418885902e-22,1.921690042919342e-21,1.5830144290363744e-22,7.604578201789046e-24,0.0,9.862258562900957e-25,2.0197340789096753e-23,1.0506321245043897e-22,3.6120821704880866e-22,8.719620361739732e-22,6.823456105096064e-23,1.8455882918471435e-24,4.2037386303199026e-23,2.8649127703444985e-22,7.921663835891657e-22,3.9667167217716226e-22,8.130752429174331e-22,3.76739176736799e-23,2.0844811311646447e-24,4.409988599727231e-23,2.250889897570509e-22,9.692779744417329e-22,1.7967255109572283e-21,3.106215560341578e-21,9.490646633330872e-24,0.0,8.194025212564033e-25,1.946662517246791e-23,1.884844806723944e-23,7.702508483367988e-23,2.445795639924879e-22,5.620225867293848e-25,1.7571227952293068e-24,4.2831617896398944e-23,2.2323310048757642e-22,8.032104387581614e-22,1.7433901508635198e-21,2.3473835217242478e-23,1.7152862685941996e-26,0.0,9.69862583842134e-25,1.9153526796807406e-23,1.0051237091801925e-22,3.0622200010384664e-22,6.719097116477955e-24,5.388801149900366e-25,1.9981706940780613e-24,4.2001124360970945e-23,2.175979360287573e-22,8.908386061163082e-22,2.1680912587618276e-21,1.144521182680541e-22,7.574966092395607e-24,0.0,8.025666510819656e-25,2.226557559518856e-23,1.2984201092499262e-22,3.584343675273687e-22,8.147293271182801e-22,2.5508377896763746e-24,0.0,9.325582944459118e-25,1.5578147175894043e-23,1.1434621064853562e-22,4.292523373650474e-22,2.942334158291288e-23,2.4895078314267378e-24,1.8180818158011104e-24,3.5943232169467944e-23,2.2443235690905427e-22,7.898549912344826e-22,2.293047654559263e-21,1.2214161629706712e-22,9.508000865681521e-24,1.7507996837773706e-24,4.3333531516244183e-23,2.2951976205392226e-22,7.2982936719796655e-22,2.2671291784710894e-21,1.3554235265309978e-22,9.245865120070223e-24,0.0,9.553046280075588e-25,1.546473752310917e-23,9.475587825013436e-23,3.3032222076824335e-22,3.566377719681969e-23,2.556151594903021e-24,0.0,1.0684887020550132e-24,2.1684867399317414e-23,1.4692770963223938e-22,3.6383617302726725e-22,8.56295862476675e-22,5.679413893501842e-23,0.0,8.734056266758927e-25,2.113889054963097e-23,1.0139198266082534e-22,4.344971007954354e-22,1.0654322660981225e-21,5.478800558866415e-23,5.913483914695625e-25,1.2281686136725263e-23,9.606721379140479e-23,3.707009390236241e-22,1.2494652396105327e-21,7.362406815482013e-23,4.53277284129197e-24,2.1839292450095594e-24,4.351363839051188e-23,2.737612242301917e-22,8.034666250509162e-22,2.4033293177472836e-21,1.4881656927394547e-22,3.0850705503631276e-25,1.0252906054670934e-24,1.8542151443457154e-23,7.326723373904429e-24,4.0859482168488776e-23,1.7078924635044106e-22,4.650409720164728e-22,2.4444172823141505e-23,0.0,1.0722110189099788e-24,2.0561736323527094e-23,1.3108253840829568e-22,4.522599425099948e-22,1.084162523042092e-21,6.987511323685242e-23,0.0,1.017281005087376e-24,2.0046041320148657e-23,1.199648155750185e-22,3.542671691567457e-22,2.988300458484274e-23,2.7185395867960565e-24,2.048241909636643e-24,4.362758706245899e-23,2.0396538192045822e-22,9.437846980450941e-22,2.2009001042178728e-21,1.500321444024096e-22,6.851877243425215e-24,1.8946943803848293e-24,4.5514945833559885e-23,2.298631047879972e-22,9.812433356133212e-22,2.1502716394113736e-21,1.2123464603315633e-22,6.803484711271924e-24,1.7581086627553843e-24,3.625668667922951e-23,2.4756370786310224e-22,1.0266931775188127e-21,2.3710794312632707e-21,1.2964225135052108e-22,8.372726609242018e-24
1.4326317023286305e-24,3.3413457325010165e-23,2.105103497281668e-22,6.343471005711167e-22,1.3281152467839054e-21,1.0507498548309668e-22,7.045704704909465e-24,1.5787505918394354e-24,2.7745269602163093e-23,2.0725245459145062e-22,7.401960431323989e-22,1.2574685606381069e-21,8.970993677214297e-23,5.173308750195849e-24,1.1094620085244702e-24,2.836526770353423e-23,1.759859777658067e-22,5.358117231529349e-22,1.207019638795875e-21,2.528920568652052e-21,4.61828507077935e-24,1.3055179445171933e-24,2.647251268835195e-23,1.7193114838283376e-22,5.611504504591613e-22,1.725845237715175e-21,9.056797520357549e-23,1.0929418672332353e-24,7.582603586533706e-25,1.6559333541142158e-23,1.111726248695167e-22,5.14394774146721e-22,1.0084018639544538e-21,1.650013742705221e-23,9.20121967140563e-25,1.051676878607911e-24,2.3279832252952735e-23,1.9055997050558242e-22,6.521472309857813e-22,1.6561027101025599e-21,8.884957955823459e-23,1.2326036499524125e-24,0.0,5.170713485289647e-25,1.1399390771850346e-23,7.441118078955923e-23,2.6870594123400897e-22,5.997559014672648e-22,5.1905778672037904e-23,1.3431500661930686e-24,2.677330095033622e-23,2.200300084382366e-22,6.079085652811356e-22,1.3753985602306186e-21,1.1379142772438622e-22,5.467080091167628e-24,0.0,6.646755260240786e-25,1.409427287602114e-23,7.391118638741115e-23,2.56542763325045e-22,6.238909849607267e-22,4.9098584958596264e-23,1.2558589202308654e-24,2.9240778099152604e-23,2.0174364560112404e-22,5.6234957372902825e-22,2.8374944114568124e-22,5.8429250635391855e-22,2.719792828641598e-23,1.3979317212101959e-24,3.0709674192338935e-23,1.589655951033241e-22,6.8856746361169625e-22,1.286235250990668e-21,2.2370663944469595e-21,6.795211278322798e-24,0.0,5.968525826793736e-25,1.3526334683721134e-23,1.336905628644986e-23,5.45982265473812e-23,1.747831396679815e-22,4.071909018721381e-25,1.2234513884900847e-24,3.0120498456596685e-23,1.5758744405615458e-22,5.708945676670077e-22,1.2480585086968909e-21,1.6801005070862676e-23,1.1386761439738722e-26,0.0,6.992894783282987e-25,1.321411678498373e-23,7.081480516693787e-23,2.1755742686866807e-22,4.7575639661767144e-24,3.8848421405435058e-25,1.376384713680695e-24,2.945440434249742e-23,1.5316153645714327e-22,6.332772077439179e-22,1.5525077870497203e-21,8.224483712625921e-23,5.431652245225344e-24,0.0,5.358994771134975e-25,1.5544192874248835e-23,9.13619488583581e-23,2.545719664021695e-22,5.831995298423823e-22,1.813025975515231e-24,0.0,6.742409200334958e-25,1.0806109737448568e-23,8.054614589805069e-23,3.046228503661126e-22,2.1004525241478449e-23,1.770454543550492e-24,1.2337649037632906e-24,2.5021474956137164e-23,1.5818051667524991e-22,5.61540419997607e-22,1.641217581406293e-21,8.779689169280061e-23,6.81796908410191e-24,1.2081240777033216e-24,3.0013535202953405e-23,1.6146496817634253e-22,5.183683833394265e-22,1.6218106224250352e-21,9.73815025117747e-23,6.616374575200456e-24,0.0,6.779164991649384e-25,1.0719053568261474e-23,6.675559973823818e-23,2.3448557535797347e-22,2.5429079873368138e-23,1.820018647855323e-24,0.0,7.099164694754437e-25,1.4917366173958247e-23,1.0338186371622148e-22,2.5840296305267055e-22,6.1254026660033315e-22,4.0871916732920606e-23,0.0,5.938868377924077e-25,1.4816784623393453e-23,7.128668348865294e-23,3.089918046533215e-22,7.624490556536557e-22,3.932518858020088e-23,4.1320577768137726e-25,8.43139195950974e-24,6.75362943505493e-23,2.6293797103734713e-22,8.920662198239876e-22,5.28670199446769e-23,3.265728929083975e-24,1.5234178230866775e-24,3.0814473873837793e-23,1.9266156289912183e-22,5.710029918374876e-22,1.7186700325576566e-21,1.0708015639858558e-22,2.2482242589967797e-25,6.910105932957407e-25,1.2855892733405993e-23,5.1337815722250535e-24,2.874536343687892e-23,1.212331761510168e-22,3.322069898516736e-22,1.750946178269584e-23,0.0,7.134578857341058e-25,1.433841180910591e-23,9.2119094937228e-23,3.215778077913034e-22,7.757870629812657e-22,5.015074042770568e-23,0.0,7.391028638159562e-25,1.4050933072340776e-23,8.440752380330868e-23,2.5182706899742663e-22,2.131580984766251e-23,1.9307579978894725e-24,1.4051391817033129e-24,3.046080300811304e-23,1.4389954323873204e-22,6.70659028197141e-22,1.57506942903793e-21,1.0786569603522694e-22,4.909823256401146e-24,1.323844086930197e-24,3.163486920448231e-23,1.6163313557155216e-22,6.980256739570397e-22,1.538178266349034e-21,8.71516158716326e-23,4.869412271156568e-24,1.198393557867703e-24,2.5262830967027552e-23,1.7459112565697653e-22,7.294458112665396e-22,1.696430051576917e-21,9.302304344812877e-23,6.021322192218962e-24
9.958311950163537e-25,2.3565962340113348e-23,1.4819616441446e-22,4.502520067384285e-22,9.506092587795837e-22,7.551074782837764e-23,5.070347108218902e-24,1.0844398222613699e-24,1.9434414675015704e-23,1.4577727816885797e-22,5.25430435510679e-22,9.000822233231903e-22,6.458030452880225e-23,3.721435287356298e-24,7.813492564800342e-25,1.9815570930248706e-23,1.243676824909638e-22,3.810851438716026e-22,8.641417817031307e-22,1.8195731692754268e-21,3.31654554466391e-24,9.074739095621236e-25,1.867071329340114e-23,1.2096539421118106e-22,3.9835492491542654e-22,1.2344639791050335e-21,6.519585705708065e-23,7.801062874806131e-25,5.467206024347115e-25,1.1561360349689578e-23,7.798828986377331e-23,3.648427877417663e-22,7.210823199780285e-22,1.1789570120531154e-23,6.579206575103181e-25,7.420672074760409e-25,1.6219984847558692e-23,1.3419300637155418e-22,4.633206601086622e-22,1.185576431638813e-21,6.386008158903482e-23,8.773093691920424e-25,0.0,3.526663343695601e-25,7.840480481223754e-24,5.231360315688782e-23,1.9103037827863478e-22,4.291994444613662e-22,3.7255353362265796e-23,9.313115268706466e-25,1.8663659058020593e-23,1.545322190007037e-22,4.31703718133621e-22,9.844234295251573e-22,8.184597456088547e-23,3.926733036329137e-24,0.0,4.582605522849827e-25,9.713052927942353e-24,5.190326043789091e-23,1.8224383091833033e-22,4.4671145471428885e-22,3.53017703006023e-23,8.661679111315423e-25,2.0281500066454368e-23,1.4237109169920186e-22,3.9929421025900264e-22,2.0268732887742934e-22,4.201713137245098e-22,1.9590789575129137e-23,9.537805391954521e-25,2.1339569241369272e-23,1.1200248953794903e-22,4.891791621568691e-22,9.205486854752077e-22,1.6105461608803571e-21,4.882807942526833e-24,0.0,4.3094438054091275e-25,9.416847625893501e-24,9.554305993451558e-24,3.8703285376569134e-23,1.2479653075438119e-22,2.958046129334029e-25,8.570159819761782e-25,2.0953058739866497e-23,1.110415462765472e-22,4.055836541216349e-22,8.930684658450051e-22,1.1961816077207868e-23,7.748320791338024e-27,0.0,4.986950264893101e-25,9.129342185178263e-24,4.995346210609574e-23,1.548279202594976e-22,3.400215962792849e-24,2.753805499750381e-25,9.519339746918654e-25,2.0419430761376838e-23,1.081706342615863e-22,4.498790024420689e-22,1.1123211278463139e-21,5.913856480162534e-23,3.903448621343066e-24,0.0,3.655630505103286e-25,1.093788088711884e-23,6.423297792471959e-23,1.8090910040083695e-22,4.1721256651836724e-22,1.288208626370527e-24,0.0,4.82396911651305e-25,7.497589221668397e-24,5.661187572673341e-23,2.162560609973688e-22,1.4937594048026397e-23,1.2587499917932815e-24,8.497463899321378e-25,1.7372249451814048e-23,1.118043107264165e-22,3.9889931274600015e-22,1.1748240760905806e-21,6.314982649970755e-23,4.895893216958085e-24,8.380271649162983e-25,2.070766863235736e-23,1.1377895138463271e-22,3.684094111690267e-22,1.1610979365325243e-21,6.999000511382268e-23,4.75459387353545e-24,0.0,4.778092580048695e-25,7.448415996254661e-24,4.7078965781264956e-23,1.6645998153446572e-22,1.8106665873131184e-23,1.2970913986592508e-24,0.0,4.830232168392092e-25,1.0212607720055843e-23,7.270520136547046e-23,1.8368875800494707e-22,4.382417539716739e-22,2.937853801901658e-23,0.0,4.136011753524583e-25,1.0250431242126275e-23,5.0082054479741015e-23,2.1957673960298477e-22,5.458722185046151e-22,2.8228689018664307e-23,2.74683537363768e-25,5.81582301981498e-24,4.7409930450859624e-23,1.8639070772138446e-22,6.368422087666349e-22,3.790200830986678e-23,2.3441749572183072e-24,1.0694829480222603e-24,2.151934275813935e-23,1.35823562603114e-22,4.0552030406790286e-22,1.2296651956841738e-21,7.695597188153067e-23,1.5988445680392258e-25,4.764197564860311e-25,8.927944863234621e-24,3.573661010262659e-24,2.0334434546863534e-23,8.588116138465629e-23,2.375057748398332e-22,1.2549873009621263e-23,0.0,4.848198984729659e-25,1.0082492679299797e-23,6.45983495501759e-23,2.2838607591183047e-22,5.55368678587848e-22,3.5991208033925526e-23,0.0,5.320342778691872e-25,9.887858185717072e-24,5.938251726526705e-23,1.7902935820442182e-22,1.5176308787316685e-23,1.3680867385649953e-24,9.671069511544385e-25,2.130399495203559e-23,1.0173236661658263e-22,4.764166452783895e-22,1.127295400249192e-21,7.762028053927862e-23,3.529205394604238e-24,9.318968774458688e-25,2.1921890571540013e-23,1.1384794660156357e-22,4.964607664727453e-22,1.1013312652806168e-21,6.270402595608397e-23,3.4914799760312265e-24,8.299709855024723e-25,1.763374550731949e-23,1.2345697666434752e-22,5.178217202386327e-22,1.2145598155579831e-21,6.681259252901759e-23,4.332337088058621e-24
6.72863776841273e-25,1.6525836118467523e-23,1.0472985991190555e-22,3.196394057705517e-22,6.80287640131011e-22,5.419741751641667e-23,3.666674257339483e-24,7.215553512387196e-25,1.3555602482889108e-23,1.0289521706478851e-22,3.726798780695773e-22,6.441981049118825e-22,4.6470388594920836e-23,2.66251050689964e-24,5.6780529344278915e-25,1.378184600308105e-23,8.807942661326744e-23,2.706108813628237e-22,6.182481913006981e-22,1.3098430971239071e-21,2.3776313939409016e-24,6.131625692199531e-25,1.3093029673541987e-23,8.540501042051828e-23,2.825623509023338e-22,8.834464006861424e-22,4.691718190574244e-23,5.5513750365583755e-25,3.898913761592746e-25,8.135127349243777e-24,5.464593262510321e-23,2.594387215921646e-22,5.165112564924204e-22,8.444644706078868e-24,4.7177042960273725e-25,5.404923437524544e-25,1.1338156343384741e-23,9.417487664555642e-23,3.2912431540759057e-22,8.492621720713574e-22,4.5840569217262245e-23,6.2854388051547355e-25,0.0,2.338307552803504e-25,5.39725087716207e-24,3.684140349616721e-23,1.358196666686686e-22,3.071982779418225e-22,2.6715676856540963e-23,6.290685725928446e-25,1.3021722989713387e-23,1.0871537456464317e-22,3.0600377284169144e-22,7.039722127176761e-22,5.879772126250357e-23,2.8299984946922306e-24,0.0,3.0810820748656106e-25,6.695986164515614e-24,3.6483764464918044e-23,1.2940885710978038e-22,3.200698886838982e-22,2.5395915437979518e-23,5.786211668653675e-25,1.3973002539504038e-23,1.0039333077609109e-22,2.835498759910921e-22,1.4493290511987264e-22,3.0237691530491045e-22,1.409962007506035e-23,6.306001052559482e-25,1.4738803699010177e-23,7.854809420311462e-23,3.4745426915721384e-22,6.5867969748243705e-22,1.1590872551175103e-21,3.501129338039822e-24,0.0,2.9949293940312824e-25,6.483036594219965e-24,6.711356388395049e-24,2.742817450271114e-23,8.906846214920465e-23,2.0874126894729334e-25,5.80196925187871e-25,1.4666421221643153e-23,7.798416377298693e-23,2.8771191696122237e-22,6.385922217176886e-22,8.559472784842754e-24,5.135709011285997e-27,0.0,3.4088303299463153e-25,6.395965540238064e-24,3.5290142381481873e-23,1.0995822562441574e-22,2.443444156726967e-24,1.9091492777425117e-25,6.33618681985099e-25,1.423513704384206e-23,7.59514012223426e-23,3.196574603296309e-22,7.959760349777638e-22,4.2545112124182226e-23,2.7969376036411183e-24,0.0,2.4239990865247607e-25,7.647986357930191e-24,4.5271967463050994e-23,1.2864410348961928e-22,2.9845130769084964e-22,9.159933877590878e-25,0.0,3.3116823782822413e-25,5.134375313166003e-24,3.9927196125345453e-23,1.5334578752427515e-22,1.0645651473088666e-23,8.956769598733696e-25,5.6726124830627395e-25,1.1983501368053385e-23,7.848220298532634e-23,2.8315837445725587e-22,8.411146264163571e-22,4.539535558751199e-23,3.501293798647735e-24,5.602977502920639e-25,1.442402941724163e-23,8.007878415687982e-23,2.61550630267971e-22,8.309985036296658e-22,5.03016559882057e-23,3.395220148069331e-24,0.0,3.229100199743625e-25,5.117012814487935e-24,3.321968590373332e-23,1.1796303224471266e-22,1.2939616713075872e-23,9.26047136152697e-25,0.0,3.1987603686396086e-25,7.021304210912154e-24,5.122604607000032e-23,1.3058479971581703e-22,3.1360854962596888e-22,2.1123058151054076e-23,0.0,2.817086676203452e-25,7.095836921410623e-24,3.5269593860739426e-23,1.5595253307868119e-22,3.902328007096248e-22,2.0220859475133104e-23,1.9498796487655662e-25,3.980419269513252e-24,3.339525764380436e-23,1.3232578595365859e-22,4.539579060749527e-22,2.70846152774732e-23,1.685183810491051e-24,7.261521207885032e-25,1.4857288739666558e-23,9.564582587575944e-23,2.8788187274150395e-22,8.801767311249955e-22,5.523506318928968e-23,1.112935627531706e-25,3.2031824860452293e-25,6.256867628763968e-24,2.4788625661002115e-24,1.438912363072564e-23,6.067480983794642e-23,1.6978683017451313e-22,8.97351862419497e-24,0.0,3.1990128214955315e-25,7.046436646536769e-24,4.532778898040138e-23,1.624164305585446e-22,3.9788864107007303e-22,2.5850319783920908e-23,0.0,3.6826433428310564e-25,6.899581940078516e-24,4.193710617673766e-23,1.2703879736760499e-22,1.0832719388701694e-23,9.756172414004804e-25,6.937029540559466e-25,1.4894257240514763e-23,7.145414255401786e-23,3.380465719031306e-22,8.077050564575494e-22,5.578557238832692e-23,2.5204580067414727e-24,6.352934084420515e-25,1.508649148237653e-23,8.008989713965033e-23,3.5257578853838806e-22,7.885027571963939e-22,4.504442183668344e-23,2.4948938776603157e-24,5.582361329748152e-25,1.2269710217701722e-23,8.719042028157886e-23,3.6754265371964165e-22,8.69162657217004e-22,4.791844571920827e-23,3.103584072519305e-24
4.6666763778868855e-25,1.1572017865400243e-23,7.387521924818652e-23,2.272799092405621e-22,4.874798925925221e-22,3.8843823429162923e-23,2.634465028133664e-24,4.9180178544475015e-25,9.439340858364515e-24,7.246785851399685e-23,2.6514337456667823e-22,4.611577212871347e-22,3.334102214890106e-23,1.9093465899677407e-24,4.0876913839672623e-25,9.60665431644029e-24,6.183754116243251e-23,1.9183768362306056e-22,4.421053124023362e-22,9.431494879665723e-22,1.707308143779861e-24,4.252616350016306e-25,9.168246747903116e-24,6.016769537268788e-23,2.0104017615077582e-22,6.31746282181222e-22,3.3666845401878013e-23,3.998122883954486e-25,2.6651033073408726e-25,5.6877600110565736e-24,3.830213200940081e-23,1.8439762274813505e-22,3.6921995712893226e-22,6.0221678081058336e-24,3.4096743324392237e-25,3.902404447815784e-25,7.816453611556711e-24,6.625801824366262e-23,2.3438609995584223e-22,6.083065670731206e-22,3.2875415107139174e-23,4.539384279681082e-25,0.0,1.6690707910928254e-25,3.676475791059767e-24,2.607458259125357e-23,9.652565234826735e-23,2.199073120775092e-22,1.911673049690705e-23,4.366133512344719e-25,9.103023556377801e-24,7.612098328499114e-23,2.176475162636896e-22,5.042470661613526e-22,4.2167539391615653e-23,2.032990545470081e-24,0.0,2.229490226255413e-25,4.5671359254548085e-24,2.575777517419683e-23,9.181511181034779e-23,2.292926140639272e-22,1.8191812799333842e-23,3.9597254156601424e-25,9.58389186201448e-24,7.05414588961088e-23,2.0181555903383446e-22,1.0358614245583129e-22,2.175826380122441e-22,1.0132248632277589e-23,4.270963408109341e-25,1.014128433290858e-23,5.510431747575932e-23,2.4722350755794167e-22,4.713611451516214e-22,8.341049442319126e-22,2.509597386012181e-24,0.0,2.2216423383087456e-25,4.5248636210099256e-24,4.698387361325405e-24,1.94354330438873e-23,6.342762089350377e-23,1.4574494701914576e-25,4.0206662196266353e-25,1.0138580526829695e-23,5.491381450901782e-23,2.0486807951679062e-22,4.568563675279375e-22,6.169647063883444e-24,3.667407783024713e-27,0.0,2.488102177387897e-25,4.49871324729214e-24,2.4986629047269347e-23,7.818955271929222e-23,1.7724051019415133e-24,1.3140649367310793e-25,4.306344527493492e-25,1.0000143930861379e-23,5.33922862977358e-23,2.268520418778105e-22,5.698165542431719e-22,3.056065172316976e-23,2.002346484084112e-24,0.0,1.7303057601865626e-25,5.2786135230675376e-24,3.1929025758586685e-23,9.156053545646744e-23,2.1372181412411724e-22,6.560988853065253e-25,0.0,2.427423507628538e-25,3.559369086562544e-24,2.825082353863925e-23,1.088551077704073e-22,7.555405290378129e-24,6.420551809548645e-25,3.8806081549659076e-25,8.231834835668254e-24,5.504201931555852e-23,2.012815603235331e-22,6.01744001093902e-22,3.261493603202793e-23,2.5108503501451893e-24,3.8284385257260986e-25,9.937178857246765e-24,5.613409332628379e-23,1.859771742748615e-22,5.950227213723008e-22,3.6068205667262905e-23,2.427848752723159e-24,0.0,2.3332729646877164e-25,3.562569654181828e-24,2.3453330853863684e-23,8.387915060745533e-23,9.169010346739658e-24,6.598836448815981e-25,0.0,2.2817939936976437e-25,4.78627907911469e-24,3.606880056051655e-23,9.279228003379408e-23,2.2448793319713573e-22,1.5177013591393285e-23,0.0,2.0642165185305339e-25,4.864398665821233e-24,2.485068763130958e-23,1.1071994211976014e-22,2.7920147531895936e-22,1.4456964948882705e-23,1.3996671145104232e-25,2.6906428411645963e-24,2.3591761507479607e-23,9.366163373717593e-23,3.2412639496570727e-22,1.9366913911903998e-23,1.1992221413531884e-24,5.048834720487908e-25,1.0191616323376375e-23,6.709027314031139e-23,2.0389798640069993e-22,6.297286588638038e-22,3.960766087870884e-23,7.779255667252116e-26,2.317846011577326e-25,4.371566923822962e-24,1.729686061633752e-24,1.020988236962283e-23,4.298952646739139e-23,1.2125864526955838e-22,6.4012895861397185e-24,0.0,2.2725102230044673e-25,4.861335517130162e-24,3.193452433794694e-23,1.1559626026989477e-22,2.8511519235749785e-22,1.8525173208408027e-23,0.0,2.721175459997466e-25,4.7454325233065704e-24,2.9693338268593914e-23,9.012320043832552e-23,7.656504415567106e-24,6.962379094399204e-25,4.953272259616858e-25,1.0459225570497962e-23,5.022874777599617e-23,2.3934791063096245e-22,5.783341499961172e-22,3.9985412488094507e-23,1.8040935137283547e-24,4.438061118299551e-25,1.0333824750401947e-23,5.611170374884688e-23,2.507309156515486e-22,5.642396768478236e-22,3.2338853786495677e-23,1.7899493359201258e-24,3.8519860078236447e-25,8.526456285800196e-24,6.120354628107666e-23,2.616035732347736e-22,6.223760743101735e-22,3.4285658017023723e-23,2.2280711713336258e-24
3.167943882546627e-25,7.980791324117343e-24,5.2172396510339226e-23,1.6143709563726741e-22,3.4877145519986387e-22,2.778570292606832e-23,1.8968143626218544e-24,3.264540910165859e-25,6.622002050420843e-24,5.1081081040226515e-23,1.8820979815541228e-22,3.299749685869747e-22,2.385634221024236e-23,1.3704867268479036e-24,2.8295626180867527e-25,6.624287589646605e-24,4.334596270737034e-23,1.362320318162703e-22,3.159098398337606e-22,6.784622724815704e-22,1.2127641726637478e-24,2.8868619495441774e-25,6.32300308489889e-24,4.242554016769526e-23,1.427149725210178e-22,4.518557411063142e-22,2.409471235155235e-23,2.8921380867558786e-25,1.9452566602287371e-25,3.9251380504676876e-24,2.707446500572421e-23,1.3042717875993462e-22,2.6372826339306213e-22,4.283085310079166e-24,2.474713570294904e-25,2.7120154022727024e-25,5.387884008615095e-24,4.6826820373557594e-23,1.666202402605682e-22,4.356694323059149e-22,2.347889989464351e-23,3.285745026335139e-25,0.0,1.2126013383843158e-25,2.5614508614035483e-24,1.848975714565378e-23,6.847992491925568e-23,1.5729256705731035e-22,1.371787490390939e-23,2.968822940527507e-25,6.27973874582948e-24,5.364562555511883e-23,1.5475981426203726e-22,3.6053383863271037e-22,3.0165778785305525e-23,1.46624622799898e-24,0.0,1.6444152281933716e-25,3.1860770249428206e-24,1.8209410252556242e-23,6.523837899668524e-23,1.6413679155260108e-22,1.3053034864458873e-23,2.641338820173634e-25,6.60374406501536e-24,4.9524810723056e-23,1.4366647802137992e-22,7.406267156738378e-23,1.5629222876952653e-22,7.264574140307549e-24,2.8134780497012466e-25,7.014656079955681e-24,3.8708182150991445e-23,1.7581165568860918e-22,3.3712904874952885e-22,6.001165203352061e-22,1.808738193145529e-24,0.0,1.6752351839993917e-25,3.1860795408241017e-24,3.2724033525791493e-24,1.384981295085224e-23,4.5258590311052626e-23,1.0222168590369884e-25,2.7211374826430484e-25,7.012980430295189e-24,3.884845341297153e-23,1.457779349942064e-22,3.2690595153349502e-22,4.391781552788081e-24,2.667145092800816e-27,0.0,1.8430068168258545e-25,3.1757016177511344e-24,1.773718897238089e-23,5.548809217768316e-23,1.2541898116535342e-24,9.134955277419231e-26,2.841701890253515e-25,6.978203472417498e-24,3.7670731590201116e-23,1.6119154214504985e-22,4.080136314141485e-22,2.1865568025396533e-23,1.4407803329927587e-24,0.0,1.2571142033348761e-25,3.590825503742897e-24,2.265428430580968e-23,6.518514647088269e-23,1.5295161139751798e-22,4.737763024425447e-25,0.0,1.8064836882411452e-25,2.4854910259589968e-24,2.0051392327962054e-23,7.73528425145818e-23,5.349421053274833e-24,4.64051198595968e-25,2.5881070327260413e-25,5.682424177459147e-24,3.8624157322048096e-23,1.4295925797643373e-22,4.3095244084751105e-22,2.3343577389062434e-23,1.80243917225724e-24,2.5444389488526655e-25,6.854138872894771e-24,3.929660666788652e-23,1.3219511856170465e-22,4.261311297697375e-22,2.5813036496591786e-23,1.7469911294024745e-24,0.0,1.7103733008776509e-25,2.5009937821199725e-24,1.65609396539635e-23,5.956712252320099e-23,6.500152453978261e-24,4.704195334979367e-25,0.0,1.6572239896413856e-25,3.340690221964835e-24,2.5494663968816995e-23,6.582019272594155e-23,1.606056308814451e-22,1.0899377059138712e-23,0.0,1.5435589882352306e-25,3.2906212184381407e-24,1.761203917809534e-23,7.850555837009553e-23,1.9977505982084864e-22,1.0322481301723707e-23,9.793729437464548e-26,1.7995385514043868e-24,1.6834322336292328e-23,6.628727990679009e-23,2.3124094585529668e-22,1.379894430106992e-23,8.55158486641847e-25,3.4315983793383963e-25,7.017153165759547e-24,4.7003361782072205e-23,1.4472216392552834e-22,4.502349107554116e-22,2.8282571808197607e-23,5.432916618966528e-26,1.7095853599744278e-25,3.0335366579992858e-24,1.2353360921523036e-24,7.167147638158955e-24,3.0348897251336795e-23,8.65014604702799e-23,4.581376421470864e-24,0.0,1.6421663815437385e-25,3.3054783293472012e-24,2.251942162899865e-23,8.224565242519703e-23,2.0402893102592154e-22,1.3293171937192654e-23,0.0,2.0431893176692444e-25,3.332743835898417e-24,2.1058543829217283e-23,6.391186507942906e-23,5.4022829159006725e-24,4.9788590828955415e-25,3.406267130095665e-25,7.280543163904952e-24,3.542953758641601e-23,1.6998973651955708e-22,4.1408288263418183e-22,2.861163471113453e-23,1.2849056567213535e-24,3.035110068336571e-25,7.109226472347907e-24,3.9256115230004553e-23,1.7822411391911231e-22,4.0357709978478184e-22,2.3137153521259304e-23,1.287715473294535e-24,2.5979919648794684e-25,5.969763749319386e-24,4.2819317048669116e-23,1.8608515389705457e-22,4.45170405215927e-22,2.4591804785469186e-23,1.5995097562102e-24
2.3151128951483075e-25,5.529075465645442e-24,3.679610247664132e-23,1.1507647683723087e-22,2.4918169045376624e-22,1.9940935920739243e-23,1.3546787428102171e-24,2.3341532176453044e-25,4.627076405973755e-24,3.5943479498251506e-23,1.3397398975482031e-22,2.359679774920119e-22,1.7118835980820436e-23,9.742037897400679e-25,2.0908705003504586e-25,4.63212101391801e-24,3.069229546711192e-23,9.655645765384121e-23,2.254696743687544e-22,4.875457577416837e-22,8.615064736343258e-25,2.1097000792194577e-25,4.380564476773284e-24,2.9865091264713026e-23,1.0159573211646095e-22,3.2311134974306046e-22,1.7294498774406726e-23,2.101932264203477e-25,1.4409060314350402e-25,2.669614887825588e-24,1.9082306227725345e-23,9.231757176306302e-23,1.883009772961482e-22,3.0541114263346045e-24,1.8098168473328698e-25,2.0117632638113433e-25,3.6739509284899295e-24,3.316397359825234e-23,1.1788023123472687e-22,3.1151102556383677e-22,1.6799752601480823e-23,2.3082367127220377e-25,0.0,8.645404027052787e-26,1.7437963602188454e-24,1.3195814182722168e-23,4.853141495165675e-23,1.1252544560489846e-22,9.858667758143439e-24,2.1734839910535027e-25,4.3566274508439675e-24,3.7867836150514744e-23,1.1012070214971914e-22,2.5770543222570438e-22,2.163086174986891e-23,1.0503980915638764e-24,0.0,1.1945276499315556e-25,2.172321581446106e-24,1.2948740394342124e-23,4.6231465935716054e-23,1.1749869112235217e-22,9.373728375611715e-24,1.8974966830345452e-25,4.514053841611613e-24,3.504628921723478e-23,1.0191722172573547e-22,5.287146795990592e-23,1.1234774988750495e-22,5.2205869529601695e-24,1.9968749943742326e-25,4.817763386649538e-24,2.713214428918679e-23,1.2447560681675552e-22,2.4095643322523324e-22,4.316625986765451e-22,1.2961977845603974e-24,0.0,1.2462935089022676e-25,2.2750145676633144e-24,2.274814734772228e-24,9.761054771024615e-24,3.228496336325661e-23,7.136407310907123e-26,1.9816810314800358e-25,4.8025812436157945e-24,2.754608667068345e-23,1.0335757180784949e-22,2.3405532328166034e-22,3.1329898421691837e-24,1.904643192310365e-27,0.0,1.3415370788741393e-25,2.2670173074631226e-24,1.2608241169494967e-23,3.925752778173605e-23,8.774909845887841e-25,6.358681350851149e-26,2.0187688376787564e-25,4.8042456658204745e-24,2.661688052413592e-23,1.1418750670563034e-22,2.917921230494547e-22,1.5688425199017806e-23,1.0303625089972866e-24,0.0,8.962850383657228e-26,2.415664202236163e-24,1.6106413824813343e-23,4.6289612279360476e-23,1.0955317399397251e-22,3.428548788911442e-25,0.0,1.3225359169472796e-25,1.7575346486443107e-24,1.425538225466698e-23,5.490559971723687e-23,3.799958086879876e-24,3.361662385111839e-25,1.8590821474027938e-25,3.8929858694236894e-24,2.7339493695088845e-23,1.0135707819516886e-22,3.0813609156265153e-22,1.6745671044695232e-23,1.2814203474658353e-24,1.8204760600872618e-25,4.680360925344887e-24,2.771461458286275e-23,9.359662672685205e-23,3.0472241674544143e-22,1.8479423249806146e-23,1.250284420866184e-24,0.0,1.229564617116996e-25,1.7795807999519323e-24,1.1772069608766855e-23,4.216527678961402e-23,4.631934641613314e-24,3.3825407973771377e-25,0.0,1.1813575430580346e-25,2.2809780497429823e-24,1.8152407939607815e-23,4.6637073822314944e-23,1.1496674098080899e-22,7.827618266983708e-24,0.0,1.1401727301926117e-25,2.201549995251074e-24,1.2504629292601004e-23,5.565549902252065e-23,1.4289172429774932e-22,7.385484224833605e-24,6.471663026660655e-26,1.201506253989265e-24,1.2102838916881376e-23,4.667884843246432e-23,1.65097830392943e-22,9.87279975978044e-24,6.082750191542071e-25,2.5094113481916603e-25,4.790623118056166e-24,3.3180351598805705e-23,1.0240679989110917e-22,3.2173337216101483e-22,2.0233230692976181e-23,3.7973779391437964e-26,1.2418686055655115e-25,2.09632316508903e-24,8.665640846315536e-25,4.964135428567267e-24,2.1522493393722647e-23,6.159763769943338e-23,3.2706429811157738e-24,0.0,1.1629590662629336e-25,2.22254589183831e-24,1.5966511744066753e-23,5.830690247348341e-23,1.4598374000035239e-22,9.548308248878051e-24,0.0,1.5122008062465445e-25,2.288000324042806e-24,1.4925742010421325e-23,4.535425796299837e-23,3.8193791496151415e-24,3.5948609365804114e-25,2.50377967936322e-25,4.991776726269596e-24,2.5022997311344462e-23,1.2054129809386437e-22,2.961535499740222e-22,2.049370695367237e-23,9.113363100853044e-25,1.9549411328729025e-25,4.850128047496087e-24,2.766579133399144e-23,1.2617844356678104e-22,2.8864543003717874e-22,1.6604949123574645e-23,9.194001982998984e-25,1.8867478604269644e-25,4.162293387905312e-24,3.0088159622286835e-23,1.3243750780489494e-22,3.178812755606386e-22,1.759866625722549e-23,1.1356987455835326e-24
1.726815045493741e-25,3.818848565769645e-24,2.601841385536751e-23,8.173583089819261e-23,1.7762247021199556e-22,1.4251732613089017e-23,9.657145658652572e-25,1.69968294536172e-25,3.2093148144862656e-24,2.5346017720623053e-23,9.496832864691924e-23,1.6849617532495405e-22,1.2230050685882015e-23,6.901550684737977e-25,1.569945374690768e-25,3.2687666707885402e-24,2.1737782487638037e-23,6.856344141428669e-23,1.6084782364794329e-22,3.503720478717426e-22,6.14408551249349e-25,1.573600096079126e-25,3.025589866525075e-24,2.1069838887764695e-23,7.202208083255427e-23,2.307588525829741e-22,1.2359614643089913e-23,1.4863497221813644e-25,1.048845229033279e-25,1.795504921820777e-24,1.3581538102027245e-23,6.552320392876624e-23,1.3454888120693598e-22,2.18130089871736e-24,1.2916521640836821e-25,1.5169704976039845e-25,2.5622319574332035e-24,2.365615100474273e-23,8.356506716414195e-23,2.223436055862725e-22,1.2008761022620063e-23,1.6028751510858076e-25,0.0,5.875247421545282e-26,1.178559062317429e-24,9.228835442619172e-24,3.44207467318108e-23,8.046521340696289e-23,7.047121287832671e-24,1.6245616875863518e-25,3.0157872102572983e-24,2.684738811615226e-23,7.812545908630638e-23,1.8425947383878903e-22,1.5428370975689927e-23,7.51913476413761e-25,0.0,8.32577606679795e-26,1.4708456526227377e-24,9.102882611535257e-24,3.2756919628554013e-23,8.412238485544232e-23,6.69206063092929e-24,1.3888813051388813e-25,3.1604956009122422e-24,2.4723344026605203e-23,7.22597468891378e-23,3.7647061528421755e-23,8.076899692994294e-23,3.751337614027086e-24,1.442352635979825e-25,3.2712309425645097e-24,1.9044494283849316e-23,8.827463480511025e-23,1.7194894652279946e-22,3.107287898739478e-22,9.298871306515733e-25,0.0,8.95022314456593e-26,1.585133537318807e-24,1.5929801795877215e-24,6.904034134892057e-24,2.3059879784822602e-23,4.9457726199531746e-26,1.4719391737605635e-25,3.3653136822309136e-24,1.9675878991334292e-23,7.327411860069631e-23,1.6724690539572406e-22,2.2324274705613497e-24,1.2974584940670626e-27,0.0,9.359610378359151e-26,1.5759303393776118e-24,8.842499210885875e-24,2.7833102310685355e-23,6.137985235190038e-25,4.4325389182300934e-26,1.4588377107932287e-25,3.3789350676368504e-24,1.893107897394101e-23,8.088532377218564e-23,2.0842860603214952e-22,1.1212298634502806e-23,7.373302393586671e-25,0.0,6.091005883255125e-26,1.6228584159470774e-24,1.1292638321865881e-23,3.290277052631946e-23,7.846438284089721e-23,2.407494046369606e-25,0.0,9.298326424522246e-26,1.2091206237844661e-24,1.0001255771370274e-23,3.910876953439465e-23,2.7132583793335834e-24,2.3636892778261883e-25,1.3607005675767038e-25,2.6350017304565763e-24,1.930108704816865e-23,7.18888699773094e-23,2.203297889048843e-22,1.1954961475660267e-23,9.078635306269123e-25,1.3260671425779704e-25,3.269958905321878e-24,1.974029567233201e-23,6.643790703346809e-23,2.1754325072923737e-22,1.3204658063526298e-23,8.958037730232628e-25,0.0,8.437214578505018e-26,1.2342874899210362e-24,8.1996665300732e-24,2.9880115468268504e-23,3.322349793694777e-24,2.3682545924396835e-25,0.0,8.027677055212333e-26,1.5476611489216527e-24,1.2667946785690258e-23,3.306928093826893e-23,8.230572370015603e-23,5.604508869761542e-24,0.0,8.125148225490511e-26,1.4701412786105897e-24,8.927419061501853e-24,3.954279005779592e-23,1.0223432123401439e-22,5.287541723198123e-24,3.8781589638708346e-26,8.159473855065843e-25,8.462906044700359e-24,3.279495467137558e-23,1.177203627263301e-22,7.097562342293197e-24,4.369050265257578e-25,1.8723352643044086e-25,3.3491253213393555e-24,2.333777200880703e-23,7.266824590322856e-23,2.296411104973573e-22,1.446000541162452e-23,2.687620999326102e-26,8.655740639918633e-26,1.456243450766201e-24,6.270666938289677e-25,3.4437092212982856e-24,1.52874353137855e-23,4.40194534317295e-23,2.333232099108082e-24,0.0,7.830543614327299e-26,1.492201569900883e-24,1.1183680841197624e-23,4.130821297330522e-23,1.0447625299589663e-22,6.843124848467736e-24,0.0,1.078639977021643e-25,1.5611594639078181e-24,1.0410357118762774e-23,3.2295562319462227e-23,2.706935458719703e-24,2.5304659438500926e-25,1.8705767264392744e-25,3.4929842338543565e-24,1.7787974075784025e-23,8.560523510155297e-23,2.1165523772714205e-22,1.4602983252915457e-23,6.46257889584112e-25,1.3428906173546607e-25,3.388358139858211e-24,1.968892740478065e-23,8.955630219877728e-23,2.0635018116677049e-22,1.1872636917586144e-23,6.562231017065558e-25,1.397734475930849e-25,2.8796142411785797e-24,2.1260372552352234e-23,9.396903769737876e-23,2.272683258287747e-22,1.2543618808961339e-23,8.086667290417884e-25
1.2719492593039283e-25,2.631463168526809e-24,1.8349218514221774e-23,5.812145396578983e-23,1.266061075019476e-22,1.019467165136604e-23,6.93059050183651e-25,1.2155814786484979e-25,2.215881520571768e-24,1.81010597240712e-23,6.736083165113826e-23,1.204340474110073e-22,8.743514375564223e-24,4.915132575213738e-25,1.1619513624641428e-25,2.339911550365564e-24,1.537309729428448e-23,4.879153513262943e-23,1.1476639593128703e-22,2.518713241815932e-22,4.3923843457061855e-25,1.1590931474383373e-25,2.084850633691052e-24,1.481890375596149e-23,5.108946416907444e-23,1.6498488306645472e-22,8.839583668594967e-24,1.0262514089790183e-25,7.317563516671435e-26,1.2058727114178312e-24,9.581345611009657e-24,4.63421283419861e-23,9.59872747394721e-23,1.568730991052067e-24,9.055809344134103e-26,1.1285505673597634e-25,1.746418689488555e-24,1.6928245385514413e-23,5.954070056534316e-23,1.5888975494012932e-22,8.614724496110481e-24,1.1170627342863617e-25,0.0,3.679140071473323e-26,8.082495445667433e-25,6.436869528631845e-24,2.4316314094009503e-23,5.75159303830949e-23,5.043359168679172e-24,1.199757398267897e-25,2.084297027045215e-24,1.900993692154634e-23,5.546575727313059e-23,1.3157303433862762e-22,1.1050539064825271e-23,5.369476762665678e-25,0.0,5.412311107114989e-26,1.0108046322314947e-24,6.356825807473901e-24,2.3102350390129875e-23,6.013697631641856e-23,4.7813665268790424e-24,9.99651523189179e-26,2.166518831796459e-24,1.7611464098730724e-23,5.138016664474615e-23,2.6867555354544534e-23,5.802099211705287e-23,2.6841449078599226e-24,1.0212360328090444e-25,2.2002097594664194e-24,1.3527832974696418e-23,6.286359735337012e-23,1.2280938284878775e-22,2.2335519779425065e-22,6.6726596275516775e-25,0.0,6.067007508203477e-26,1.1122566687814811e-24,1.1109033755188396e-24,4.857954151484489e-24,1.6404255421658274e-23,3.4128313196195106e-26,1.0784593977669635e-25,2.307542993931064e-24,1.4102646039837732e-23,5.2148504996357537e-23,1.1937530876886678e-22,1.5925300417385068e-24,8.15485934982767e-28,0.0,6.087249389080857e-26,1.1019055624608183e-24,6.163880008729666e-24,1.9723222265160752e-23,4.245071557236173e-25,3.1345832279029956e-26,1.0331387691603545e-25,2.3243669051890875e-24,1.349980139316663e-23,5.750962209050525e-23,1.4878010094432037e-22,8.028369222538603e-24,5.275157472611449e-25,0.0,3.81425875189273e-26,1.1095279159883424e-24,7.851302833563388e-24,2.332280540674611e-23,5.615751658942653e-23,1.670727400124859e-25,0.0,6.115242476510627e-26,8.357219810776543e-25,6.975221617214839e-24,2.7698659897334423e-23,1.9429176150566734e-24,1.643039784196604e-25,9.7934643045067e-26,1.7653181936566747e-24,1.3763674721596824e-23,5.11644987570287e-23,1.5742653667413745e-22,8.53828110547536e-24,6.465055183235617e-25,9.485285204975613e-26,2.2340838398163564e-24,1.4126379796279756e-23,4.7219755962097185e-23,1.5550371103445062e-22,9.464219731389506e-24,6.419310549590452e-25,0.0,5.355740268855948e-26,8.614041328043219e-25,5.7075761193679725e-24,2.11294743535905e-23,2.3927791658961697e-24,1.6417130627133722e-25,0.0,5.02683244714194e-26,1.0663601271889033e-24,8.815712171412499e-24,2.3354857953979296e-23,5.882815496427543e-23,4.026342764720671e-24,0.0,5.452759145547289e-26,9.984458698074197e-25,6.255196595037766e-24,2.8036761759818843e-23,7.307903217234301e-23,3.795618139931108e-24,2.992450032459737e-26,5.814726325108768e-25,5.8911402020985666e-24,2.3157374933616133e-23,8.391177402945912e-23,5.058535590680534e-24,3.141114668033177e-25,1.3793478808176895e-25,2.291463686922453e-24,1.6567532234598193e-23,5.163207346692131e-23,1.6416257629193638e-22,1.0370582882809084e-23,1.8493791843491098e-26,5.62681056317935e-26,1.0348376894936391e-24,4.491258354824925e-25,2.3929472759999252e-24,1.0813257369146297e-23,3.142985554012046e-23,1.6736183954212406e-24,0.0,4.835612831779373e-26,1.0194803243236296e-24,7.77538754825072e-24,2.9299059330362307e-23,7.468234439512972e-23,4.907976390686251e-24,0.0,7.241959677991076e-26,1.082149706633381e-24,7.186821562553365e-24,2.2989256772026586e-23,1.937321918135826e-24,1.7655639352100601e-25,1.3766556510660712e-25,2.3865629627970224e-24,1.2676386942722842e-23,6.087147307245542e-23,1.5127534113235218e-22,1.0414904187947646e-23,4.622468028658227e-25,9.274770548881536e-26,2.3162405641426864e-24,1.407578974719962e-23,6.36420326323175e-23,1.4749344519344927e-22,8.506264234167384e-24,4.678951074364911e-25,1.0210538236925216e-25,1.9821991735915186e-24,1.500922430463108e-23,6.671881898154678e-23,1.6236021908388717e-22,8.942061737747195e-24,5.752768078449248e-25
9.031849164665311e-26,1.8242748633408302e-24,1.2929160779810099e-23,4.116533115460946e-23,9.035595119981849e-23,7.320769729845985e-24,5.014650559248433e-25,8.297147756563567e-26,1.5375150248325238e-24,1.2843158725047244e-23,4.756092793718428e-23,8.603398821127643e-23,6.274171455244524e-24,3.524457571730756e-25,8.288123443367444e-26,1.6355763560535003e-24,1.0689738530396195e-23,3.448685502159274e-23,8.162565959442534e-23,1.808886391758478e-22,3.163519793791592e-25,8.230481225983293e-26,1.445333069431682e-24,1.060603106414798e-23,3.6075999811040564e-23,1.1790635363802011e-22,6.346026302478584e-24,7.101858145467694e-26,4.759154756474896e-26,8.241539071401733e-25,6.65061215536284e-24,3.2734269393268937e-23,6.836924196613388e-23,1.1317627055560387e-24,6.24430367285723e-26,8.104649554297086e-26,1.1820622106965874e-24,1.1965809012638992e-23,4.219488704125068e-23,1.135490486504023e-22,6.183655431331154e-24,7.738651964740666e-26,0.0,2.0071989966265036e-26,5.3666959298298365e-25,4.5007750405984016e-24,1.7277235900225126e-23,4.106729405143287e-23,3.588513429987493e-24,8.548916936029089e-26,1.4502356283031503e-24,1.3464365037991708e-23,3.917915108695083e-23,9.399037186876211e-23,7.961358763832837e-24,3.8368716938968886e-25,0.0,3.1411444875826743e-26,6.730037256224706e-25,4.4405811956203175e-24,1.6379089357411702e-23,4.291831211280027e-23,3.395025945812433e-24,6.88243270366876e-26,1.4771854685410403e-24,1.243589535561109e-23,3.625789675078024e-23,1.9123930304152717e-23,4.1640654676501825e-23,1.9264059553701852e-24,6.875573255507644e-26,1.4792519676311767e-24,9.535085651349263e-24,4.4473107571902796e-23,8.765236769450392e-23,1.607684688536518e-22,4.809976453331191e-25,0.0,3.758741320330854e-26,7.551053676226335e-25,7.687967848392356e-25,3.4480418161951784e-24,1.1702442435147605e-23,2.367138675674424e-26,7.603288465017875e-26,1.5732882843767698e-24,9.988235344567631e-24,3.6881624849204755e-23,8.535783584053961e-23,1.1464222717801472e-24,4.477113744040033e-28,0.0,3.533667753605301e-26,7.442211480800277e-25,4.3104267440470665e-24,1.4041572314858364e-23,2.97757176561359e-25,2.156294095108128e-26,6.956459642765433e-26,1.5899657820822327e-24,9.687590553962784e-24,4.103968170951862e-23,1.0641832757362635e-22,5.78052164332314e-24,3.78935220576224e-25,0.0,2.0809168675261435e-26,7.355930633205542e-25,5.4525922814030364e-24,1.6544828255746556e-23,4.009574353723437e-23,1.1633918225561564e-25,0.0,3.6139735756363697e-26,5.560923037466278e-25,4.8809792010485676e-24,1.9622770298979472e-23,1.401988400136476e-24,1.1463556765980784e-25,6.742563035904488e-26,1.1811540878770615e-24,9.732624303757256e-24,3.6156575553486104e-23,1.1232756438564437e-22,6.119225742399091e-24,4.63491494447964e-25,6.474827826556671e-26,1.516581373253012e-24,9.994878518318528e-24,3.3440464897236513e-23,1.1116900889590478e-22,6.825988156770111e-24,4.620313958942689e-25,0.0,2.987884986371043e-26,5.806237366552908e-25,3.939206272910545e-24,1.4974334899794126e-23,1.7384035968613053e-24,1.1431669017604937e-25,0.0,2.7424008465584264e-26,7.124963297099492e-25,6.1487080334779375e-24,1.6588521432862218e-23,4.19718744222567e-23,2.882593017369395e-24,0.0,3.327984875765716e-26,7.115484524187372e-25,4.3632311067637315e-24,1.9902451705623596e-23,5.220416476702807e-23,2.71487229925147e-24,2.657244533506848e-26,4.140784208876198e-25,4.056397059178576e-24,1.6421231281784865e-23,5.987991078345486e-23,3.615395726756466e-24,2.2933450090580176e-25,9.795177113733468e-26,1.5587622765675769e-24,1.1649842881161643e-23,3.65512015453763e-23,1.1738639382172483e-22,7.441847156288449e-24,1.2784263346579174e-26,3.265633714639069e-26,7.213255332121234e-25,3.0877551710451645e-25,1.6784406883759025e-24,7.635413117248767e-24,2.2330956818809338e-23,1.1895710359672437e-24,0.0,2.575846350391627e-26,6.752697412741872e-25,5.402754862142008e-24,2.0845558126329895e-23,5.332318618280866e-23,3.501549467148005e-24,0.0,4.420944870246608e-26,7.285464051543277e-25,4.947026512766782e-24,1.6304343240463698e-23,1.402542759260616e-24,1.2386477937595948e-25,9.749033053869954e-26,1.6187292299637042e-24,8.914199390438592e-24,4.3158988255578597e-23,1.08106826509029e-22,7.370565953707125e-24,3.34272856543289e-25,6.169176675076405e-26,1.5738612271481843e-24,9.947104476423688e-24,4.5062696348671343e-23,1.0534632333601263e-22,6.129059959649784e-24,3.3472117424926567e-25,7.171205858159841e-26,1.3704467252233617e-24,1.0598589640332663e-23,4.713038036049337e-23,1.16079282642981e-22,6.42703531071277e-24,4.097083747918231e-25
6.030957298925206e-26,1.294229392230469e-24,8.973372781597974e-24,2.911902896554863e-23,6.45661521954086e-23,5.285782433725749e-24,3.6357154734890696e-25,5.230376814993048e-26,1.0911090958592908e-24,8.952670450667354e-24,3.3516798459132734e-23,6.147739155697029e-23,4.4626240382742405e-24,2.529493626189133e-25,5.564631144981239e-26,1.1519599206134964e-24,7.441574740357742e-24,2.4345783187361948e-23,5.829142329647495e-23,1.3000416538674156e-22,2.286710122712776e-25,5.495849185728912e-26,1.0253896552935454e-24,7.428386419557228e-24,2.5426300703893503e-23,8.42940942196091e-23,4.516868731471494e-24,4.899314451219732e-26,2.7627045747355635e-26,5.461457673307136e-25,4.641523168677105e-24,2.3252423426383758e-23,4.869516434192013e-23,7.922975658130547e-25,4.240379034391441e-26,5.493824229896405e-26,8.1203866689805925e-25,8.306421606913206e-24,2.986639145655082e-23,8.124861778500898e-23,4.3912752067585174e-24,5.312720861873592e-26,0.0,1.458925435094302e-26,3.649212839262069e-25,3.1386244134669725e-24,1.2322532159033363e-23,2.921258755337075e-23,2.5653227609704035e-24,5.736876938746259e-26,1.0331330212378209e-24,9.407363014874059e-24,2.7589160127456993e-23,6.716903301149349e-23,5.69562233472613e-24,2.7663715448819726e-25,0.0,2.3760627120342733e-26,4.590610875129373e-25,3.089265766991385e-24,1.1650937394697854e-23,3.058497683957784e-23,2.4209958253307716e-24,4.394472681540183e-26,1.0235665671348574e-24,8.641583538353522e-24,2.5639909213686314e-23,1.3610009898579976e-23,2.9749928066193777e-23,1.3845383881966783e-24,4.2456760935449305e-26,1.0127234803862004e-24,6.616451505218378e-24,3.136685395810739e-23,6.256752301473777e-23,1.1566318233225356e-22,3.4673988240810817e-25,0.0,2.005358942446288e-26,5.250486390567329e-25,5.294318122232209e-25,2.4708302019162938e-24,8.276553734063762e-24,1.6794766069432436e-26,5.025037586559235e-26,1.0899400738937333e-24,6.950855231274435e-24,2.6034631948068717e-23,6.098006431804159e-23,8.310461094767788e-25,3.267739377251431e-28,0.0,2.673364871980827e-26,5.143552024917594e-25,3.0153843417379504e-24,9.966940973347595e-24,2.108529069041204e-25,1.490466678423882e-26,4.295848028579611e-26,1.1053389503042492e-24,6.753476575942136e-24,2.9069689589603155e-23,7.606484253855583e-23,4.1348454722743854e-24,2.760223071023091e-25,0.0,1.5125080908225363e-26,4.997892043942851e-25,3.7653805807731305e-24,1.164311337985534e-23,2.8598984748235143e-23,8.051182468158077e-26,0.0,2.764810579503651e-26,3.778825531910392e-25,3.4172413151901024e-24,1.3799284308974134e-23,9.848232428956898e-25,7.952255337380938e-26,4.3051427472253975e-26,8.041216943813206e-25,6.775447994106947e-24,2.5614036820342213e-23,8.013335637826759e-23,4.3456071909892355e-24,3.325594983989395e-25,4.081768530864506e-26,1.0454027964580366e-24,6.949890815998382e-24,2.367696098086109e-23,7.957993246584231e-23,4.859259809368349e-24,3.324821078034524e-25,0.0,2.2037682698933556e-26,4.0044472992811615e-25,2.737288783797045e-24,1.054708538201892e-23,1.2692949849982169e-24,7.916479172725201e-26,0.0,1.993281246392465e-26,4.879771394747248e-25,4.2752706150219685e-24,1.182666053496263e-23,2.9898572565842717e-23,2.068463982659477e-24,0.0,1.7300636490411082e-26,5.067141316922245e-25,3.0247549151782537e-24,1.4142895968153017e-23,3.719225041562109e-23,1.9476044041148317e-24,2.5234505563624265e-26,2.845975976159304e-25,2.7575872087943447e-24,1.167181778069413e-23,4.2680032638773936e-23,2.5788951087624264e-24,1.6119535240894169e-25,6.54089254302601e-26,1.07722114174168e-24,8.052972106580431e-24,2.5866819839470993e-23,8.374479281452343e-23,5.2838408486214974e-24,9.220883998067995e-27,2.4702304235014475e-26,5.183780459778754e-25,2.26651852556074e-25,1.1741225618605579e-24,5.420494423029991e-24,1.5889298249875737e-23,8.462304010384465e-25,0.0,1.8425891498051432e-26,4.583183292763645e-25,3.734464447764854e-24,1.4739140591812605e-23,3.794282815265823e-23,2.5004883668605486e-24,0.0,2.298482307290789e-26,5.032293758714413e-25,3.438759500922698e-24,1.1643346979685646e-23,9.916773168251654e-25,8.655083566258831e-26,6.479476807380032e-26,1.1142787378862465e-24,6.147691046050934e-24,3.063990973328915e-23,7.739405482092148e-23,5.209524849665515e-24,2.431838191526615e-25,3.7870839440367266e-26,1.0862342933747388e-24,6.906234139302641e-24,3.1899170599738444e-23,7.529982983047023e-23,4.388069661135962e-24,2.4266358381458683e-25,4.713929398454966e-26,9.686522042928469e-25,7.379295615681533e-24,3.318973226521372e-23,8.304665835552003e-23,4.592753944565214e-24,2.944246780575635e-25
3.6524762584048693e-26,9.006190096456334e-25,6.275702419911604e-24,2.0574732993395782e-23,4.608720672962488e-23,3.7732330287964674e-24,2.6451584269790045e-25,2.885794186898382e-26,7.592195129478624e-25,6.281556353602616e-24,2.3741419559994915e-23,4.385687182059304e-23,3.187284968926127e-24,1.8503380012982445e-25,3.397000881744074e-26,7.8591874976137485e-25,5.142356150042083e-24,1.7202930984269497e-23,4.171763595881755e-23,9.351367226746058e-23,1.605145339875585e-25,3.328403383776349e-26,7.135407598072594e-25,5.227338042249974e-24,1.80131158117756e-23,6.016999188551032e-23,3.2020361705717906e-24,3.3738153200923785e-26,2.0900995472904092e-26,3.708762754995067e-25,3.2358822415513583e-24,1.6553969363769226e-23,3.4590714843377403e-23,5.50244361666394e-25,2.84817799000226e-26,3.4036319692288204e-26,5.404080860111286e-25,5.791658009261714e-24,2.1140546062111893e-23,5.811826714298686e-23,3.127702705235892e-24,3.623986192566958e-26,0.0,1.256236547127292e-26,2.4148741185072684e-25,2.1868979265417274e-24,8.69093939064725e-24,2.0834238919746382e-23,1.8243879826948083e-24,3.5013104439898123e-26,7.2270603209838265e-25,6.4580961020146336e-24,1.9488383617710404e-23,4.789765587359221e-23,4.063825482947284e-24,2.0085783059232222e-25,0.0,2.0887435085517328e-26,3.050279283250244e-25,2.1450249476521236e-24,8.274152887646192e-24,2.1827279624156142e-23,1.7165610348221348e-24,2.4768637430941632e-26,6.889837451515394e-25,6.038782623481236e-24,1.8165265426133676e-23,9.75384959948762e-24,2.1277995775445746e-23,9.8594900014381e-25,2.2615427328306927e-26,6.728228848860805e-25,4.617596174079786e-24,2.2222561665282424e-23,4.457829625794585e-23,8.32682457866463e-23,2.5042998057007578e-25,0.0,1.4360190849345162e-26,3.56942860869198e-25,3.662363026469374e-25,1.7635196076720093e-24,5.86194331469285e-24,1.1684853230598368e-26,2.994383828899305e-26,7.33393541889375e-25,4.860732050946744e-24,1.8365919124513595e-23,4.3489474098840046e-23,5.8668514213721295e-25,2.819913174541142e-28,0.0,2.3502680925696473e-26,3.469166843607783e-25,2.1196505913554638e-24,7.05878656227594e-24,1.450190431581618e-25,1.0751913328384508e-26,2.2883257139112476e-26,7.469995058687085e-25,4.710029599175203e-24,2.053847164644937e-23,5.428409090138767e-23,2.9545822591839763e-24,2.0032402097012665e-25,0.0,1.3023754422740083e-26,3.306063943127287e-25,2.5908240891867416e-24,8.20252325715737e-24,2.045720770708789e-23,5.520005833823612e-26,0.0,2.4445052302871642e-26,2.4933947925222636e-25,2.4044133418388756e-24,9.737096125201967e-24,6.8262096316482695e-25,5.46826867054435e-26,2.4265084594701606e-26,5.303003846760092e-25,4.7450188162905315e-24,1.818644099191271e-23,5.704935092381819e-23,3.0979735959106446e-24,2.4319969076635467e-25,2.2521043232510262e-26,6.988376589727672e-25,4.8564481772721454e-24,1.6774638490673293e-23,5.695397747068675e-23,3.465611938923664e-24,2.3154621983242847e-25,0.0,1.9122074246985476e-26,2.6938636035854633e-25,1.917455476328064e-24,7.460168434783417e-24,9.024845360321717e-25,5.434050607646103e-26,0.0,1.716343722031157e-26,3.2596536814382996e-25,2.9685347881695095e-24,8.337171829254031e-24,2.1326927117787116e-23,1.475091285112487e-24,0.0,1.2171674750663679e-26,3.4826806974793015e-25,2.0904886441352142e-24,1.0019048851899835e-23,2.6530379576293416e-23,1.3987277187963438e-24,2.4687230278218023e-26,2.092469751478709e-25,1.8563723860538376e-24,8.360707600965904e-24,3.051406239740769e-23,1.8583487061651784e-24,1.119507615339062e-25,3.961370674195387e-26,7.2259205728239665e-25,5.592617587494599e-24,1.8314958142579083e-23,5.980968781282818e-23,3.763258749398887e-24,6.626721702622376e-27,2.171524259790314e-26,3.6815724952673316e-25,1.6894077636474027e-25,8.160848667834263e-25,3.855693844040467e-24,1.1330758051265974e-23,6.0465412334797845e-25,0.0,1.5732306229389715e-26,3.027554575631127e-25,2.572846148459373e-24,1.0447563970751427e-23,2.70907555004068e-23,1.7720989945086594e-24,0.0,1.6171885272964737e-26,3.3983644741421364e-25,2.363666013568007e-24,8.24778956371912e-24,6.936921160293556e-25,6.006534335643338e-26,3.89373248438894e-26,7.433401651855582e-25,4.253209012826159e-24,2.1815689295037585e-23,5.519572115868692e-23,3.713568162685302e-24,1.7229602984331003e-25,2.011500471148312e-26,7.273775572969061e-25,4.817333009024206e-24,2.2594216802392616e-23,5.378509507371506e-23,3.138870994881728e-24,1.7209778211767982e-25,2.785151567555047e-26,6.70604312475854e-25,5.181225050518621e-24,2.3445531455337178e-23,5.930207439502525e-23,3.2753361539580447e-24,2.1301649801208616e-25
1.8728182718353727e-26,6.461416221015579e-25,4.3955241365906124e-24,1.4606607124041543e-23,3.282158067585066e-23,2.6956323751649805e-24,1.8714475630292212e-25,2.1131358111336766e-26,5.4456406223945005e-25,4.412350078478643e-24,1.6846043370680098e-23,3.1202517643356187e-23,2.276727160325359e-24,1.3047249658328795e-25,1.766126718898439e-26,5.495190298998899e-25,3.517762093784208e-24,1.2266894095980369e-23,2.975553506229828e-23,6.727673733265738e-23,1.1185477712214193e-25,1.706648923563222e-26,5.119238890987948e-25,3.6796491420046325e-24,1.2783585279017161e-23,4.2839633420107776e-23,2.2769400393594627e-24,2.348659996942261e-26,1.8374948856719834e-26,2.4516270679744924e-25,2.256124114241425e-24,1.1857349831202489e-23,2.459560994787399e-23,3.7625611817642114e-25,1.9112381628125784e-26,1.8159013024027134e-26,3.684211924085283e-25,4.030947540914752e-24,1.5069896164955027e-23,4.153730094715958e-23,2.2258771217231744e-24,2.4792503651036472e-26,0.0,1.176254793345565e-26,1.7214076033825893e-25,1.535871638486006e-24,6.166493581784355e-24,1.4837053517191105e-23,1.2889082456828846e-24,1.8201473981779552e-26,5.214663781953425e-25,4.4830507507469014e-24,1.3864840843350125e-23,3.40273813218371e-23,2.9121553244432563e-24,1.420714080381494e-25,0.0,1.974489824750436e-26,2.1831249685162e-25,1.499894142864572e-24,5.8887311576869185e-24,1.554455861772848e-23,1.2082763186844964e-24,1.8390060020504007e-26,4.758596783245578e-25,4.2164282988368835e-24,1.2866591751198467e-23,6.962366151789725e-24,1.5186550239062708e-23,7.000327764235014e-25,1.617730865459337e-26,4.582936437557077e-25,3.219709166943012e-24,1.5764807170197005e-23,3.1668010725391544e-23,5.991636932482335e-23,1.7540597893502874e-25,0.0,1.2267865285534769e-26,2.610842178496629e-25,2.5902536946387644e-25,1.2461667224857477e-24,4.1470489249728684e-24,8.380739612389393e-27,2.302551261764763e-26,5.0630325668118035e-25,3.3949869694579036e-24,1.3039505927668272e-23,3.0954548459129257e-23,4.043797040012196e-25,2.6430549878051933e-28,0.0,2.2217838015995408e-26,2.518046253059518e-25,1.477473827082271e-24,5.013640792035053e-24,9.896704737994428e-26,7.726322868612147e-27,1.6369172805923766e-26,5.182019541939782e-25,3.2743471388434705e-24,1.4597001559646993e-23,3.867003952924825e-23,2.10513797341033e-24,1.4059181175621632e-25,0.0,1.2194563424872334e-26,2.3561858975139937e-25,1.7921540874056268e-24,5.791256515890681e-24,1.4577809818888456e-23,3.7592312211489136e-26,0.0,2.3168628219050887e-26,1.771250717594938e-25,1.6779179590856897e-24,6.910983821564614e-24,4.72094427902178e-25,3.737510010321793e-26,1.801615610941863e-26,3.581593668962408e-25,3.321769844684275e-24,1.2915300460418206e-23,4.048962836732657e-23,2.2082542591020404e-24,1.7143331255302402e-25,1.6491328537157892e-26,4.788767341346837e-25,3.389332346368792e-24,1.1973410857523658e-23,4.051660517408837e-23,2.468314347185212e-24,1.589841086017913e-25,0.0,1.796826942905149e-26,1.9504251029361134e-25,1.3339921550056707e-24,5.3111668136921506e-24,6.387010617371315e-25,3.7206408979817573e-26,0.0,1.60706344145952e-26,2.3451749037094735e-25,2.0763850786928483e-24,5.9121399077788745e-24,1.517923066876131e-23,1.052261349544551e-24,0.0,1.0300066277783708e-26,2.5606036713175494e-25,1.4538373254494575e-24,7.105424547210265e-24,1.8892493199412676e-23,9.949167071728109e-25,2.446096967654913e-26,1.5645822574585884e-25,1.2492595994880645e-24,5.8936439227367695e-24,2.177184606565629e-23,1.3411077216141684e-24,7.844925431658062e-26,2.031221315882715e-26,4.971187830111206e-25,3.875829165058575e-24,1.306337670721612e-23,4.2707713911588494e-23,2.678255721150177e-24,4.5925211305534504e-27,2.052742503081313e-26,2.5024261054475914e-25,1.2392302750865327e-25,5.651318117811634e-25,2.759001042063849e-24,8.009517954600784e-24,4.3325302061939e-25,0.0,1.467276602493263e-26,2.1547520780793803e-25,1.7825448013522105e-24,7.431860374670576e-24,1.926209903076686e-23,1.2545678081981961e-24,0.0,1.368570567096981e-26,2.4710160302251286e-25,1.626016662902458e-24,5.831938468818385e-24,4.853016432777283e-25,4.152343443303708e-26,3.009622020997398e-26,5.081202305182165e-25,2.9324132584788737e-24,1.5566289146948619e-23,3.9238671620125005e-23,2.656240534757288e-24,1.2148077210469641e-25,1.4360903061619904e-26,4.994227013709945e-25,3.354826363531619e-24,1.612258856682703e-23,3.8370609342197685e-23,2.2393012938757516e-24,1.192597670935046e-25,2.130413196344484e-26,4.783482683016793e-25,3.646374441804685e-24,1.6680893437635104e-23,4.2200756105365673e-23,2.3467848771084976e-24,1.500149764079948e-25
1.3051035128029173e-26,4.579976744246267e-25,3.0863722697509884e-24,1.0446058442936623e-23,2.3431412638428927e-23,1.931879503860136e-24,1.2921738190635992e-25,1.8266550734206173e-26,3.858415095237346e-25,3.1073161682827576e-24,1.2020165079605799e-23,2.2246707296040076e-23,1.6297086505760821e-24,9.144104069466522e-26,1.2426288737451799e-26,3.7623883521031554e-25,2.3886802698658052e-24,8.777339560771531e-24,2.1310802037034498e-23,4.835022899094345e-23,7.68193730739623e-26,1.1893057319823988e-26,3.628615510537501e-25,2.5961149878572553e-24,9.123254843039225e-24,3.0569794014081385e-23,1.6246312661534376e-24,1.678162822220871e-26,1.7370428449195817e-26,1.7460511959946298e-25,1.5864255954014886e-24,8.538580750614607e-24,1.740500221952733e-23,2.6034336857079218e-25,1.3171874697564405e-26,1.3003501420412676e-26,2.4463448675841207e-25,2.804066065007271e-24,1.075035462215823e-23,2.9639641328098636e-23,1.5859960853061558e-24,1.7319389536984078e-26,0.0,1.1437054427312792e-26,1.2492640979760498e-25,1.0748087280588713e-24,4.368578944024691e-24,1.058769403268545e-23,9.219408395190839e-25,1.2805351721281814e-26,3.722182620702119e-25,3.1352759618425093e-24,9.856783697000493e-24,2.418239813844882e-23,2.0968523667775294e-24,9.815988121137998e-26,0.0,1.9278325000733495e-26,1.5914696370517322e-25,1.0439357150987825e-24,4.176222470098392e-24,1.1088683061839808e-23,8.606214211253108e-25,1.601208676495491e-26,3.2133941301681407e-25,2.9451377205219716e-24,9.152737422133726e-24,4.941405376855421e-24,1.0859864436520225e-23,4.99795226260017e-25,1.3812311926413374e-26,3.0417828861480627e-25,2.2454722851530832e-24,1.1243178888772473e-23,2.253851609727537e-23,4.3061559205233885e-23,1.2244531277805996e-25,0.0,1.1444660856601384e-26,1.94858762575689e-25,1.7947226005113798e-25,8.755897763244563e-25,2.940489668963694e-24,5.937998385255755e-27,2.0410712277544963e-26,3.4169026230195804e-25,2.3716744455332642e-24,9.351731860329375e-24,2.2113582620913295e-23,2.7924002883169117e-25,2.571054361279177e-28,0.0,2.169314542708851e-26,1.8635405912248705e-25,1.0147737572118046e-24,3.554953519319488e-24,6.855162959274114e-26,5.351185560027355e-27,1.3976254329930113e-26,3.5188241962208983e-25,2.2740298651659584e-24,1.0374440215490539e-23,2.765281344236385e-23,1.5181033536608902e-24,9.820273781483424e-26,0.0,1.1857116082777746e-26,1.7097587420581358e-25,1.230975025641692e-24,4.129441565369947e-24,1.0403960920147564e-23,2.5667055937334937e-26,0.0,2.2646885812235747e-26,1.2799436170779524e-25,1.1541286247491456e-24,4.9050626114627614e-24,3.3068553053799313e-25,2.5629944838912623e-26,1.568651826491945e-26,2.3508976778495322e-25,2.327499235199328e-24,9.215671062667473e-24,2.878575180745647e-23,1.576870841124604e-24,1.2010702212141332e-25,1.4255663763001315e-26,3.201000229438898e-25,2.3656258649493654e-24,8.55583443068036e-24,2.882949870769566e-23,1.7597201344552128e-24,1.0928906992010212e-25,0.0,1.7498113261343637e-26,1.4395367876310023e-25,9.15158145449554e-25,3.783813690087141e-24,4.471157732372758e-25,2.561043337398938e-26,0.0,1.5625908166690645e-26,1.7195242573871177e-25,1.445973068483468e-24,4.185559345821458e-24,1.0820570618307762e-23,7.517833720267541e-25,0.0,9.566316031910359e-27,1.9146165219486973e-25,1.005370410635334e-24,5.0161683015824104e-24,1.3489255845367078e-23,7.053248323403756e-25,2.4367001850723613e-26,1.1529997972975865e-25,8.562103874586405e-25,4.0960621902708735e-24,1.5540549570288315e-23,9.6814471914188e-25,5.50936045988738e-26,1.4154972328652905e-26,3.3400802254876936e-25,2.6830548474338043e-24,9.326577501416258e-24,3.0456762676228817e-23,1.9084613527917335e-24,3.404443409887123e-27,2.0042360670979278e-26,1.8163831788229938e-25,8.735242067231894e-26,3.9350943665971827e-25,1.961542863235455e-24,5.675761959885228e-24,3.1289535586752906e-25,0.0,1.4242191458981525e-26,1.5612062862871677e-25,1.226804614149681e-24,5.269751611650772e-24,1.3700428315499122e-23,8.88159021028006e-25,0.0,1.271100314258906e-26,1.833001462200539e-25,1.1067149979000316e-24,4.157435870291366e-24,3.35779347951824e-25,2.886458934196255e-26,2.67479873842478e-26,3.3854320755996807e-25,2.016796091256338e-24,1.1196630397401756e-23,2.79750779113012e-23,1.911399074883244e-24,8.467374645768283e-26,1.2248805641625711e-26,3.3469817966805405e-25,2.3355291545556246e-24,1.1516724054748686e-23,2.749116262649008e-23,1.5981145171535652e-24,8.238602775303979e-26,1.8834595448558934e-26,3.366229061092956e-25,2.5750348756003767e-24,1.1859395548879947e-23,3.005173327673298e-23,1.6898577392438325e-24,1.0554955888928427e-25
1.0987309399487989e-26,3.105004932447594e-25,2.1901548165084172e-24,7.514953110041408e-24,1.668582592580333e-23,1.3997886318449725e-24,8.938326619742836e-26,1.713444393156305e-26,2.6142211337425084e-25,2.2120083865069448e-24,8.617254115717913e-24,1.5816557399893672e-23,1.1780963137613945e-24,6.348193617395009e-26,1.0515938438258398e-26,2.427382041376734e-25,1.625134165272072e-24,6.162410753002634e-24,1.515909270329686e-23,3.4686133569361186e-23,5.342572900444473e-26,1.0012439565855246e-26,2.4600275719978685e-25,1.85144632891577e-24,6.541945100122005e-24,2.1756155763163127e-23,1.1712563319502677e-24,1.1788588558260772e-26,1.6960211441874366e-26,1.2660532389351217e-25,1.0810163347266022e-24,5.973453409227476e-24,1.2380551185731416e-23,1.8147917484432325e-25,8.85460380037105e-27,1.1108849509443859e-26,1.749710545831818e-25,1.9662269614344476e-24,7.68335019559565e-24,2.1045043998169475e-23,1.140342222273201e-24,1.1814346995007547e-26,0.0,1.130278001525344e-26,8.896954839541217e-26,7.469286214712061e-25,3.0878455835423256e-24,7.594179874020005e-24,6.5671391998935245e-25,1.0836259766164416e-26,2.547424763651187e-25,2.221595088417192e-24,7.07970471141021e-24,1.7096391880162853e-23,1.5070805986494985e-24,6.797618972154259e-26,0.0,1.908556596893103e-26,1.1397601450639474e-25,7.205984971813576e-25,2.951838741831649e-24,7.948825481670278e-24,6.099246905619735e-25,1.5069835292527025e-26,2.336468258088276e-25,2.0753084818543865e-24,6.535001307891161e-24,3.493085393744342e-24,7.800327157713119e-24,3.5929022871565754e-25,1.2882027303421823e-26,2.175087711930517e-25,1.5795150368838059e-24,8.054659397571346e-24,1.5990002140518686e-23,3.091985042425544e-23,8.477126471849646e-26,0.0,1.1110096144775136e-26,1.4360576041111806e-25,1.2813538145670578e-25,6.150305890249275e-25,2.109908314794277e-24,4.023348143202085e-27,1.936771132963608e-26,2.4829629410610905e-25,1.6712596230042445e-24,6.771912791381771e-24,1.5786956433539144e-23,1.9210791033911649e-25,2.541347550512798e-28,0.0,2.1476373970507262e-26,1.3593279807905696e-25,7.115014010398698e-25,2.521386732347161e-24,4.6054389207670175e-26,3.9649690315560304e-27,1.3034983320749013e-26,2.572274429069548e-25,1.591680543369432e-24,7.471375309388648e-24,1.9764765024481097e-23,1.099696428151094e-24,6.797610003033982e-26,0.0,1.1717910403262112e-26,1.2175870544240586e-25,8.359050501874156e-25,2.9666756498183266e-24,7.387616145777147e-24,1.7890059345547822e-26,0.0,2.2431246781868935e-26,9.064374213576963e-26,8.105501562898153e-25,3.486117327154933e-24,2.324804574176435e-25,1.7952652028676415e-26,1.4763419572368063e-26,1.662648234712553e-25,1.6460691072151782e-24,6.6036853309800035e-24,2.039594059583037e-23,1.1367840535001525e-24,8.335080034525659e-26,1.3372177806565748e-26,2.3044694861473885e-25,1.665317537421788e-24,6.127442930449668e-24,2.0427794583550642e-23,1.2658365287273987e-24,7.443799403664916e-26,0.0,1.7304054413646738e-26,1.0465671185616612e-25,6.411288957969787e-25,2.7013700043263242e-24,3.085001410191814e-25,1.8030929760426884e-26,0.0,1.5442447274243825e-26,1.2403312421958859e-25,9.988731147583791e-25,2.956092547728043e-24,7.750392141321808e-24,5.3605146650876e-25,0.0,9.2685879117247e-27,1.4109534168490797e-25,6.885774360556249e-25,3.587144255570263e-24,9.641619099728888e-24,5.027033686059119e-25,2.432790196233623e-26,8.181109555071923e-26,5.697062453202769e-25,2.8611342681393808e-24,1.1063764678669816e-23,6.769833269542354e-25,3.880906400853734e-26,1.1916720622121142e-26,2.41672720909327e-25,1.870885762207662e-24,6.672552964204479e-24,2.1615012130219475e-23,1.3723079653813698e-24,2.567148971361987e-27,1.9841962261752267e-26,1.3371125603746063e-25,5.766418908451536e-26,2.8039281849305905e-25,1.3780909909201227e-24,4.0247685275415494e-24,2.2693404911273346e-25,0.0,1.406467784109206e-26,1.1096802090974114e-25,8.351484711847582e-25,3.72406061255514e-24,9.78261303933517e-24,6.328934713028214e-25,0.0,1.2315503068110473e-26,1.341183250681911e-25,7.7036723033863e-25,2.9836172363268943e-24,2.3565774284232906e-25,2.0530815800694968e-26,2.5411147451955387e-26,2.429432025876525e-25,1.3953553509049256e-24,8.0277940934078e-24,1.9917722666593893e-23,1.376312453991662e-24,5.811822427951892e-26,1.1418321462134291e-26,2.4156784380818194e-25,1.639202392028555e-24,8.244592927551169e-24,1.9550473046722537e-23,1.1504709940674791e-24,5.627333389793938e-26,1.785050732288161e-26,2.2596517095901944e-25,1.839417512993409e-24,8.518600550933277e-24,2.129787943560613e-23,1.2147790683934437e-24,7.383134310625186e-26
1.0179811254626042e-26,2.2479997254536747e-25,1.5113903909835733e-24,5.253401328227444e-24,1.1881829753380046e-23,1.0231530417331239e-24,6.161420086918411e-26,1.6673420773834653e-26,1.8914961497534462e-25,1.5325079554969965e-24,6.07768067752846e-24,1.1240833195609245e-23,8.582192394845383e-25,4.3613371709867724e-26,9.766988786212276e-27,1.6702989851838673e-25,1.1281288318529313e-24,4.3197044500655715e-24,1.0770579635103419e-23,2.4800404888907626e-23,3.7467446319921943e-26,9.276588223510289e-27,1.7810410707216689e-25,1.2854495359113752e-24,4.615285247670473e-24,1.5480865537546684e-23,8.51002778682887e-25,8.551771731594966e-27,1.6790734418421023e-26,9.00750549351893e-26,7.379963123105481e-25,4.161401620736121e-24,8.805602085493478e-24,1.2813510807658578e-25,6.125731583465207e-27,1.0363417797212157e-26,1.274570723873924e-25,1.3348209670732268e-24,5.3899048468800285e-24,1.4916735004129826e-23,7.984702370808509e-25,8.291442716677462e-27,0.0,1.1247066350882679e-26,6.037911200827835e-26,5.1695594261940395e-25,2.1890400395469386e-24,5.389828154966079e-24,4.730098841120911e-25,1.006429303488112e-26,1.8616146599487017e-25,1.5331484847664053e-24,4.954676015089883e-24,1.214585251894938e-23,1.0983908283158242e-24,4.691137114090684e-26,0.0,1.9005535554236495e-26,7.794254047964537e-26,4.946313799266942e-25,2.0912973051342282e-24,5.636897640254429e-24,4.367532052603265e-25,1.4685662928561283e-26,1.733175092965614e-25,1.4180713846230826e-24,4.58450090057546e-24,2.474816001909784e-24,5.556586977093947e-24,2.585789278643239e-25,1.250398000919214e-26,1.584254381444562e-25,1.0768527184350022e-24,5.675581836871466e-24,1.1335425021132164e-23,2.211099798945268e-23,5.812346643616431e-26,0.0,1.0972158961646606e-26,1.0202988085861527e-25,9.027295183430644e-26,4.361416430615079e-25,1.5168880715469482e-24,2.9111827956429582e-27,1.89412003780422e-26,1.8406367663679406e-25,1.1419360056773867e-24,4.7833612211955135e-24,1.1300705824110812e-23,1.3183174894338096e-25,2.5290206581141147e-28,0.0,2.138637378989412e-26,9.52705826971953e-26,4.873722575593344e-25,1.8035253590653012e-24,3.172707347382052e-26,2.9878263623867584e-27,1.2652470809252771e-26,1.9192331491011901e-25,1.1416920570276355e-24,5.2565078114244576e-24,1.4167786302767425e-23,7.744411152099789e-25,4.6576509491516765e-26,0.0,1.1660150637437972e-26,8.262943505444372e-26,5.622887641820985e-25,2.116105010561022e-24,5.225453510622596e-24,1.2168372741499091e-26,0.0,2.234170163712226e-26,6.103306173508171e-26,5.563974151407064e-25,2.5005614411598797e-24,1.640307447144632e-25,1.2288599841134882e-26,1.4387056183571754e-26,1.19618471971994e-25,1.1301233288525643e-24,4.783784530894536e-24,1.4436868018594105e-23,8.255347840953114e-25,5.725947560077952e-26,1.3012399115133624e-26,1.6908823244708157e-25,1.1363947748291748e-24,4.309625830541158e-24,1.4580890689579013e-23,8.867719440136245e-25,5.191372368016307e-26,0.0,1.7223515927716548e-26,7.302654097780262e-26,4.388457545985834e-25,1.9477841079967536e-24,2.0972058983265687e-25,1.2417604267220885e-26,0.0,1.536632497719077e-26,8.564869537597757e-26,6.863110162347214e-25,2.0936424320354273e-24,5.525405988613176e-24,3.824059872783209e-25,0.0,9.145923616669603e-27,1.0011419129571037e-25,4.681837776216484e-25,2.5543393063911636e-24,6.842146113373803e-24,3.607782080431595e-25,2.431161960821183e-26,5.453074187999961e-26,3.887474310407687e-25,1.97265680239097e-24,7.89225278247331e-24,4.6910834860234165e-25,2.7640672464346156e-26,1.1040932637809439e-26,1.7831224404326999e-25,1.3362350153958464e-24,4.6869469271953665e-24,1.531387473162048e-23,9.935580894012396e-25,1.9095256038627533e-27,1.9758760101779865e-26,9.658223668457772e-26,3.4280977743585916e-26,1.961059077090527e-25,9.609192484211083e-25,2.8687965675176032e-24,1.6001282324160592e-25,0.0,1.3991042384203536e-26,7.510993694184187e-26,5.635271856812843e-25,2.637544618874693e-24,6.946306100238555e-24,4.543011211840459e-25,0.0,1.215255615843422e-26,9.439797701871033e-26,5.476470557530466e-25,2.1248221347386014e-24,1.6700393260576596e-25,1.432971064160835e-26,2.486424488961598e-26,1.7762248278808129e-25,9.87886520503927e-25,5.63365901619054e-24,1.4210472642754168e-23,9.596373118490921e-25,4.072555778801857e-26,1.1080889931126203e-26,1.7774514569247423e-25,1.1141830597246768e-24,5.795732431691222e-24,1.3983846423140008e-23,8.065392147765455e-25,3.9317790585296187e-26,1.7448263211868805e-26,1.6198660378621133e-25,1.2802264144102142e-24,5.962125066194949e-24,1.5174113557058367e-23,8.855749048637157e-25,5.1285675834855274e-26
9.852448759434182e-27,1.6501220187959627e-25,1.04789791678331e-24,3.6572663456916094e-24,8.521217387043395e-24,7.30377109810329e-25,4.2382873872751237e-26,1.648318334874636e-26,1.3874472028687792e-25,1.0674574931609614e-24,4.245522253476577e-24,8.043163606126166e-24,6.097248419470379e-25,2.9722606163651024e-26,9.463091299124391e-27,1.155970329754718e-25,7.633159599029689e-25,3.0244091158677855e-24,7.633505852923177e-24,1.7811153490886362e-23,2.663889347331552e-26,8.978271585810193e-27,1.3073556258448847e-25,8.975609891804004e-25,3.225092887289088e-24,1.1092586188524857e-23,6.2633669491089895e-25,6.141576290815697e-27,1.672037016031499e-26,6.104830716404219e-26,5.2479124868318365e-25,2.898368021547759e-24,6.196685748888342e-24,8.802345695754985e-26,4.144939095020884e-27,1.0060461282394311e-26,9.11967684503272e-26,9.071323916286894e-25,3.73743264299761e-24,1.05243026530564e-23,5.53544732646524e-25,5.718148757234e-27,0.0,1.122389295033247e-26,3.773517964530275e-26,3.5972055425543577e-25,1.5746274998783728e-24,3.814477340686046e-24,3.41945914275939e-25,9.751058329140794e-27,1.380807692697799e-25,1.0638888353881647e-24,3.458683244151881e-24,8.625264620450125e-24,7.990943581327789e-25,3.225680903021434e-26,0.0,1.8972239174599274e-26,4.927154910406759e-26,3.408195109534792e-25,1.4670646627017071e-24,3.985220201103287e-24,3.1358943174873796e-25,1.452705507139024e-26,1.2681351451041782e-25,9.713302255467218e-25,3.181036218722038e-24,1.7785582222693258e-24,3.943212867027184e-24,1.8655708954346446e-25,1.2348121987062323e-26,1.1334868205784286e-25,7.356106375294029e-25,3.959949626862047e-24,8.087065042004406e-24,1.584394660224417e-23,3.959418286800065e-26,0.0,1.0914939437449373e-26,6.818092343538812e-26,6.069128089128998e-26,3.0062244695226946e-25,1.0736303424774718e-24,2.13552834503375e-27,1.8764889005277647e-26,1.3456830017155169e-25,7.821241706420294e-25,3.330231373018292e-24,8.09355031322198e-24,9.10038796934221e-26,2.5238932972989145e-28,0.0,2.1348929488879797e-26,6.243183342415865e-26,3.3161100826174326e-25,1.2543776242065243e-24,2.133873746321176e-26,2.2199002031292367e-27,1.2494771801394822e-26,1.4142230174826223e-25,8.05745358122055e-25,3.646779052806916e-24,1.0058336182777733e-23,5.397683360434549e-25,3.16948204959651e-26,0.0,1.1636126186511365e-26,5.164037242959773e-26,3.780904697995505e-25,1.486986481592914e-24,3.699669894444705e-24,8.512405034128048e-27,0.0,2.2304444016262445e-26,3.7689873802875913e-26,3.7956444637577506e-25,1.7458911907953512e-24,1.1704586789520777e-25,8.657339254080939e-27,1.4231672317829104e-26,8.427344573198998e-26,7.785132235525183e-25,3.383336193087312e-24,1.028158646611565e-23,5.841585360858717e-25,3.908357951438503e-26,1.286393932305821e-26,1.220740748418795e-25,7.771160136617488e-25,2.9980198330080403e-24,1.0438538261906973e-23,6.15098268752589e-25,3.542713585029634e-26,0.0,1.7190013670953427e-26,4.7549527986491935e-26,2.983671222589237e-25,1.3690732043526444e-24,1.4098474288872922e-25,8.810075904372102e-27,0.0,1.5334662864089924e-26,5.492792332980038e-26,4.734522679547459e-25,1.504380442262775e-24,3.9186166205822556e-24,2.751651576498014e-25,0.0,9.095054654902829e-27,6.673056818561331e-26,3.189611942334883e-25,1.7948251257876422e-24,4.8574260747956706e-24,2.591851617425163e-25,2.430483690268032e-26,3.291924240012272e-26,2.5862898466091686e-25,1.3604650306575997e-24,5.611355229491864e-24,3.2846457177586033e-25,1.9163275173075646e-26,1.0685885021674331e-26,1.2961582653170385e-25,9.378996682069289e-25,3.2552915190603326e-24,1.0912567815456955e-23,7.002727157639689e-25,1.3700700642488557e-27,1.9724144128389533e-26,6.668615309028984e-26,2.632242421091109e-26,1.4145887595253982e-25,6.687080415492859e-25,2.054059683526211e-24,1.1213426197652828e-25,0.0,1.396041798386204e-26,4.675653375835563e-26,3.803614477240585e-25,1.8493272491727206e-24,4.939065639989917e-24,3.2646644969321124e-25,0.0,1.2084981888434251e-26,6.224338472779526e-26,3.814588948270135e-25,1.4900349593104907e-24,1.149812515749979e-25,1.0313429712712944e-26,2.4638124737966885e-26,1.2767021975848388e-25,6.857619591899632e-25,3.9016102042463665e-24,1.0030090363230377e-23,6.599873731520886e-25,2.789037328755864e-26,1.0941787130667975e-26,1.2876767437051968e-25,7.583217292590812e-25,4.0293076890795344e-24,1.0024799717810478e-23,5.598814252793708e-25,2.687080438412399e-26,1.7282014382283504e-26,1.1758489477405752e-25,8.966218083884583e-25,4.162323906188466e-24,1.0812433473802256e-23,6.206240328456603e-25,3.550203350802153e-26
9.717626724140226e-27,1.1876888995541928e-25,6.99989048960436e-25,2.5454245441957978e-24,6.087650260824027e-24,5.107363907192787e-25,2.934048301341789e-26,1.6404239900323897e-26,9.977335761011406e-26,7.174295620031942e-25,2.9563558749799612e-24,5.7304200445793634e-24,4.23690046865097e-25,2.0295558636084426e-26,9.337884857964739e-27,7.710123580522359e-26,5.308603871028989e-25,2.127075313806413e-24,5.431175436545709e-24,1.2712305566685812e-23,1.8465798481581803e-26,8.855411890983238e-27,9.409799682087926e-26,6.051725102034997e-25,2.2467228369034976e-24,7.916289129674649e-24,4.418907050629457e-25,4.2328818371777454e-27,1.6691095325050817e-26,3.807824832566573e-26,3.708295226092819e-25,2.0368688900222634e-24,4.3650060882928694e-24,6.075172233171648e-26,3.026486429399633e-27,9.935555795655167e-27,6.228690761576481e-26,6.419192822895775e-25,2.5784592403861826e-24,7.425564673329365e-24,3.854276071184025e-25,3.732645915530258e-27,0.0,1.1214244419941924e-26,2.0518669497881116e-26,2.5609571861468524e-25,1.1072407196723158e-24,2.7201982933244053e-24,2.4006504537574417e-25,9.622005343929729e-27,1.0067717963722203e-25,7.1183371454506315e-25,2.4166568516063495e-24,6.1315055171088e-24,5.631726551483204e-25,2.2298114523267322e-26,0.0,1.8958374298793052e-26,2.73131082639347e-26,2.399749966684548e-25,1.01788237709954e-24,2.8384924775558377e-24,2.182157940745506e-25,1.446122262415716e-26,8.925633908043857e-26,6.931771169892288e-25,2.196993952305148e-24,1.2490933267446543e-24,2.8081206933097196e-24,1.3057351086729505e-25,1.228346963127893e-26,7.741449558693649e-26,5.234446444237959e-25,2.7535050134515094e-24,5.741420225125249e-24,1.1295766042863846e-23,2.705102530335396e-26,0.0,1.0891142118705097e-26,4.1338693727826386e-26,4.3574875174478296e-26,2.0814048976629937e-25,7.435576135114331e-25,1.5358086699205541e-27,1.8691669253384935e-26,9.461344048361952e-26,5.58097852211356e-25,2.3038821769192634e-24,5.750301493158724e-24,6.428096463423235e-26,3.5893596562361317e-06,0.0,2.1333337379818473e-26,3.6703958608506676e-26,2.2910545077383977e-25,8.794790784993102e-25,1.5386118728868158e-26,1.5898094605319674e-27,1.2429355757368159e-26,1.0047175495235975e-25,5.870361707628354e-25,2.513768216887324e-24,7.124513176481708e-24,3.7792730874693067e-25,2.16243001809798e-26,0.0,1.1626123310807014e-26,2.807951868631074e-26,2.588871465265162e-25,1.0304534004531376e-24,2.624610603700974e-24,5.8467111212308804e-27,0.0,2.2288929183980228e-26,2.007673435097559e-26,2.6302876052122037e-25,1.2297399018924633e-24,8.133369249536806e-26,5.999233031092535e-27,1.416717803573537e-26,5.634880398661413e-26,5.5894648279214955e-25,2.3748297066820584e-24,7.283995003562269e-24,4.0384963133380267e-25,2.676532970489533e-26,1.2802332464558257e-26,8.439553271176089e-26,5.53603625947609e-25,2.0765000336935657e-24,7.424104123262038e-24,4.285560786600756e-25,2.4030634641024136e-26,0.0,1.7176064023293062e-26,2.766897059401282e-26,2.0597004396932663e-25,9.4298523509572e-25,9.465276949669749e-26,6.155170069541211e-27,0.0,1.5321479954233887e-26,3.1184211742854687e-26,3.3381014689800773e-25,1.0563966927482108e-24,2.7969951933682263e-24,1.927744994590927e-25,0.0,9.073901122425846e-27,4.0284059886895056e-26,2.217215781323281e-25,1.2449666440412448e-24,3.456772147582395e-24,1.8029013688702352e-25,2.4302011054661457e-26,1.6778744716106964e-26,1.8537047783252934e-25,9.284438393984464e-25,3.978099216564923e-24,2.3067685566933243e-25,1.335933040469595e-26,1.0539661022589354e-26,9.043558381701113e-26,6.792632711880001e-25,2.2503057926921453e-24,7.734460960925577e-24,4.9316918798793355e-25,9.23922290698802e-28,1.9709729763307602e-26,4.271453299585624e-26,2.3316160735655262e-26,1.009178721164176e-25,4.689865231292787e-25,1.4870164017802443e-24,7.756167554070191e-26,0.0,1.3947667719835844e-26,2.5253872651014617e-26,2.615857172148511e-25,1.28219912348013e-24,3.52280050539555e-24,2.2716141796097105e-25,0.0,1.2056881546020802e-26,3.695601482481245e-26,2.6815647977539834e-25,1.0298950891889282e-24,7.84258500683012e-26,7.338535113108389e-27,2.4544212854639543e-26,8.77385214365585e-26,4.907167813674184e-25,2.6854482972824417e-24,7.054823077431406e-24,4.546082600867633e-25,1.8978593179960686e-26,1.0884086948323422e-26,8.943770094413487e-26,5.374792537066059e-25,2.7886648510156625e-24,7.137592016460752e-24,3.904238972540209e-25,1.8252385494165071e-26,1.721297891220225e-26,8.345436941567665e-26,6.070161399514202e-25,2.908619134559173e-24,7.625859151161574e-24,4.292833573935591e-25,2.4725723466138232e-26
9.661725008804082e-27,8.161074823299723e-26,4.777608825766589e-25,1.7874362636864753e-24,4.324949929560587e-24,3.5883404492767483e-25,2.0796351564961754e-26,1.6371402724829182e-26,6.847443025872513e-26,4.931086946827801e-25,2.073727966686245e-24,4.057772533683647e-24,2.95577119975161e-25,1.4146343188964387e-26,9.285961603279055e-27,4.752481359949452e-26,3.6192555820760854e-25,1.4836248739979062e-24,3.862801364972579e-24,9.085739394011922e-24,1.2881722435941327e-26,8.804470161231514e-27,6.465841291553003e-26,4.1746367222023835e-25,1.5767304416110696e-24,5.616913814423305e-24,3.1079150998274475e-25,3.1176959480123015e-27,1.667890504744306e-26,2.0636117710137157e-26,2.514844928384095e-25,1.4280125178967075e-24,3.0724414230679313e-24,4.3747047504498777e-26,2.255089930402371e-27,9.883742119658817e-27,3.9301415077572346e-26,4.50909448282061e-25,1.7886439895453805e-24,5.287218284123379e-24,2.668746451802602e-25,2.600901512572371e-27,0.0,1.1210225423454898e-26,1.4881161994001315e-26,1.7891681105244772e-25,7.679726429238678e-25,1.9453910542492876e-24,1.6664275119461019e-25,9.568486995146313e-27,7.03972111093916e-26,4.868497703911565e-25,1.666060930338539e-24,4.344967983488194e-24,3.8746162279675574e-25,1.5771595323033507e-26,0.0,1.895259876298999e-26,2.006178240359586e-26,1.6532808081378658e-25,6.98655207566731e-25,2.0270622472888913e-24,1.4981852891017767e-25,1.4433836562796426e-26,5.885306651834605e-26,4.9192312488071105e-25,1.52620461741877e-24,8.650040780217505e-25,2.007522872204163e-24,9.110026048495368e-26,1.2256581234211315e-26,4.884590423996844e-26,3.7017825307225014e-25,1.928140640311241e-24,4.048249747720739e-24,8.054323644018599e-24,1.887252140070966e-26,0.0,1.0881234234101793e-26,2.1239114229273327e-26,3.168619131011775e-26,1.3878994920183116e-25,5.112644353407629e-25,1.054140266473277e-27,1.8661203266501256e-26,6.228963962909621e-26,3.9601195818656246e-25,1.6017831581000218e-24,4.1102715680720635e-24,4.450178889102655e-26,1.7953407936432364e-05,0.0,2.1326842348790835e-26,2.798898251403129e-26,1.5357270336990876e-25,6.212925151876604e-25,1.112643309627545e-26,1.0720284483298857e-27,1.240214974525881e-26,6.71375348756303e-26,4.240184336720718e-25,1.740803619915759e-24,5.087385595015325e-24,2.6334432353128714e-25,1.5062096915490328e-26,0.0,1.16219567154062e-26,2.0364589556242808e-26,1.72030656870296e-25,7.050513476004829e-25,1.879824462517292e-24,3.79481622379486e-27,0.0,2.2282466263655927e-26,1.4361559288311993e-26,1.7701037807662141e-25,8.734385793485318e-25,5.68483575170456e-26,3.9425110332092326e-27,1.4140348646546842e-26,3.4432251107957847e-26,3.9955671660073345e-25,1.6394055975634347e-24,5.198712762452603e-24,2.7988063854605186e-25,1.8725668036184603e-26,1.2776706583967681e-26,5.42182914041436e-26,3.9203709105235005e-25,1.4471684641040754e-24,5.2398622233738365e-24,2.969611955097769e-25,1.6555597136221607e-26,0.0,1.717025334128022e-26,2.09642889670423e-26,1.3792313038917728e-25,6.620602468438296e-25,6.46713853875875e-26,4.0863157286308715e-27,0.0,1.5315988748264235e-26,2.3261422182471345e-26,2.3036825149658486e-25,7.314598936866206e-25,2.0008919867222255e-24,1.3370317318172968e-25,0.0,9.065094419355435e-27,2.0532548504357483e-26,1.5026478662613196e-25,8.532813623794211e-25,2.4589923891965668e-24,1.2366573569938063e-25,2.430083366647407e-26,1.164374909556176e-26,1.3536989962450627e-25,6.481321738469697e-25,2.8283112123758256e-24,1.6257159192617543e-25,8.988762979665002e-27,1.0479031666657761e-26,5.888290853558755e-26,4.8708165140731405e-25,1.5646950808121989e-24,5.522226740235287e-24,3.453431694298207e-25,5.265857820017263e-28,1.970372533292e-26,2.4186778058652694e-26,2.2117335730121553e-26,6.902440326852595e-26,3.1865129627411286e-25,1.0510113437159055e-24,5.439548500691668e-26,0.0,1.3942356829058047e-26,1.823369595295187e-26,1.7482535282341358e-25,8.792597194865457e-25,2.5131945298074548e-24,1.5586614655217317e-25,0.0,1.20451827233867e-26,2.835406417965667e-26,1.8273917752570057e-25,7.0239637371105e-25,5.424589887928917e-26,5.001053011256511e-27,2.450513582799732e-26,5.587119585788365e-26,3.4673997129144353e-25,1.8569880463706795e-24,4.996610956762204e-24,3.104109651279422e-25,1.311648224840354e-26,1.0860090226139301e-26,5.78500482028735e-26,3.78285965975934e-25,1.9417452900722215e-24,5.0428877408194e-24,2.708166460764651e-25,1.2592966410560332e-26,1.718425491001202e-26,5.625160223182829e-26,4.207019000424379e-25,2.005492178129393e-24,5.385956150718849e-24,2.993434604336692e-25,1.7627964158993803e-26
9.638480219897184e-27,5.190261757023236e-26,3.1705360202731972e-25,1.2519986980021277e-24,3.061008017177843e-24,2.520802134518782e-25,1.4562006904057532e-26,1.635773027809781e-26,4.346911000322784e-26,3.3023973601607156e-25,1.4493110195353465e-24,2.8605414193976933e-24,2.05967943399278e-25,9.628951696341704e-27,9.264369638791533e-27,2.542080300827393e-26,2.324572853665588e-25,1.020002167853305e-24,2.75176138965543e-24,6.451974286682289e-24,8.6797146929232e-27,8.783287810251543e-27,4.112131001143005e-26,2.80893942198726e-25,1.1026158387643566e-24,3.969291588491592e-24,2.1798193024532803e-25,2.33231773967598e-27,1.667382707941535e-26,1.4933137665273368e-26,1.8234513063973147e-25,9.953293368448036e-25,2.1706323582530913e-24,3.139842616625399e-26,1.656382688587595e-27,9.862193066606799e-27,2.1718254882520757e-26,3.0335029435641367e-25,1.2331740028913273e-24,3.7918941257641664e-24,1.8315136484625099e-25,1.8273217870019737e-27,0.0,1.1208551054173675e-26,1.2798873852184969e-26,1.2889503889683861e-25,5.293082488097488e-25,1.3988764154825146e-24,1.1610386969764691e-25,9.546231733220556e-27,4.593346795509526e-26,3.239980108560718e-25,1.1551896028757009e-24,3.070827265786835e-24,2.6900091449425423e-25,1.0944006183973995e-26,0.0,1.8950192549423238e-26,1.7369914750549638e-26,1.1729954930205788e-25,4.76248080602944e-25,1.4551494407739387e-24,1.0301916480263795e-25,1.442243336448403e-26,3.494304897154829e-26,3.355334794836332e-25,1.0541514342285704e-24,5.950641845987443e-25,1.4507113620421084e-24,6.30437790096983e-26,1.2245386430660367e-26,2.699244368021015e-26,2.5131718909260316e-25,1.3447737285141706e-24,2.8890017987925647e-24,5.7613197631746675e-24,1.2855061565236416e-26,0.0,1.0877107279557617e-26,1.4821515592859336e-26,2.2538705579369783e-26,9.453946264578056e-26,3.549329530594762e-25,6.693021414451872e-28,1.8648516439166324e-26,3.6893475281885866e-26,2.700667336463049e-25,1.106793922063213e-24,2.9563998109884515e-24,3.175371872785426e-26,9.172058415373318e-05,0.0,2.132413637771703e-26,2.470582782149713e-26,1.0555291362675796e-25,4.259455162188049e-25,7.89346774451879e-27,6.558931779650444e-28,1.2390822704258693e-26,4.0705439915155087e-26,2.948526536054645e-25,1.1972567897563344e-24,3.6576522116662134e-24,1.821037750655904e-25,1.0237925189437382e-26,0.0,1.1620220854384329e-26,1.7514982480457677e-26,1.1720501248890423e-25,4.7834544250856995e-25,1.361857115460073e-24,2.628643400456189e-27,0.0,2.2279773656771954e-26,1.2262117069074853e-26,1.2220919102612023e-25,6.03049489418528e-25,3.8379155145372165e-26,2.7661478207841127e-27,1.4129177239306922e-26,1.800908745547488e-26,2.751822476269565e-25,1.1369433687290623e-24,3.736151006896166e-24,1.9339214028447248e-25,1.2914289406219205e-26,1.276603671076751e-26,3.086912150221129e-26,2.6663999352165865e-25,1.003432651798062e-24,3.741654122590349e-24,2.0398764700568612e-25,1.1062306485511755e-26,0.0,1.7167832513910112e-26,1.8444783400638834e-26,9.46875750965471e-26,4.543147628074989e-25,4.270582203874674e-26,2.8950499659582532e-27,0.0,1.531370103625206e-26,2.0302347274868452e-26,1.6375337026783526e-25,5.03091483568584e-25,1.4387284100238454e-24,9.313921862659108e-26,0.0,9.061426221686336e-27,1.4248732032918826e-26,1.0468624465818323e-25,5.802892922917324e-25,1.7547349137400394e-24,8.492485247664528e-26,2.430034309648057e-26,9.78024601367754e-27,9.716848380292083e-26,4.423265996629786e-25,2.040565085002471e-24,1.1587699603718352e-25,6.1861199128251544e-27,1.0453821051400467e-26,3.426324534332706e-26,3.3542533052148205e-25,1.0818871028717447e-24,3.9700469055553715e-24,2.401969734896237e-25,3.7631564261631264e-28,1.9701223756901416e-26,1.8011476044147667e-26,2.162716293074608e-26,5.029179102392933e-26,2.1681853316848945e-25,7.371988101152864e-25,3.852411776470097e-26,0.0,1.3940144256378607e-26,1.5645300338173937e-26,1.1989235044240451e-25,5.986541993754033e-25,1.7996636450546508e-24,1.07074355598849e-25,0.0,1.204030988988838e-26,2.510576063391677e-26,1.276706002232549e-25,4.746415672804577e-25,3.637836202389912e-26,3.6393445717461704e-27,2.4488862921886707e-26,3.1351206813258983e-26,2.3408202056039553e-25,1.2750860910272395e-24,3.5583829102060186e-24,2.170956571218421e-25,8.797791517737973e-27,1.0850099407947903e-26,3.3304769631380885e-26,2.5516718904406896e-25,1.3448854326733527e-24,3.604853537653848e-24,1.8626184612591857e-25,8.429543067518747e-27,1.7172293655108154e-26,3.475493938923372e-26,2.84794241546187e-25,1.3907602906669985e-24,3.8029224357251764e-24,2.089778093861768e-25,1.2342252503814388e-26
9.62880315376986e-27,2.904452713458436e-26,2.265071239315369e-25,8.716932286639217e-25,2.171763698808616e-24,1.773867238522283e-25,1.056142620695429e-26,1.6352035111009182e-26,2.4251610375371795e-26,2.380543117069155e-25,1.0058857028511376e-24,2.020027141704242e-24,1.4358016375588498e-25,6.744120091563406e-27,9.255380404450348e-27,1.8235218569138985e-26,1.5927094126801705e-25,7.160464452364517e-25,1.979226376060982e-24,4.586724485585934e-24,5.984287241119503e-27,8.774469360147026e-27,2.301134432840315e-26,2.0341226532311358e-25,7.658171232887119e-25,2.8109088760306687e-24,1.5302462490883684e-25,1.7170651645221255e-27,1.667171148758242e-26,1.282852346250871e-26,1.3418361716075047e-25,6.916738075595983e-25,1.5566083731714174e-24,2.17427847169345e-26,1.1691304450843652e-27,9.853221235233237e-27,1.5919715392485834e-26,2.18209091166024e-25,8.416221747426774e-25,2.6993816136284613e-24,1.2489906675875492e-25,1.2435420580768286e-27,0.0,1.1207853437214201e-26,1.1977551235390646e-26,9.18181227401191e-26,3.6652622461689295e-25,1.0060569960702832e-24,8.276991712435067e-26,9.536966354999292e-27,2.680442455474036e-26,2.321212160014396e-25,7.992937428944828e-25,2.1768135163007795e-24,1.8806692987073168e-25,7.83190270483902e-27,0.0,1.894919000552121e-26,1.630551122422978e-26,8.199908005515363e-26,3.2556086479450645e-25,1.0292773945920861e-24,7.235019899042321e-26,1.4417683361817045e-26,2.680963143680004e-26,2.446715866886507e-25,7.21092238922793e-25,4.1115618443208312e-25,1.056961846596933e-24,4.3210368623560463e-26,1.2240723438768862e-26,1.9785672801487246e-26,1.8242056815980663e-25,9.309689432726725e-25,2.0520224843024835e-24,4.081871702618418e-24,9.008077558421244e-27,0.0,1.0875387946189765e-26,1.2487312355521836e-26,1.5238551948229984e-26,6.257920544761526e-26,2.4660034393120303e-25,3.735096231688594e-28,1.8643231534350832e-26,2.826349393081921e-26,1.9689908804347563e-25,7.572387361613263e-25,2.11084500691004e-24,2.2359964334044993e-26,0.0004355361360915983,0.0,2.132300894043878e-26,2.3398278168714692e-26,7.082674369948808e-26,2.890910489877394e-25,5.3628760767453094e-27,3.3668856358573575e-28,1.2386104631164684e-26,2.091360132107601e-26,1.91578458745612e-25,8.144785575066693e-25,2.6104884721129647e-24,1.253297891910379e-25,7.157167748423382e-27,0.0,1.1619497617221595e-26,1.6391004993896003e-26,7.781381610889597e-26,3.2501255536040986e-25,9.928836176490915e-25,1.834068252092447e-27,0.0,2.2278651785255104e-26,1.1436287094666066e-26,8.247862448028387e-26,4.1288782570644126e-25,2.6513358688746333e-26,1.959080859500783e-27,1.4124523789228135e-26,1.2723248424624528e-26,2.0257124168018357e-25,7.865837441905461e-25,2.6661591034061784e-24,1.334147648888139e-25,9.213221049984773e-27,1.2761592245726794e-26,2.3068362418873724e-26,1.9388853301081073e-25,6.896584517227597e-25,2.6588265946413142e-24,1.3926589586489318e-25,7.57748382573904e-27,0.0,1.7166823886209932e-26,1.7442578253804977e-26,6.344216574862245e-26,3.099330310635566e-25,2.882700748958886e-26,2.0561695240016403e-27,0.0,1.5312747873343372e-26,1.9128789558992412e-26,1.1474115893960646e-25,3.4750839072695774e-25,1.0344720435843887e-24,6.452397806403385e-26,0.0,9.059898025078306e-27,1.1968318896775268e-26,7.152562566574131e-26,3.9546102967573083e-25,1.2310722677847144e-24,5.777743544775505e-26,2.4300138693778054e-26,9.051716677338733e-27,6.665828339144513e-26,2.9985760863083025e-25,1.4400883351141847e-24,8.042883670365699e-26,4.149759024401956e-27,1.044332558955383e-26,2.59603707072454e-26,2.466182744596957e-25,7.410121957765674e-25,2.8340392334382393e-24,1.6652684415297026e-25,3.1307385086089054e-28,1.970018148043122e-26,1.5706592537418976e-26,2.142454537230343e-26,3.728015819319142e-26,1.5368996055710228e-25,5.08474550650025e-25,2.6509663887639735e-26,0.0,1.3939222402914597e-26,1.4625253197815305e-26,8.027755444757024e-26,4.086504631956061e-25,1.26815105694713e-24,7.287486047008208e-26,0.0,1.2038279833557927e-26,2.3810606787483742e-26,8.735123755362419e-26,3.209387563455068e-25,2.5006534582713118e-26,2.690403906864386e-27,2.448208413953569e-26,2.3210822166787e-26,1.6876493324876509e-25,8.657357541788829e-25,2.5641074043497415e-24,1.4867595431080562e-25,6.0517818953921606e-27,1.0845937923988291e-26,2.5064937305342482e-26,1.840334351457144e-25,9.230897208992042e-25,2.564737654700151e-24,1.2735907709850966e-25,5.7855918813284406e-27,1.7167311027950653e-26,1.8517931779793316e-26,2.0745623389496887e-25,9.624733011959866e-25,2.6966676549001673e-24,1.461671433899728e-25,8.914059104938377e-27
9.624772477359844e-27,2.146493685752446e-26,1.647190945279642e-25,6.049602295476681e-25,1.5632991476390175e-24,1.2610322831862458e-25,7.595540204444054e-27,1.6349662417381294e-26,1.7887624763329467e-26,1.748496201382453e-25,6.952645261313187e-25,1.4463158858823352e-24,1.0107595266971845e-25,4.642280919917779e-27,9.251636177906906e-27,1.5592686814627085e-26,1.0969989807673131e-25,4.913148239006549e-25,1.4224409035406656e-24,3.2707196130289415e-24,4.0243305918571106e-27,8.770796313136547e-27,1.7006200539324444e-26,1.5016070988066592e-25,5.2979477963715925e-25,2.019119650726062e-24,1.0850601058485649e-25,1.214807050868761e-27,1.6670830030599714e-26,1.1998758418253737e-26,9.6929034536405e-26,4.837320590330667e-25,1.122413346257543e-24,1.6016087852695978e-26,7.720710711605872e-28,9.84948417714902e-27,1.37688963438826e-26,1.59149682986921e-25,5.698514882433894e-25,1.9393661637914837e-24,8.542367957385937e-26,7.896570654035165e-28,0.0,1.1207562769888676e-26,1.1643371224600403e-26,6.266406755569324e-26,2.5963501291588005e-25,7.00241800776105e-25,5.79703257923094e-26,9.533107108445492e-27,2.0345335830569955e-26,1.693362968716376e-25,5.522098372177448e-25,1.5659191703360879e-24,1.3322443571756125e-25,5.5412081441612566e-27,0.0,1.8948772286722473e-26,1.5871941693175793e-26,5.454300677490102e-26,2.272613454067992e-25,7.241696506223897e-25,4.9660660572567533e-26,1.4415704424935524e-26,2.3738257747935212e-26,1.8118887590764986e-25,4.896365340977381e-25,2.9055172499714447e-25,7.5123825271163915e-25,2.9425405629166487e-26,1.2238780787561998e-26,1.7112510904612482e-26,1.3440085631125168e-25,6.414992787564977e-25,1.473094286687336e-24,2.901958865964609e-24,6.2009618735212065e-27,0.0,1.0874671597395098e-26,1.157372005885692e-26,9.458939821215772e-27,4.4595860319812564e-26,1.7147246720859093e-25,2.755444357191532e-28,1.8641029711726447e-26,2.5006514486783396e-26,1.4578338013937937e-25,5.142156688324759e-25,1.521482843118256e-24,1.5025034785468082e-26,0.0018464567280121766,0.0,2.1322539183702903e-26,2.2863957381052812e-26,5.1180166420774716e-26,1.9886803827005747e-25,3.383054582725708e-27,1.9714576952068182e-28,1.2384139032535704e-26,1.4594282872012876e-26,1.3227762945983988e-25,5.492216501701047e-25,1.8806529751268667e-24,8.665927259121019e-26,4.912093818339929e-27,0.0,1.1619196275046678e-26,1.5933680826227746e-26,5.565823124539867e-26,2.2526982421754237e-25,7.053834578887654e-25,1.2368041307320614e-27,0.0,2.2278184347126231e-26,1.110068738186572e-26,5.993593837795021e-26,2.869321857674224e-25,1.787269510639231e-26,1.347250687920726e-27,1.4122585077899786e-26,1.0791153300518135e-26,1.5158723703698392e-25,5.433529175127175e-25,1.920960673241169e-24,9.267060673333231e-26,6.487750390313255e-27,1.2759740613671527e-26,2.0152779048467078e-26,1.4313417236304515e-25,4.710251916474345e-25,1.9094253318897702e-24,9.537916544030012e-26,5.063007394942569e-27,0.0,1.7166403633413106e-26,1.703325472197946e-26,4.577802396119399e-26,2.1486239674103064e-25,1.8913577917786705e-26,1.3454855181111416e-27,0.0,1.5312350730886583e-26,1.8650117963368938e-26,7.656845901357497e-26,2.454785321637272e-25,7.322822286489379e-25,4.4308509790734097e-26,0.0,9.059261314527637e-27,1.1076800172498224e-26,4.6077688692905896e-26,2.7505461565180405e-25,8.570795647903074e-25,4.024451477011269e-26,2.4300053526239056e-26,8.75648401591971e-27,4.233721131347269e-26,2.0636813392856443e-25,1.00326425296962e-24,5.614793401149226e-26,2.9962018279305377e-27,1.0438954036210999e-26,2.2840304544973392e-26,1.8415975967064495e-25,5.039484413193971e-25,2.0427906754588335e-24,1.161860671191948e-25,2.8462010802184697e-28,1.9699747206705936e-26,1.4792779787253716e-26,2.1340402829199673e-26,2.7075797044050454e-26,1.0886028717150487e-25,3.5227845412033736e-25,1.8192726801918468e-26,0.0,1.3938838306300964e-26,1.4210381299497773e-26,5.790125921562848e-26,2.8479501460147527e-25,8.876580551125967e-25,5.0781955519298255e-26,0.0,1.2037434027267549e-26,2.3281081898478574e-26,5.631114199588762e-26,2.2121485557429843e-25,1.677800576609968e-26,1.999331347152248e-27,2.4479259923833022e-26,2.0179460045360761e-26,1.2329947113964002e-25,5.823937085921819e-25,1.848913251379827e-24,1.0128407846865796e-25,4.0653321843569755e-27,1.084420420792065e-26,2.1976702819612027e-26,1.3462168761563384e-25,6.294077255312708e-25,1.8443721445374134e-24,8.738445021229728e-26,3.8755897745458414e-27,1.7165235146678856e-26,1.324871007623258e-26,1.5413974957821902e-25,6.65100008857375e-25,1.9419161547249178e-24,1.0325112405189427e-25,6.370368443475537e-27
9.623093277896707e-27,1.8644380831906138e-26,1.175801797666053e-25,4.224341866463634e-25,1.131597607351275e-24,8.717629500986419e-26,5.247536653857953e-27,1.6348673845845206e-26,1.552126024788459e-26,1.2636292587413246e-25,4.8312047386938065e-25,1.0404435866843227e-24,6.901285256106988e-26,3.0266898344988692e-27,9.250076307084186e-27,1.4552649557865155e-26,7.271327073435704e-26,3.35012192296891e-25,9.88559247828534e-25,2.3328273652805166e-24,2.912783455523059e-27,8.769266103826578e-27,1.4771535619465002e-26,1.0919541776176998e-25,3.685225771202085e-25,1.4579081339955863e-24,7.479710235875812e-26,8.032198610592259e-28,1.667046276373441e-26,1.1661210051877345e-26,6.694945893748056e-26,3.4637217332003194e-25,8.134148790781388e-25,1.1918634248894485e-26,4.582617598522685e-28,9.847927278813252e-27,1.2918770168384168e-26,1.1369095566588011e-25,3.863110168068016e-25,1.3566607125895056e-24,5.965868541146496e-26,4.439962554713522e-28,0.0,1.1207441659615468e-26,1.1505524993648061e-26,4.56672575271792e-26,1.803594017741624e-25,4.80486562360571e-25,4.189564260843153e-26,9.531499319552426e-27,1.7916435306372917e-26,1.213545208133038e-25,3.8409804041775544e-25,1.1328652847521997e-24,9.192417171645083e-26,3.7931307035010465e-27,0.0,1.894859823858187e-26,1.569301201434473e-26,3.874197566940217e-26,1.5490943192989165e-25,5.008357286191963e-25,3.50814426480728e-26,1.441487990798773e-26,2.251364895466039e-26,1.3191085254819328e-25,3.3308160251609113e-25,2.012271176883081e-25,5.223422348532267e-25,2.0105031361786857e-26,1.2237971395059358e-26,1.6055925953977008e-26,9.723118241178654e-26,4.441314845821929e-25,1.0607465107316191e-24,2.061610739665621e-24,4.0376178841054685e-27,0.0,1.0874373125693953e-26,1.1203298330949344e-26,5.0803693810136146e-27,3.2341027053125373e-26,1.2027194489746817e-25,2.3911478958340916e-28,1.864011232400947e-26,2.3708267154945217e-26,1.0610932649739083e-25,3.498045996246921e-25,1.0687879845524475e-24,1.0782475061516257e-26,0.006922767724162041,0.0,2.1322343453256834e-26,2.2643145169277456e-26,3.7707191838723776e-26,1.3245069477942412e-25,1.8808246008024927e-27,1.3628381528092782e-28,1.2383320079141718e-26,1.2295830902702686e-26,9.165703422316718e-26,3.704655672360909e-25,1.3200655133544766e-24,6.127151847180629e-26,3.184923806152557e-27,0.0,1.1619070716960408e-26,1.5745038772089078e-26,4.0552297638173073e-26,1.5213152839953554e-25,4.989724353883348e-25,7.7496174785744105e-28,0.0,2.2277989582686508e-26,1.096232918543245e-26,4.443132390442208e-26,1.9367342763224977e-25,1.2965864761373538e-26,8.68580897356182e-28,1.412177732078459e-26,1.0033047304395221e-26,1.117827216033759e-25,3.779031071922998e-25,1.3878701661799356e-24,6.591387071622956e-26,4.350860454720904e-27,1.2758969139964186e-26,1.8996065984552025e-26,1.0380441766706563e-25,3.226698096917227e-25,1.3364422341744185e-24,6.671420551846474e-26,3.643599044931374e-27,0.0,1.7166228529599312e-26,1.6864137613742416e-26,3.367375603205759e-26,1.446975367638489e-25,1.336786199469598e-26,8.117383860693637e-28,0.0,1.5312185256382908e-26,1.8452461529554797e-26,5.456409716376521e-26,1.699260257396441e-25,5.083514002733304e-25,3.023805353211697e-26,0.0,9.058996025068333e-27,1.07155169176213e-26,3.166971880049837e-26,1.8659791589055162e-25,5.975775227153353e-25,2.7421093711852696e-26,2.430001803980853e-26,8.634915064476694e-27,2.365488183013586e-26,1.376668773354327e-25,6.952008253170084e-25,3.785030157328495e-26,2.2046181102555263e-27,1.04371328257487e-26,2.1599211828892768e-26,1.3539102058354804e-25,3.4346040505711116e-25,1.4351159638212677e-24,8.299564822512657e-26,2.713074799477511e-28,1.969956626073313e-26,1.4420107003554875e-26,2.1305392296114347e-26,1.8921729984118502e-26,7.420700066805007e-26,2.434283257884719e-25,1.2711552342311586e-26,0.0,1.3938678267607154e-26,1.4039279767274495e-26,4.257780276407619e-26,1.937158107915784e-25,6.228802959504806e-25,3.461906499447949e-26,0.0,1.2037081616749678e-26,2.3062203907647078e-26,3.871747107201596e-26,1.4832025875124204e-25,1.2122017046551378e-26,1.442008691199509e-27,2.447808321537073e-26,1.8978973178642238e-26,8.82262173747817e-26,3.9170731715580696e-25,1.2914063160495149e-24,7.013765944654084e-26,2.9409258695686492e-27,1.084348186712549e-26,2.0749839302008042e-26,9.65261862098489e-26,4.303080645295444e-25,1.2931429731845195e-24,6.124917192805744e-26,2.7960082951853242e-27,1.7164370233193586e-26,1.1312957648524515e-26,1.1297856519601639e-25,4.627467985924137e-25,1.407076408410887e-24,7.082556004448996e-26
9.622393654690023e-27,1.7527761397607544e-26,8.00370450787544e-26,3.0196175801103504e-25,7.9670045861823985e-25,6.055512893753179e-26,3.879730303623345e-27,1.6348261949859482e-26,1.4584805611549056e-26,8.746956618928156e-26,3.4344414123059353e-25,7.266951771517216e-25,4.7245288268796003e-26,2.1424927690369357e-27,9.249426399722355e-27,1.4129894028798392e-26,4.4408185886394413e-26,2.320403173093159e-25,6.72292963842069e-25,1.6701504283744066e-24,2.1490985102885934e-27,8.768628556014159e-27,1.3886862435879536e-26,7.621782961881039e-26,2.622821628008737e-25,1.0232550981135005e-24,5.179630079573787e-26,4.7059758664717075e-28,1.6670309737067876e-26,1.1521986263463302e-26,4.2912238425619867e-26,2.4376474737758697e-25,5.732107837080062e-25,8.733696295656957e-27,3.5300608268591787e-28,9.847278607492673e-27,1.2572545436931869e-26,7.734444785372574e-26,2.6704269198789236e-25,9.333107413748603e-25,4.068268811029504e-26,3.2913978416727735e-28,0.0,1.1207391197194763e-26,1.144833132722727e-26,3.376809899417066e-26,1.291709638843943e-25,3.3003984782205883e-25,2.9974974030256063e-26,9.530829447531766e-27,1.6949946612608435e-26,8.305321900465618e-26,2.735458415408007e-25,7.971265364594965e-25,6.37811001203036e-26,2.7938975912899643e-27,0.0,1.8948525718759203e-26,1.5618757336808024e-26,2.7829497808800426e-26,1.0860633371259123e-25,3.4595681466467712e-25,2.4406917969482893e-26,1.441453636621889e-26,2.2012966507247252e-26,9.207668900638374e-26,2.311618770270752e-25,1.436347404581377e-25,3.6448995654169343e-25,1.4111969448322385e-26,1.2237634156082596e-26,1.5625618418151678e-26,6.729411722780869e-26,3.1443514440265573e-25,7.408968692991921e-25,1.4838776158159485e-24,2.80613795469864e-27,0.0,1.0874248763694048e-26,1.1050734020256713e-26,3.6543905131317845e-27,2.3006387583991117e-26,8.171767941048172e-26,2.246977803655796e-28,1.8639730085789986e-26,2.3177543856492216e-26,7.404295724884088e-26,2.4276172665643866e-25,7.391511905960218e-25,7.836681034883984e-27,0.023062846327629623,0.0,2.1322261899169448e-26,2.2551456303694493e-26,2.736035512941555e-26,9.032055177755536e-26,1.382863524017819e-27,1.0885414939998244e-28,1.2382978856553036e-26,1.1396232402010047e-26,6.112481607643982e-26,2.5461230830263282e-25,9.119636674419586e-25,4.244315181791977e-26,2.203856179956987e-27,0.0,1.1619018401291351e-26,1.56667694572084e-26,2.9025412771839026e-26,1.055807255681408e-25,3.4918551157661565e-25,4.261991015397606e-28,0.0,2.2277908431087895e-26,1.0904936015515171e-26,3.248373056324829e-26,1.3413412485748471e-25,9.590255534796826e-27,5.005610422532518e-28,1.4121440762137913e-26,9.725318003395836e-27,7.936939340100362e-26,2.691247149713117e-25,9.730646139152184e-25,4.603265993011633e-26,3.1211343151382802e-27,1.2758647699469639e-26,1.8524191323530767e-26,7.208256082125735e-26,2.257265763659164e-25,9.20520347027356e-25,4.558404314519341e-26,2.672404680806707e-27,0.0,1.7166155569940473e-26,1.6793921172429851e-26,2.4386196212030267e-26,1.0000085830209967e-25,9.620325182098987e-27,4.308942922507092e-28,0.0,1.5312116308936937e-26,1.8370415456070142e-26,3.934107346080033e-26,1.212313793102588e-25,3.5256737631337176e-25,2.069920623927225e-26,0.0,9.05888548894006e-27,1.0566750087271033e-26,2.189397230986993e-26,1.301637968487819e-25,4.122351474848545e-25,1.85646566604433e-26,2.4300003253803453e-26,8.584512143178592e-27,1.7464149414188844e-26,9.411176922992e-26,4.844650418874633e-25,2.610537816438664e-26,1.5967643517865079e-27,1.0436374034947953e-26,2.1092321593445227e-26,9.572270800992178e-26,2.3887470021387e-25,9.927389089443124e-25,5.825119657266965e-26,2.649755379185992e-28,1.9699490866823058e-26,1.4266229892971455e-26,2.1202271798275172e-26,1.2271347679211585e-26,5.417508603594654e-26,1.6790759291542374e-25,8.638450360289243e-27,0.0,1.3938611585089225e-26,1.3968293322103072e-26,3.0825060716945467e-26,1.3553108845535402e-25,4.331018645278798e-25,2.3452820263004772e-26,0.0,1.2036934780556433e-26,2.297130984243877e-26,2.677118401983545e-26,1.0210192246185242e-25,8.928923431872463e-27,9.808218001597536e-28,2.4477592928525414e-26,1.848963501338518e-26,6.013964549039987e-26,2.683155701588484e-25,8.841538268902608e-25,4.7182517140361146e-26,2.218556836747788e-27,1.0843180898894814e-26,2.0249045616627652e-26,6.600132934569714e-26,3.003439911246095e-25,8.926195238216793e-25,4.196122268115572e-26,2.0563559533249137e-27,1.7164009859006086e-26,1.0551490768267258e-26,7.969293638333403e-26,3.296579020822734e-25,9.922666380114076e-25,4.8753546163935584e-26
9.62210215252687e-27,1.707267903088773e-26,5.0244184048205034e-26,2.120552177337316e-25,5.552384093528771e-25,4.069276635261146e-26,2.9160070582917432e-27,1.634809032806352e-26,1.4203215236488897e-26,5.6291981074633e-26,2.3951796741653584e-25,5.014975292628012e-25,3.37105195732811e-26,1.545447302208452e-27,9.249155611726852e-27,1.39555850056065e-26,2.3381057482812793e-26,1.5605971959970917e-25,4.511273239819479e-25,1.2119408225927529e-24,1.5618080644377366e-27,8.768362917932609e-27,1.352631061867706e-26,4.9650466451730174e-26,1.8318282279006829e-25,7.103762361639659e-25,3.45452797248042e-26,3.2076300064278017e-28,1.6670245976164108e-26,1.1464223115459723e-26,2.4327916297177404e-26,1.7697085143287324e-25,4.0340532578810897e-25,6.169006773517583e-27,3.14277322047347e-28,9.847008334081204e-27,1.2429673063069433e-26,4.8467905414367176e-26,1.7968503622163148e-25,6.363172994961478e-25,2.85414606283848e-26,2.8634695688857373e-28,0.0,1.1207370171219666e-26,1.1424542692129713e-26,2.4526964255603538e-26,9.13781810716115e-26,2.245753345692783e-25,2.0585950937736368e-26,9.530550341137413e-27,1.6555151525337958e-26,5.255967980299955e-26,1.9129118428199787e-25,5.551847796442699e-25,4.2669813637553284e-26,2.097259187664846e-27,0.0,1.894849550220738e-26,1.5587869858815054e-26,1.949042249399276e-26,7.481549978462173e-26,2.363726420506002e-25,1.6144190815583382e-26,1.4414393225023436e-26,2.1806010487560862e-26,5.993593983749561e-26,1.5634405502884112e-25,1.0118208855205429e-25,2.5394852114270876e-25,9.709597635037536e-27,1.2237493641213698e-26,1.5448048642795911e-26,4.3261812862451106e-26,2.1815523767172717e-25,5.1103418383035025e-25,1.073312568807901e-24,1.9655868978339197e-27,0.0,1.087419694640397e-26,1.098747425034373e-26,3.1294037394152203e-27,1.55869517478453e-26,5.560097234581251e-26,2.18822986238989e-28,1.8639570821021902e-26,2.295818225172044e-26,4.817469885032414e-26,1.641805947564367e-25,5.0724176062172875e-25,5.570863573157969e-27,0.06896534428098533,0.0,2.1322227918345735e-26,2.2513307508940467e-26,1.904393332513105e-26,5.998665522420689e-26,1.2087674514151272e-27,9.607421963679451e-29,1.2382836681861947e-26,1.1031484729675593e-26,3.7630023841932423e-26,1.70031555440834e-25,6.249846110872435e-25,3.029649626817747e-26,1.5358036564258415e-27,0.0,1.1618996603130673e-26,1.563421480142784e-26,1.9834334176642946e-26,7.179410703551277e-26,2.4087298733095932e-25,3.114264574642077e-28,0.0,2.2277874617965423e-26,1.088106665247625e-26,2.2838991018447718e-26,9.088195935755312e-26,6.99062479700328e-27,3.769625263055455e-28,1.4121300530552144e-26,9.598512077229565e-27,5.294961420626385e-26,1.8820489821349324e-25,6.741932455348788e-25,3.3160862793525406e-26,2.2661880430127906e-27,1.2758513767125296e-26,1.8329328461396454e-26,4.6566705990284786e-26,1.5424144811828888e-25,6.287110054983257e-25,3.205043293221563e-26,1.928448938630216e-27,0.0,1.7166125170128383e-26,1.676470755419622e-26,1.692954497809953e-26,6.755927872122343e-26,6.787017505978719e-27,3.0397135705862477e-28,0.0,1.5312087580880263e-26,1.833628354545451e-26,2.768365800354603e-26,8.53560706078735e-26,2.4223117164501925e-25,1.456537577646704e-26,0.0,9.058839432418981e-27,1.0505070827113594e-26,1.4584304342891838e-26,8.908745826798342e-26,2.884794576678892e-25,1.2761687293163541e-26,2.4299997092969335e-26,8.563554469057358e-27,1.5161339077254327e-26,6.271438056712598e-26,3.456180675528502e-25,1.7561365129153048e-26,1.1085602197989635e-27,1.0436057880255258e-26,2.0882893663886894e-26,6.346256332228824e-26,1.6200677417720768e-25,6.81435793409149e-25,4.2320160730145474e-26,2.6297276442086084e-28,1.9699459452736446e-26,1.4202358043744822e-26,2.1174107902321653e-26,7.145529437515577e-27,4.017662151894245e-26,1.1657923118204298e-25,6.0317258760171734e-27,0.0,1.3938583800753828e-26,1.3938768736887618e-26,2.1391935860333934e-26,9.31117280620988e-26,2.966477511438701e-25,1.6133824258703622e-26,0.0,1.2036873599073576e-26,2.293349028235653e-26,1.783479835654265e-26,6.870964302358737e-26,6.476839849366643e-27,6.068280930090961e-28,2.447738864378905e-26,1.8287630340414008e-26,3.779284251718455e-26,1.7840249472462877e-25,5.983851027377845e-25,3.257073838819326e-26,1.6673646974172215e-27,1.0843055496698114e-26,2.0042187037795712e-26,4.167537224393633e-26,2.0463178344159586e-25,6.112762686370054e-25,2.959022504157402e-26,1.4889042622330137e-27,1.716385970421118e-26,1.024204217614969e-26,5.270895735552728e-26,2.3061839808007383e-25,6.930429802325939e-25,3.498046858293628e-26
9.621980694595401e-27,1.688482799552929e-26,2.752642182272763e-26,1.5363354823449004e-25,3.887726046263218e-25,2.8010036426313614e-26,2.1585466740005043e-27,1.634801881924774e-26,1.4045712137797844e-26,3.21407986433392e-26,1.7222816481411848e-25,3.4706342779626987e-25,2.3917883173133382e-26,1.0896817887689253e-27,9.249042784565288e-27,1.3883275534207342e-26,1.6593402702370774e-26,1.076706892960946e-25,3.0212112016260134e-25,8.604609642509569e-25,1.0892137869374185e-27,8.768252236586177e-27,1.3377480347247155e-26,2.891307553718351e-26,1.3192880019313318e-25,4.951721423051487e-25,2.3440604315678044e-26,2.5178361894639086e-28,1.6670219409156863e-26,1.1440197977736597e-26,1.8130532789887408e-26,1.2726416394227146e-25,2.7424928723302456e-25,4.100685860036506e-27,2.983376823966985e-28,9.846895721254455e-27,1.237038386557967e-26,2.646009924438357e-26,1.2417897051713969e-25,4.347776910102449e-25,1.9674788657881033e-26,2.6939578292913014e-28,0.0,1.1207361410402529e-26,1.1414638062653678e-26,1.7062205408559944e-26,6.179292667316755e-26,1.5644765847519168e-25,1.5096583577698462e-26,9.530434048012611e-27,1.6392026579693516e-26,2.918799519824693e-26,1.3798007128694848e-25,3.8844655972654045e-25,2.930229590116578e-26,1.5516195797942932e-27,0.0,1.8948482911984563e-26,1.5575009098879052e-26,1.2895598849111625e-26,4.8765775323856436e-26,1.651918038546297e-25,1.1405153970063036e-26,1.4414333583068424e-26,2.1720067295319262e-26,3.484422493041129e-26,1.0864671860138882e-25,6.803418614349722e-26,1.769425848470525e-25,6.893120945278759e-27,1.2237435093589748e-26,1.5374360719978412e-26,2.464636416939159e-26,1.559845511725445e-25,3.5335545227721615e-25,7.801967613265668e-25,1.332366490190568e-27,0.0,1.0874175355902874e-26,1.0961169605029869e-26,2.9226681179770838e-27,9.715989633734755e-27,3.9398588333426033e-26,2.163981227400863e-28,1.863950446090268e-26,2.2867089412181937e-26,2.798569057894341e-26,1.1411526532457334e-25,3.4931433644246806e-25,3.763326382663846e-27,0.1872146107996889,0.0,2.132221375967718e-26,2.2497421708690207e-26,1.2356129041156021e-26,4.2893087798239777e-26,1.158786256408184e-27,9.002082915431502e-29,1.2382777442648214e-26,1.0881257406392121e-26,2.0072841754344132e-26,1.1650488386622714e-25,4.2968570783692035e-25,2.1340129059331558e-26,1.0340042374082749e-27,0.0,1.1618987520569757e-26,1.562066035417011e-26,1.252482042139281e-26,5.256479920180246e-26,1.6371007103358329e-25,2.6890749228788635e-28,0.0,2.227786052917197e-26,1.0871128802766558e-26,1.503627819550535e-26,6.629144643421388e-26,4.894995518351662e-27,3.3062687164975444e-28,1.412124210093024e-26,9.54592186698298e-27,3.200691201742804e-26,1.357301538445781e-25,4.686518645298121e-25,2.3655107363768527e-26,1.6059395560691939e-27,1.2758457962189296e-26,1.82484396948073e-26,2.674136829043548e-26,1.0844913557071677e-25,4.305554011544404e-25,2.2154796206251927e-26,1.3323945901621295e-27,0.0,1.716611250354796e-26,1.6752542718706543e-26,1.0942499747007474e-26,4.9157566064433456e-26,4.552525601830292e-27,2.561508343521338e-28,0.0,1.53120756108646e-26,1.8322071282732554e-26,1.8438865211919245e-26,5.734883515511682e-26,1.6439550350778484e-25,1.0049363623248085e-26,0.0,9.058820242236417e-27,1.047942441960262e-26,8.973522439185657e-27,5.753810139860884e-26,2.0380782583959066e-25,8.502559663733835e-27,2.4299994525955347e-26,8.55482966438251e-27,1.4249866144478482e-26,4.501324000724692e-26,2.4223439419976447e-25,1.2714573708770201e-26,7.165147676670034e-28,1.043592615054666e-26,2.0795940415246993e-26,3.7985762389489246e-26,1.1296081098887431e-25,4.694709248046384e-25,3.036737644184875e-26,2.7022272028037112e-28,1.969944636354108e-26,1.4175787067093693e-26,2.1123823689721505e-26,5.3830163863826405e-27,2.925528387225541e-26,8.286111732132208e-26,4.124357297301335e-27,0.0,1.3938572223955585e-26,1.3926476045007814e-26,1.3819953720533677e-26,6.045901888742626e-26,2.0740226050324124e-25,1.0759705530124059e-26,0.0,1.2036848106834938e-26,2.2917741327474078e-26,1.0973994678322432e-26,4.980283790953772e-26,4.5062175358809984e-27,4.863575300430143e-28,2.4477303525400495e-26,1.820378919587821e-26,2.072905789638177e-26,1.2163380764667954e-25,4.0497474221054863e-25,2.1981209501678536e-26,1.2125173807372242e-27,1.0843003245996845e-26,1.995630940944692e-26,2.3045583668595035e-26,1.4341402283925837e-25,4.199500726193718e-25,2.0529834532579395e-26,1.0333794630946609e-27,1.716379713990715e-26,1.011446451113135e-26,3.1446324768437175e-26,1.6641588775009767e-25,4.865342714443842e-25,2.4988360401973997e-26
9.621930087350203e-27,1.6806863434148407e-26,2.0062933682880767e-26,1.1017541632707291e-25,2.7872149161565203e-25,1.8793970472427373e-26,1.5371644212235366e-27,1.6347989023953995e-26,1.398034502875407e-26,2.4062180847842086e-26,1.224067283329522e-25,2.455912776593087e-25,1.6303291823620142e-26,7.259620186997952e-28,9.248995773451074e-27,1.385320201879468e-26,1.4107860352654268e-26,7.260316686713909e-26,2.0589481417127384e-25,5.970730179232332e-25,7.086779576969397e-28,8.768206119564671e-27,1.3315710728516593e-26,2.1917183471591466e-26,9.392616292347576e-26,3.5318981816532573e-25,1.5407124772726558e-26,2.1915069218482703e-28,1.6670208339576755e-26,1.143019494115267e-26,1.5816706934497712e-26,8.798044601379482e-26,1.8666207978898573e-25,2.4728545690473455e-27,2.510021930280353e-28,9.846848799433359e-27,1.2345721865512614e-26,1.924101602243501e-26,8.397920671419212e-26,3.033182177342744e-25,1.2835245441797499e-26,2.624854265809045e-28,0.0,1.1207357760063066e-26,1.1410512401324079e-26,1.104977196111153e-26,4.4626696580181885e-26,1.066118643328572e-25,1.1241982602518543e-26,9.530385592753346e-27,1.6324296220752397e-26,2.1463936446686622e-26,9.845096310662614e-26,2.782576660679165e-25,1.9631023304127083e-26,1.1038711374556514e-27,0.0,1.8948477666059627e-26,1.5569652015248038e-26,7.743052972238629e-27,3.3930221598160086e-26,1.1305031672148613e-25,8.145650369353673e-27,1.4414308732290255e-26,2.1684307715179548e-26,2.6385465252168766e-26,7.40001821534429e-26,4.885862743653316e-26,1.243466920293711e-25,4.823394559332589e-27,1.2237410698787771e-26,1.5343709412057677e-26,1.8425427798089255e-26,1.1009629075179634e-25,2.497707246364039e-25,5.518369116127174e-25,8.412066639876769e-28,0.0,1.0874166359867075e-26,1.0950218640189807e-26,2.838613147687409e-27,5.259456643238507e-27,2.772201157359626e-26,2.1539175027629017e-28,1.863947681088787e-26,2.2829187504404277e-26,2.1181899105337734e-26,7.77388911460467e-26,2.4587450612599136e-25,2.3330287972874468e-27,0.4663404576326623,0.0,2.1322207860233328e-26,2.2490804279830226e-26,7.149256012344286e-27,3.124536593689628e-26,1.1569310040590649e-27,8.763899911377147e-29,1.238275275968431e-26,1.0818966659099457e-26,1.4372295203517236e-26,7.792508379393833e-26,3.018752136713431e-25,1.4343887924231564e-26,6.463597742566489e-28,0.0,1.1618983736170428e-26,1.5615014402569397e-26,6.930576835925249e-27,3.9294209029216937e-26,1.100318648936878e-25,2.5211190921830923e-28,0.0,2.2277854658842678e-26,1.0866989371965945e-26,8.905828378486641e-27,4.9344548175004807e-26,3.203497409575259e-27,3.1221682691536345e-28,1.4121217755290123e-26,9.524051916634074e-27,1.6351896436034228e-26,9.683336508223732e-26,3.3324140725295814e-25,1.6181490749750695e-26,1.0775118957528463e-27,1.2758434710168647e-26,1.82147888354561e-26,2.0093250405040288e-26,7.496296369650294e-26,3.011664836445871e-25,1.4509160802548435e-26,8.551903796267924e-28,0.0,1.7166107225807493e-26,1.6747475340209986e-26,6.2923348801117446e-27,3.680712661930961e-26,2.8139826433590186e-27,2.375772769093559e-28,0.0,1.5312070623359456e-26,1.8316151132679438e-26,1.1186295976436545e-26,4.115100803749054e-26,1.1048886927988122e-25,7.1515793263817e-27,0.0,9.058812246333019e-27,1.0468747667057684e-26,4.785427661579875e-27,3.9653255431099763e-26,1.461138107178978e-25,5.804849962436671e-27,2.429999345636623e-26,8.55119564151299e-27,1.3878424471457534e-26,3.291781314773853e-26,1.7516859820415228e-25,9.383861185381793e-27,4.119974876172447e-28,1.0435871263413453e-26,2.0759763433483474e-26,2.928947883064135e-26,7.724284245033393e-26,3.305697046232625e-25,2.0702091843065525e-26,3.2905781238905227e-28,1.9699440909710962e-26,1.416472316944233e-26,2.11202554755525e-26,4.7528605579371014e-27,2.0396321829477015e-26,5.762341669556475e-26,3.0384099066394166e-27,0.0,1.3938567400291073e-26,1.3921355690442676e-26,7.940709972896542e-27,4.189806954811894e-26,1.416007067161258e-25,7.353992642055396e-27,0.0,1.2036837485076809e-26,2.2911180859102002e-26,5.852372294664965e-27,3.682321464613022e-26,2.921885599667522e-27,4.471742828612578e-28,2.4477268059448942e-26,1.8168912237464714e-26,1.5120208600724375e-26,8.083231689412215e-26,2.793750220634224e-25,1.5976151418476073e-26,8.317762451852608e-28,1.0842981474908468e-26,1.9920581481540343e-26,1.6900083460848462e-26,9.872855610094751e-26,2.948087549451897e-25,1.3514393424397824e-26,6.687099423533107e-28,1.7163771071480796e-26,1.0061543131024088e-26,2.4198584790907665e-26,1.188002181964382e-25,3.3059109047089907e-25,1.7195559582961986e-26
9.621909001037317e-27,1.6774431446902046e-26,1.730075887725306e-26,7.587889718330378e-26,1.9661220069110467e-25,1.3584219730170085e-26,2.374919502465444e-07,1.6347976609256278e-26,1.395315373005077e-26,2.1040599321393595e-26,8.328440094861864e-26,1.7042173233864492e-25,1.1885825184495121e-26,4.384324803429575e-28,9.248976185522083e-27,1.384068101039824e-26,1.3131704917490916e-26,5.271503797119048e-26,1.360210049523967e-25,4.1310949891588103e-25,4.118752877791819e-28,8.768186904174839e-27,1.3290015573546174e-26,1.9287764187084762e-26,6.405972920202657e-26,2.475842769052837e-25,1.0890850864062635e-26,4.1429865171221434e-07,1.6670203727252796e-26,1.142602830041175e-26,1.4899212990868847e-26,6.48418019597889e-26,1.3232804141452622e-25,1.2619544914017802e-27,2.158415741409501e-28,9.846829248707565e-27,1.2335453294348659e-26,1.657175138655892e-26,6.11602025828024e-26,2.066287042819634e-25,8.937911845698538e-27,2.5963260974587935e-28,0.0,1.1207356239088465e-26,1.140879359581885e-26,6.370447812769751e-27,3.26678969580972e-26,7.218910014188015e-26,8.237307850607952e-27,9.530365403098343e-27,1.6296116620875926e-26,1.8595255993425327e-26,6.734454087128177e-26,1.9607448780760292e-25,1.417758790131674e-26,7.359369946487832e-28,0.0,1.8948475480257785e-26,1.556742016897181e-26,5.981921202991174e-27,2.3796711120209605e-26,7.694174980160446e-26,5.665570263305291e-27,1.441429837780567e-26,2.1669416584930768e-26,2.3207530790290013e-26,4.743295282599019e-26,3.596562054204889e-26,8.468204004031864e-26,3.209647371646444e-27,1.2237400534294126e-26,1.5330947060186574e-26,1.6099950841201738e-26,7.420657953534278e-26,1.7307050132446544e-25,3.8099136812090227e-25,4.685168488717733e-28,0.0,1.0874162611519923e-26,1.0945657353394527e-26,2.803952199956578e-27,3.8030572617456545e-27,1.8693276631985505e-26,2.1497312063291484e-28,1.8639465290054416e-26,2.2813404320741148e-26,1.8626203814114783e-26,4.9872068714690206e-26,1.6941424127896093e-25,1.2503400489213903e-27,1.0761615289133488,0.0,2.1322205402131968e-26,2.248804730501993e-26,5.397534909581697e-27,2.2612562194850026e-26,1.1737465423429282e-27,9.532082610829664e-29,1.238274247512328e-26,1.079306495360951e-26,1.227743986307513e-26,5.614561782743417e-26,2.0749777582629115e-25,1.0296323271866108e-26,3.54069207582798e-28,0.0,1.161898215933755e-26,1.5612662223876053e-26,5.0846376240060836e-27,2.902437796525638e-26,7.385403653190851e-26,2.4527358411168943e-28,0.0,2.2277852212872368e-26,1.0865264841731927e-26,6.822613048388103e-27,3.625606555004769e-26,1.879369834109639e-27,3.047016123966011e-28,1.41212076112796e-26,9.514946839496633e-27,1.1366105724091335e-26,6.62386044874782e-26,2.326329615789635e-25,1.180101366533943e-26,6.5927407440581475e-28,1.2758425021832964e-26,1.8200776809384953e-26,1.7603138590695428e-26,4.908969764060286e-26,2.058675093555398e-25,1.0143878441661464e-26,4.8617498501177415e-28,0.0,1.7166105026749206e-26,1.6745364158681595e-26,4.732064551368099e-27,2.732029076047568e-26,1.5307161915945775e-27,2.4024326559837507e-28,0.0,1.5312068545232552e-26,1.8313684685762027e-26,5.7726874084526085e-27,2.990535521500127e-26,7.4221083463942e-26,5.0146687166723576e-27,0.0,9.058808914707643e-27,1.0464300626106371e-26,3.425780005538677e-27,2.7501396837628254e-26,1.0234543266716829e-25,3.861960676039152e-27,2.4299993010704102e-26,8.549681693162907e-27,1.3725104773127077e-26,2.3667216777805427e-26,1.2538952959890577e-25,6.821944527138503e-27,3.0982537226930933e-28,1.0435848393817215e-26,2.0744698985460534e-26,2.599919562553079e-26,4.9823982037806266e-26,2.279142219856686e-25,1.5025288733851006e-26,3.8205730270081025e-28,1.9699438637281968e-26,1.4160114486821264e-26,2.1079304976976965e-26,4.47160922439936e-27,1.3221429276146152e-26,4.1238440587371396e-26,2.285243746280762e-27,0.0,1.3938565390431104e-26,1.3919222487188745e-26,5.968718016984084e-27,2.924897193711394e-26,9.597447801989373e-26,4.899656160166801e-27,0.0,1.203683305934564e-26,2.290844760763417e-26,4.189642844801263e-27,2.683888044406829e-26,1.6888651013817003e-27,4.3712868714569335e-28,2.4477253281976712e-26,1.8154390041363337e-26,1.304378884246646e-26,5.787288617639635e-26,1.8754195595852246e-25,1.1846470538299876e-26,5.206516688294272e-28,1.0842972403628097e-26,1.990570429214169e-26,1.4620172121182975e-26,6.428448387564613e-26,2.0245146897241916e-25,9.498393254911444e-27,4.0352679994164186e-28,1.7163760209642317e-26,1.0039533524657587e-26,2.1458500167394772e-26,8.131941119418693e-26,2.2495006718851186e-25,1.2648173805046779e-26
9.621900215080432e-27,1.676092736290792e-26,1.6210201838023648e-26,5.575490431228851e-26,1.4319476459443904e-25,1.0005013548060803e-26,3.532614613774794e-06,1.6347971436466956e-26,1.394183183412473e-26,1.9841417464370877e-26,6.051138497721786e-26,1.2193591831261532e-25,8.799493294040072e-27,3.4530604791018946e-28,9.248968023891123e-27,1.3835465594058343e-26,1.2735301058800709e-26,3.9042334939612844e-26,9.20743163246894e-26,2.8270999660764977e-25,3.1183158609465827e-28,8.768178897768621e-27,1.327931658281438e-26,1.8241744834327986e-26,4.6620455943927885e-26,1.790754373625681e-25,7.831966484040533e-27,2.639260290697614e-06,1.6670201805451334e-26,1.1424292424240171e-26,1.4525014126376862e-26,4.8639177766329183e-26,9.323825554414668e-26,8.864728257263815e-28,1.9485418645156063e-28,9.846821102577544e-27,1.233117598368623e-26,1.5518357498714465e-26,4.545451975994777e-26,1.4482713412695713e-25,6.27488579047257e-27,2.584485362787123e-28,0.0,1.1207355605349077e-26,1.1408077465051276e-26,4.798644254483768e-27,2.3433054689727404e-26,4.963217627639867e-26,5.798206958509207e-27,9.530356990748403e-27,1.6284382305316172e-26,1.7460680176264127e-26,4.918973539820266e-26,1.4263981758241927e-25,1.043658289683029e-26,4.424657968450093e-28,0.0,1.894847456950705e-26,1.556649028021587e-26,5.315088924184773e-27,1.6159084067306266e-26,5.321130802287162e-26,3.7136676344621686e-27,1.4414294063438194e-26,2.1663213456756313e-26,2.1943556061059058e-26,3.2442576176481666e-26,2.60667502702494e-26,5.777685311177171e-26,2.2855816762987815e-27,1.2237396299089683e-26,1.532563098058805e-26,1.5177283276955096e-26,5.341387223788418e-26,1.236316060495994e-25,2.635239886719222e-25,3.4518980524837058e-28,0.0,1.0874161049708801e-26,1.0943757097623763e-26,2.78957297791862e-27,3.2657534745650074e-27,1.3477742392668094e-26,2.147988117797012e-28,1.8639460489708196e-26,2.2806829604871774e-26,1.760980602708171e-26,3.4128494721262235e-26,1.2024961112661626e-25,8.980775773613208e-28,2.319859760335329,0.0,2.1322204377923112e-26,2.2486898615363313e-26,4.740187453925357e-27,1.5734377804148143e-26,1.3919757856991902e-27,1.475051788739054e-28,1.2382738189890775e-26,1.0782281738160242e-26,1.1453259114563586e-26,4.123936949196264e-26,1.4688840182353018e-25,7.485359941392519e-27,2.5804754682026433e-28,0.0,1.1618981502323886e-26,1.561168220168814e-26,4.3996969094711485e-27,2.0686620236086152e-26,5.044905538418659e-26,2.424520305988495e-28,0.0,2.2277851193718112e-26,1.0864546327839625e-26,6.036401579321877e-27,2.566021467701153e-26,1.4312453780673693e-27,3.01597292928377e-28,1.4121203384609628e-26,9.511154342403035e-27,9.555556175828937e-27,4.842643136986099e-26,1.6751134861528888e-25,8.686745836141868e-27,3.442967365091421e-28,1.2758420985027515e-26,1.8194940056309718e-26,1.6614192164640084e-26,3.431759917286814e-26,1.4484699081008127e-25,7.154701114637686e-27,3.629697871351414e-28,0.0,1.7166104110474962e-26,1.6744484538966295e-26,4.147455099261751e-27,1.956807225491304e-26,1.1368497294915618e-27,2.8546670230507325e-28,0.0,1.531206767934638e-26,1.8312657048537582e-26,4.040753132018466e-27,2.1256348286339285e-26,5.0767561080802005e-26,3.343411418125965e-27,0.0,9.058807526530585e-27,1.046244797116031e-26,2.9261684473499583e-27,1.839861124979384e-26,7.226496625179258e-26,2.7675669653199233e-27,2.429999282501155e-26,8.54905092090535e-27,1.3661472884287132e-26,1.6271171333999873e-26,8.615489719184186e-26,4.759901673758615e-27,2.7154359950541764e-28,1.043583886482618e-26,2.073842374551623e-26,2.4686085918761447e-26,3.4250197567159304e-26,1.6185675379089415e-25,1.107730005958596e-26,4.293156342584363e-28,1.9699437690436594e-26,1.4158194423692603e-26,2.108906091092207e-26,4.386648216522234e-27,7.623474506812613e-27,2.915051240309897e-26,1.6952250926698627e-27,0.0,1.393856455298949e-26,1.3918333700718985e-26,5.229987499332055e-27,1.9738258696433493e-26,6.601811766837051e-26,3.516175432737272e-27,0.0,1.2036831215291222e-26,2.290730880091183e-26,3.57865832725428e-27,1.87944425408672e-26,1.2742300900102617e-27,4.37792215173273e-28,2.4477247124697936e-26,1.8148340839762018e-26,1.2223857083657637e-26,4.221126875951849e-26,1.292899049900667e-25,8.663525119747813e-27,2.8012970926922182e-28,1.0842968623929062e-26,1.9899507103282667e-26,1.371894403234622e-26,4.467626718375396e-26,1.4317107852027397e-25,6.740582953713315e-27,3.2529306134733103e-28,1.7163755683877303e-26,1.0030369967902903e-26,2.0365375679320262e-26,5.94368674571634e-26,1.5943621330145265e-25,9.456682968882931e-27
9.621896554266247e-27,1.6755302266031165e-26,1.5766280274073525e-26,4.162575803871501e-26,1.0341233264464356e-25,7.220972687603067e-27,3.71060736974505e-05,1.6347969281138313e-26,1.3937115733688427e-26,1.935214202932234e-26,4.459397570658764e-26,8.617908889522614e-26,6.402196655926295e-27,3.1405410988536934e-28,9.248964623212618e-27,1.3833292793860888e-26,1.2571925735676129e-26,2.8511770578700296e-26,6.063090817035239e-26,1.9794948111748253e-25,2.74248109422754e-28,8.768175561767111e-27,1.3274859941447512e-26,1.7814509614725838e-26,3.443790867285968e-26,1.282781088608508e-25,5.5226724386619665e-27,1.9748227731624294e-05,1.667020100470076e-26,1.1423569181404646e-26,1.4370502483172543e-26,3.587083401165545e-26,6.301831914284897e-26,7.511372760525661e-28,1.8328384975130307e-28,9.846817708357697e-27,1.2329393989714778e-26,1.5089651630817926e-26,3.333815050866059e-26,9.973843377363944e-26,4.266087534871523e-27,2.5795597090382426e-28,0.0,1.1207355341291007e-26,1.1407779083858015e-26,4.2093363183932295e-27,1.6027452228207464e-26,3.3074638403741375e-26,3.8198931999880255e-27,9.530353485603691e-27,1.627949425438818e-26,1.699847970402181e-26,3.646520486146445e-26,1.0287234616704709e-25,7.557871871062673e-27,3.4576264521552933e-28,0.0,1.8948474190027584e-26,1.5566102834755307e-26,5.048869330684225e-27,1.0227749994114639e-26,3.5716600119371256e-26,2.1996197045248693e-27,1.4414292265785268e-26,2.166062908203465e-26,2.1427345134153557e-26,2.230962730599095e-26,1.8054007757507538e-26,4.1141001818507636e-26,1.647286472295084e-27,1.223739453442138e-26,1.5323416219442286e-26,1.480087335593443e-26,3.8952357540751574e-26,8.720282809709252e-26,1.8162846064570492e-25,2.993522053098928e-28,0.0,1.08741603989542e-26,1.0942965373054423e-26,2.7835925449724054e-27,3.0539478788627544e-27,9.85552813594173e-27,2.147262039479674e-28,1.8639458489564125e-26,2.2804090419516003e-26,1.7194722760808847e-26,2.347187559046798e-26,8.412853066623927e-26,7.684643576442898e-28,4.704722772594776,0.0,2.132220395116943e-26,2.2486420003320508e-26,4.4788857923981304e-27,1.017997573342771e-26,1.5762555733118849e-27,1.9981373115367773e-28,1.2382736404377453e-26,1.0777790322293834e-26,1.1118301044705082e-26,2.9814013764445493e-26,1.0242433721127102e-25,5.32284374142353e-27,2.2251179197625803e-28,0.0,1.1618981228568194e-26,1.5611273868178405e-26,4.128923106489348e-27,1.3887141441832032e-26,3.341361104374897e-26,2.4128120058634525e-28,0.0,2.2277850769070514e-26,1.0864246954056005e-26,5.723013970935674e-27,1.7054416225240828e-26,1.2625121551984422e-27,3.0030851723846243e-28,1.4121201623497322e-26,9.509574358357144e-27,8.847490938461398e-27,3.594732257700276e-26,1.1930928368855525e-25,6.274192447292536e-27,2.4411837855346954e-28,1.2758419303025434e-26,1.8192508352064143e-26,1.6210568652528005e-26,2.4202514922103756e-26,1.0023424945182601e-25,4.893919733179302e-27,3.169383147813755e-28,0.0,1.7166103728694035e-26,1.6744118037561564e-26,3.915239906108705e-27,1.320173296318435e-26,1.0116677840726426e-27,3.2864299670591333e-28,0.0,1.5312067318560486e-26,1.831222887486017e-26,3.410040230925065e-27,1.4357286895193385e-26,3.369239321290869e-26,2.3823318341522843e-27,0.0,9.058806948123507e-27,1.0461676079988633e-26,2.7296129847262405e-27,1.1393430754977741e-26,4.9468076290595747e-26,2.0204155220480772e-27,2.429999274763965e-26,8.54878810599791e-27,1.363500322396363e-26,1.03674184175226e-26,6.320727249285282e-26,3.099052274176053e-27,2.5633764049976835e-28,1.0435834894414534e-26,2.0735809342222982e-26,2.414899878391638e-26,2.3702476926118894e-26,1.133361128751242e-25,8.043440122539588e-27,4.712288757751847e-28,1.9699437295917693e-26,1.4157394435803927e-26,2.0608404446713787e-26,4.3217795958429724e-27,5.75304852066446e-27,1.9715587919304642e-26,1.2039127857212405e-27,0.0,1.3938564204055495e-26,1.3917963381389514e-26,4.9365811693522415e-27,1.2380892608140909e-26,4.400335544644352e-26,2.570957509968906e-27,0.0,1.2036830446935259e-26,2.2906834306438095e-26,3.33828620324959e-27,1.2302410192687898e-26,1.1186744424121525e-27,5.378616264599775e-28,2.4477244559165338e-26,1.8145820636532117e-26,1.1890073538519477e-26,3.025338565319664e-26,8.717904054880063e-26,6.0930979757013064e-27,2.040644502597325e-28,1.0842967049054657e-26,1.9896925225953992e-26,1.3351893234189755e-26,3.1292190010750416e-26,9.97076271460232e-26,4.647541976517331e-27,3.0449183200005304e-28,1.7163753798142053e-26,1.0026553054053237e-26,1.9918340646367114e-26,4.40942156563974e-26,1.122504391399198e-25,6.966248742093447e-27
9.621895028927211e-27,1.6752958754242252e-26,1.558313188071294e-26,3.0600838621641265e-26,7.190387283303566e-26,4.863606220515088e-27,0.00026013160471334925,1.6347968383084753e-26,1.393515092727987e-26,1.9150079948109656e-26,3.225530397527982e-26,5.821483232508428e-26,4.4628494982740135e-27,3.0495828174610724e-28,9.248963206263428e-27,1.3832387510752892e-26,1.2504163947846793e-26,2.0016423669827073e-26,4.302160302043108e-26,1.3565061315151294e-25,2.5930037399334906e-28,8.768174171766669e-27,1.3273003228254646e-26,1.7637989035128234e-26,2.4907081531353389e-26,8.88137817797637e-26,3.702422771328895e-27,0.0001324717706559596,1.667020067105469e-26,1.142326783697291e-26,1.430636647231337e-26,2.552320517101925e-26,4.556097390317798e-26,7.031120066233416e-28,1.7713205119978416e-28,9.846816294099601e-27,1.2328651530188856e-26,1.4912796438230582e-26,2.3540490706650966e-26,6.498864125468978e-26,2.7051650388791644e-27,2.577508739387168e-28,0.0,1.1207355231266809e-26,1.1407654759509536e-26,3.975182006130301e-27,1.012325469270043e-26,2.2585960137644257e-26,2.2637033874083028e-27,9.530352025126919e-27,1.6277457783004824e-26,1.680772590456703e-26,2.6569418186906684e-26,7.1407379851926e-26,5.240332990718464e-27,3.1180510710279086e-28,0.0,1.894847403191114e-26,1.5565941400565975e-26,4.939963108159903e-27,5.7212823837725545e-27,2.4590790622271475e-26,1.7234155765310484e-27,1.4414291516763252e-26,2.1659552304708147e-26,2.1214070635984776e-26,1.476996788815722e-26,1.1570910874700167e-26,2.913994425248275e-26,1.1576655814089724e-27,1.223739379914296e-26,1.5322493449511105e-26,1.4645430824294495e-26,2.780749173195836e-26,5.87454545084674e-26,1.2490716232666894e-25,2.8121651038874625e-28,0.0,1.0874160127806454e-26,1.0942635496261997e-26,2.7811025919052563e-27,2.9677911681833504e-27,7.063444196435892e-27,2.1469595430374826e-28,1.8639457656170787e-26,2.2802949140808432e-26,1.7023232464992446e-26,1.552723792778574e-26,5.603258938195222e-26,7.174384977523873e-28,9.030652848745161,0.0,2.1322203773355396e-26,2.2486220583134515e-26,4.372196403069943e-27,5.842321047634729e-27,1.7293998161144938e-27,2.4955630077218497e-28,1.2382735660413605e-26,1.077591917514603e-26,1.0980202270878007e-26,2.0651161923326713e-26,6.790569499176503e-26,3.597355757071985e-27,2.084818327836942e-28,0.0,1.1618981114503328e-26,1.5611103730788047e-26,4.0186385626664665e-27,8.480407702599105e-27,2.267837173842115e-26,2.407941910048808e-28,0.0,2.2277850592134016e-26,1.0864122216193873e-26,5.594901164636154e-27,1.025322520378374e-26,1.195329090042549e-27,2.9977234165000385e-28,1.4121200889700561e-26,9.508916070390738e-27,8.560507221276826e-27,2.622744277930946e-26,8.144717414433103e-26,4.340391050516469e-27,2.0825569682179657e-28,1.2758418602191265e-26,1.8191495189899518e-26,1.6043857019782724e-26,1.655261341445227e-26,6.575446742637877e-26,3.1308140583183325e-27,2.986793702785283e-28,0.0,1.716610356961865e-26,1.6743965329823087e-26,3.820457893817059e-27,8.090390950469596e-27,9.793382292498041e-28,3.692343876887816e-28,0.0,1.531206716823303e-26,1.8312050470634358e-26,3.1630290179158168e-27,8.89864427718898e-27,2.292274023114477e-26,1.7134077383325365e-27,0.0,9.058806707120562e-27,1.0461354467063524e-26,2.649731543460158e-27,6.1429735812517644e-27,3.471988600420515e-26,1.4495595699488358e-27,2.429999271540136e-26,8.548678600978313e-27,1.3623981770799453e-26,5.823161914854622e-27,4.708771502890144e-26,1.8031015337107818e-27,2.501311253592362e-28,1.0435833240076568e-26,2.0734720056095224e-26,2.392695584757311e-26,1.5754049630089342e-26,7.627939137516529e-26,5.610254560710304e-27,5.082583144905346e-28,1.9699437131534816e-26,1.4157061114184305e-26,2.088643820824981e-26,4.324451735929368e-27,5.0627211821499786e-27,1.4245828630583298e-26,7.437233692923512e-28,0.0,1.393856405866633e-26,1.3917809083119224e-26,4.816828192461392e-27,6.821206531277043e-27,3.005088016839664e-26,1.8481417348394715e-27,0.0,1.2036830126786947e-26,2.29066366018465e-26,3.240597254445498e-27,7.220151638165073e-27,1.0568472492162326e-27,6.20952142799855e-28,2.4477243490193468e-26,1.8144770603476795e-26,1.1752360711833728e-26,2.0711306297965418e-26,6.331444865932752e-26,4.012697813735599e-27,4.280155681559104e-28,1.0842966392857025e-26,1.9895849493144998e-26,1.3200424297161714e-26,2.1209449502135363e-26,6.599084971615756e-26,3.0075086172531976e-27,3.03238654983763e-28,1.7163753012419066e-26,1.0024962887647983e-26,1.973354016486092e-26,3.215744931005843e-26,7.577345821517736e-26,4.9394888849948646e-27
9.621894393369313e-27,1.6751982339347272e-26,1.5507135821354055e-26,2.1650447272356346e-26,4.6724197052985e-26,3.0148462679056774e-27,0.0013591792207285748,1.6347968008895778e-26,1.3934332298813202e-26,1.906620036424416e-26,2.231242407844838e-26,4.200032117229494e-26,2.897810374635067e-27,3.040900561325001e-28,9.248962615867965e-27,1.383201031817938e-26,1.2475983902998633e-26,1.3149692301300244e-26,3.106869078126264e-26,9.244907068349543e-26,2.5319576918726797e-28,8.76817359259985e-27,1.3272229636064584e-26,1.756469817126511e-26,1.730085995939459e-26,6.588816364185988e-26,2.2750276358013314e-27,0.0007281355132932933,1.66702005320355e-26,1.1423142277963104e-26,1.427968546574331e-26,1.7023026776502044e-26,3.377128388501295e-26,6.902025253680784e-28,1.7395127657610421e-28,9.846815704825425e-27,1.2328342178633414e-26,1.4839414451566418e-26,1.5594289856824656e-26,4.520161396030176e-26,1.5174876331534123e-27,2.576654409200756e-28,0.0,1.1207355185423395e-26,1.1407602957896378e-26,3.8795952542623494e-27,5.6002754043285034e-27,1.5030987393094541e-26,1.7347648874980364e-27,9.530351416594962e-27,1.6276609290837357e-26,1.672856280138284e-26,1.856145205955404e-26,5.291326633718901e-26,3.376435556654966e-27,3.004203498317519e-28,0.0,1.894847396602929e-26,1.556587413656588e-26,4.894935967734546e-27,4.2969483195592655e-27,1.65333860453582e-26,1.5715672540005589e-27,1.4414291204670747e-26,2.1659103655377344e-26,2.11255210790561e-26,8.995686248890952e-27,6.525778763745122e-27,1.9822034015688923e-26,7.684418615132267e-28,1.2237393492776956e-26,1.5322108970231104e-26,1.4580905273971632e-26,1.8894623865670363e-26,4.2267614199541074e-26,8.643902264892521e-26,2.7382720874017714e-28,0.0,1.0874160014828231e-26,1.0942498049062682e-26,2.7800654402669875e-27,2.932256346083358e-27,4.826809753518989e-27,2.146833509127801e-28,1.8639457308923574e-26,2.280247361643129e-26,1.6952031826577694e-26,9.454636256745619e-27,3.985487940009125e-26,6.966950198685839e-28,16.491564567136866,0.0,2.1322203699266214e-26,2.2486137491649358e-26,4.3281220568451825e-27,4.418008602797911e-27,1.8556255892867095e-27,2.9531820022857195e-28,1.2382735350428678e-26,1.0775139578435785e-26,1.0922915807283532e-26,1.3304486156707047e-26,4.807595008369973e-26,2.2316074666252036e-27,2.0277084179822887e-28,0.0,1.16189810669763e-26,1.5611032840480667e-26,3.973127272039764e-27,4.4130039454524265e-27,1.4981704253669434e-26,2.405914154972478e-28,0.0,2.2277850518410475e-26,1.086407024229476e-26,5.5419488426431954e-27,7.927330243413712e-27,1.1678782355790735e-27,2.9954907648779994e-28,1.4121200583951918e-26,9.508641790456361e-27,8.442327103582116e-27,1.8340241765120962e-26,5.938519580167817e-26,2.794415267275046e-27,1.9430867611687899e-28,1.2758418310177035e-26,1.819107304731423e-26,1.5974648144874422e-26,1.0587171964275989e-26,4.6053423921590696e-26,1.781823523752875e-27,2.9123134293816924e-28,0.0,1.7166103503337238e-26,1.6743901701802722e-26,3.78130815183201e-27,4.2246583151107176e-27,9.809172861500527e-28,4.0689672306867425e-28,0.0,1.531206710559659e-26,1.831197613579498e-26,3.0628482740641434e-27,4.76724205263404e-27,1.5190754813008295e-26,1.1937731584302657e-27,0.0,9.058806606702671e-27,1.0461220463133907e-26,2.6167977247319885e-27,4.430132910218422e-27,2.3886972509271532e-26,9.937162548324297e-28,2.4299992701968738e-26,8.548632974093621e-27,1.3619390812346385e-26,4.313877235767005e-27,3.451838151766139e-26,1.3660684158522773e-27,2.4756752509722666e-28,1.0435832550769125e-26,2.0734266195293856e-26,2.3834740618501936e-26,9.714691823131172e-27,5.511637273100315e-26,3.657076808164332e-27,5.408734401803757e-28,1.9699437063041957e-26,1.4156922231332844e-26,2.0457619076746286e-26,5.096967323240015e-27,4.791864435929965e-27,1.0441274415760706e-26,4.0254465636893573e-28,0.0,1.3938563998087516e-26,1.391774479242417e-26,4.7673650870578384e-27,4.990159360694333e-27,1.9998085198275986e-26,1.2703049493349873e-27,0.0,1.2036829993391817e-26,2.2906554225180437e-26,3.20032166819181e-27,5.4998764947790505e-27,1.031604608140678e-27,6.8843647453177505e-28,2.4477243044788522e-26,1.8144333098660123e-26,1.1695217107742569e-26,1.3114292994393688e-26,4.691627630833984e-26,2.3774698774251726e-27,5.357531524925996e-28,1.0842966119441349e-26,1.9895401279713312e-26,1.313756725169134e-26,1.338901939492401e-26,4.663876037339535e-26,1.743646012510317e-27,3.0843686542480648e-28,1.7163752685034494e-26,1.0024300355524838e-26,1.9656794136394756e-26,2.2492787964227552e-26,5.469516140836963e-26,3.288847709945743e-27
9.62189412855353e-27,1.6751575508196216e-26,1.547552561197169e-26,1.4356894572712923e-26,3.226741712578005e-26,1.637423460301115e-27,0.0057156915775847545,1.6347967852983703e-26,1.3933991210712306e-26,1.9031304862553674e-26,1.433101252064359e-26,3.07122556500473e-26,1.67682124344858e-27,3.0610878750308856e-28,9.24896236986986e-27,1.3831853156116039e-26,1.246425159619459e-26,7.761838330060949e-27,2.19940381814477e-26,6.402924897264567e-26,2.5067364496949864e-28,8.768173351280349e-27,1.3271907312631432e-26,1.7534205336329159e-26,1.112815247877236e-26,4.971417679354339e-26,1.2128607019215854e-27,0.0032834320563102475,1.6670200474110837e-26,1.1423089961911427e-26,1.426857572796487e-26,1.034391851363381e-26,2.4694168539615253e-26,6.917281536743547e-28,1.7303740644934303e-28,9.846815459294522e-27,1.2328213283290107e-26,1.4808892037487837e-26,9.327253303554308e-27,3.169129280991398e-26,1.1232441554890823e-27,2.5762984799863985e-28,0.0,1.1207355166321973e-26,1.1407581373925092e-26,3.8401107645686054e-27,4.107984866293816e-27,1.0774756955558328e-26,1.5351157199958546e-27,9.530351163039987e-27,1.6276255758952884e-26,1.6695633315739888e-26,1.2095183322273728e-26,3.9855944042059386e-26,1.9289008320489567e-27,2.975642192412026e-28,0.0,1.8948473938578523e-26,1.5565846109941395e-26,4.876235501423368e-27,3.812426602829745e-27,1.1973871101952094e-26,1.533933443610084e-27,1.441429107463221e-26,2.1658916719523112e-26,2.1088680083178908e-26,4.70359516206383e-27,4.8801546594727535e-27,1.4421496035281962e-26,4.627334163706169e-28,1.2237393365124456e-26,1.5321948771950982e-26,1.4554061669472608e-26,1.1816852310450881e-26,3.081275352078711e-26,6.122624059341256e-26,2.70777366291857e-28,0.0,1.087415996775397e-26,1.0942440779649706e-26,2.7796333508304844e-27,2.917513324517888e-27,3.045040923448945e-27,2.14678099608459e-28,1.8639457164237235e-26,2.2802275482732796e-26,1.6922408928261526e-26,4.952135877888383e-27,2.867551824916857e-26,6.881417112900266e-28,28.77273887906683,0.0,2.132220366839572e-26,2.2486102870241691e-26,4.309823642583147e-27,3.907919941641636e-27,1.9586825789074892e-27,3.3646674842308092e-28,1.2382735221268288e-26,1.0774814754793286e-26,1.0899090660336461e-26,7.610109328261359e-27,3.4406860646036274e-26,1.1973381353839943e-27,2.00414668535626e-28,0.0,1.1618981047173373e-26,1.561100330289939e-26,3.954240727575714e-27,3.1068720445691405e-27,1.0663476160548652e-26,2.405069508888408e-28,0.0,2.227785048769233e-26,1.0864048586539639e-26,5.5199596828745165e-27,7.046390200775175e-27,1.15653449155477e-27,2.994560738590587e-28,1.4121200456556647e-26,9.50852750831515e-27,8.39332782222544e-27,1.193799404320816e-26,4.4114638636947865e-26,1.5986964278262565e-27,1.8741416854888742e-28,1.2758418188504441e-26,1.8190897156011772e-26,1.5945855261609117e-26,6.023445808227201e-27,3.2551402822271134e-26,1.3312140146801881e-27,2.8815575228348317e-28,0.0,1.7166103475719985e-26,1.674387519016262e-26,3.734289322780747e-27,2.992258037777869e-27,1.1377578378040631e-27,4.413996617318266e-28,0.0,1.5312067079498077e-26,1.8311945162989034e-26,3.021582094995157e-27,3.423278388416341e-27,1.0846078026696419e-26,7.334763545346545e-28,0.0,9.058806564861884e-27,1.0461164628415206e-26,2.603136083769675e-27,3.798888367909578e-27,1.5517318200566594e-26,6.304791389914364e-28,2.4299992696371813e-26,8.548613962927522e-27,1.3617478140696926e-26,3.751702279980478e-27,2.4311719337436952e-26,1.2018439004297158e-27,2.4650325532562047e-28,1.0435832263557693e-26,2.073407708808187e-26,2.3796370148650532e-26,5.16600006632851e-27,4.039959714239036e-26,2.153842039128606e-27,1.1946443459633215e-08,1.9699437034503267e-26,1.415686436367855e-26,2.0820801902119793e-26,5.731063688427247e-27,4.688291184350297e-27,7.507994994482776e-27,2.8348967040506037e-28,0.0,1.393856397284634e-26,1.391771800467775e-26,4.746830801290524e-27,4.31150912018241e-27,1.4334267446985654e-26,8.091251566867483e-28,0.0,1.2036829937810514e-26,2.290651990161133e-26,3.1836145040107633e-27,4.8520763685363975e-27,1.0211768906005215e-27,8.168789202042046e-28,2.447724285920313e-26,1.8144150806538898e-26,1.1671448371566973e-26,7.289942460726067e-27,3.429178695548442e-26,1.8223971271912985e-27,4.88852224274059e-28,1.0842966005518153e-26,1.989521452560236e-26,1.3111421086845765e-26,7.455384217843776e-27,3.331143266326013e-26,1.3180831977777417e-27,3.7982887242389433e-28,1.7163752548624255e-26,1.0024024306932405e-26,1.9624860745534722e-26,1.4683064755834277e-26,4.0050469001578315e-26,1.98197997982677e-27
9.621894018213621e-27,1.6751405996670597e-26,1.5462364205424243e-26,8.589599382269064e-27,2.236775456820336e-26,1.1809413595357294e-27,0.020318254805493104,1.6347967788020338e-26,1.3933849091900954e-26,1.901677449880349e-26,8.151478575082205e-27,2.2001482749956837e-26,1.2673300314104805e-27,3.7271847454539976e-28,9.24896226737065e-27,1.3831787672182782e-26,1.24593647623069e-26,5.933639954047932e-27,1.48050216519888e-26,4.307609067207109e-26,2.496264856017428e-28,8.768173250730557e-27,1.3271773012352913e-26,1.7521507802843225e-26,6.3944359386089536e-27,3.6984954831570046e-26,8.925873867323029e-28,0.01245881861208613,1.667020044997556e-26,1.14230681635914e-26,1.426394794593127e-26,5.30356511237073e-27,1.7313048813781246e-26,8.819504178023205e-28,1.8570928667070874e-28,9.846815356989982e-27,1.2328159577092869e-26,1.4796183637149365e-26,7.188715132945648e-27,2.1508550723475136e-26,9.764451438327952e-28,2.5761501833622903e-28,0.0,1.1207355158363048e-26,1.1407572380609534e-26,3.823718498573721e-27,3.554301906453729e-27,7.86853410707115e-27,1.4555295149064542e-27,9.530351057392082e-27,1.6276108455130676e-26,1.6681922267126278e-26,7.043156712204752e-27,2.9609274175436e-26,1.4481064984552255e-27,2.9787946181883663e-28,0.0,1.89484739271407e-26,1.556583443218836e-26,4.829431747478534e-27,3.65347649641006e-27,8.842756082577608e-27,1.537567382355573e-27,1.441429102044948e-26,2.1658838829820082e-26,2.10733391553424e-26,3.3116779515192e-27,4.2889268344315426e-27,1.0581560794932092e-26,3.602987153848422e-28,1.2237393311935914e-26,1.532188202291317e-26,1.4542884132235823e-26,6.428888825228759e-27,2.1988383271747912e-26,4.2535343870369317e-26,2.695116386222101e-28,0.0,1.0874159948139695e-26,1.094241691743796e-26,2.779453323472817e-27,2.9113813603441874e-27,1.681279583146258e-27,2.146759115836967e-28,1.8639457103951255e-26,2.2802192927277173e-26,1.691007369782891e-26,3.5020677351277055e-27,2.0125430663744015e-26,6.845934236854415e-28,48.12486932375791,0.0,2.1322203655533017e-26,2.2486088444662687e-26,4.263764755956389e-27,3.718161356285494e-27,2.0425806020479546e-27,3.7287240507968487e-28,1.2382735167451462e-26,1.0774679413052584e-26,1.0889171189738529e-26,5.703844394999212e-27,2.3983841334790547e-26,8.606609817016084e-28,1.9943699290537023e-28,0.0,1.161898103892215e-26,1.561099099558181e-26,3.946384614044764e-27,2.6301190728462887e-27,7.726894998375842e-27,2.404717616690471e-28,0.0,2.2277850474893103e-26,1.0864039563314493e-26,5.510810433512603e-27,6.694641240294465e-27,1.151824270123457e-27,2.9941732701490235e-28,1.4121200403475286e-26,9.508479890957868e-27,8.372953543612243e-27,6.944086514821258e-27,3.2262606125450235e-26,1.1977327403688006e-27,1.5333774572558994e-28,1.2758418137807525e-26,1.8190823868218305e-26,1.5933865890529266e-26,4.499220061112636e-27,2.2327971291815373e-26,1.1628124481866906e-27,2.868790743892275e-28,0.0,1.7166103464212797e-26,1.674386414365184e-26,3.719890473277392e-27,2.5532277144882985e-27,1.2691627305398448e-27,4.726555070986139e-28,0.0,1.5312067068623692e-26,1.8311932257660644e-26,3.0044704573741134e-27,2.9288236213418688e-27,7.9148668146524e-27,3.946471574441632e-28,0.0,9.05880654742822e-27,1.0461141363992498e-26,2.5974542859056982e-27,3.55018205972299e-27,1.0754167645203739e-26,3.516392824076091e-28,2.429999269403976e-26,8.54860604161452e-27,1.3616681233555784e-26,3.529041470705719e-27,1.6030126367790057e-26,1.1365198954875822e-27,2.460604860800805e-28,1.0435832143886265e-26,2.0733998293660233e-26,2.3780391573519602e-26,3.713062127575078e-27,2.8988673203539796e-26,1.6692775613386544e-27,6.432397998848661e-07,1.9699437022612143e-26,1.415684025219059e-26,2.040847811706853e-26,6.1912750674031856e-27,4.64630506326275e-27,5.180485003283585e-27,2.369151825854107e-28,0.0,1.3938563962329185e-26,1.3917706843124082e-26,4.7382879289077136e-27,4.043371091519285e-27,1.0466786189086856e-26,4.5422029479718565e-28,0.0,1.2036829914651639e-26,2.2906505600130977e-26,3.176666090052271e-27,4.594135452204118e-27,1.0168476416136717e-27,8.206839089172659e-28,2.4477242781875886e-26,1.8144074851756837e-26,1.1661551865920732e-26,5.364237158726984e-27,2.435999517689745e-26,1.6133823716249812e-27,1.7675057529320266e-28,1.0842965958050155e-26,1.9895136711646282e-26,1.3100534536519028e-26,5.492081722336102e-27,2.316050847297915e-26,1.1583081575066772e-27,4.403859265984595e-28,1.7163752491786658e-26,1.0023909287806223e-26,1.9611562823352575e-26,8.574622061871648e-27,2.875511801318708e-26,1.5346021150193207e-27
9.62189397223866e-27,1.6751335367119702e-26,1.5456881936716777e-26,6.607050351966462e-27,1.505336954686677e-26,1.010204111882596e-27,0.06309520363352872,1.634796776095227e-26,1.393378987594288e-26,1.9010721816324034e-26,6.0878111925757986e-27,1.5021547751419372e-26,1.1144820994724158e-27,4.2723965303230325e-28,9.248962224662647e-27,1.3831760387254797e-26,1.2457328863642557e-26,5.244241449403839e-27,9.139889120242869e-27,2.9734273683218215e-26,2.4919081595592874e-28,8.76817320883481e-27,1.3271717054102747e-26,1.751621851954126e-26,4.776032553638416e-27,2.650386447721015e-26,7.939279494064707e-28,0.04086628478142598,1.6670200439919197e-26,1.1423059080963978e-26,1.4194582418529326e-26,3.720114523918893e-27,1.1309614423574841e-26,1.0419817403349244e-27,2.2503754509566344e-28,9.846815314363088e-27,1.2328137199543937e-26,1.479089007967316e-26,6.379728200643593e-27,1.3604604711890535e-26,9.183117122248208e-28,2.5760883943449703e-28,0.0,1.120735515504683e-26,1.1407568633395676e-26,3.816898735749793e-27,3.3354243384765745e-27,5.6476456590603406e-27,1.4229937274708435e-27,9.530351013372123e-27,1.627604707873336e-26,1.6676210990634634e-26,5.338850596750423e-27,2.1226590971737062e-26,1.2702419113604336e-27,3.6022028602861084e-28,0.0,1.894847392237494e-26,1.5565829566459109e-26,4.816476562419213e-27,3.6140312995116395e-27,6.433177239244457e-27,1.5578112597805049e-27,1.4414290997873344e-26,2.1658806375817716e-26,2.1066948748632792e-26,2.8063948441050666e-27,4.0709889075794196e-27,7.504674542410753e-27,3.231150574743822e-28,1.2237393289774023e-26,1.5321854210856331e-26,1.4538228091689312e-26,4.6641984139404494e-27,1.493354958427929e-26,3.046652109613461e-26,2.689851268963731e-28,0.0,1.0874159939967079e-26,1.0942406974857173e-26,2.7793783137929806e-27,2.9088282771307053e-27,1.2317087700972631e-27,2.146749999098988e-28,1.86394570788321e-26,2.280215852921395e-26,1.6904935345129924e-26,2.9718264249873467e-27,1.3355647236262616e-26,6.831176770474268e-28,77.39711916344461,0.0,2.1322203650173555e-26,2.2486082434005988e-26,4.2510279140624726e-27,3.6544058858616375e-27,2.110327726836344e-27,4.046730835222137e-28,1.2382735145027785e-26,1.0774623020910934e-26,1.0885039408488234e-26,4.990538161018299e-27,1.576411313064203e-26,7.367448723922384e-28,1.9903033332689266e-28,0.0,1.1618981035484144e-26,1.5610985867534128e-26,3.9431135389238225e-27,2.4431852824666968e-27,5.492900855532619e-27,2.4045710024996475e-28,0.0,2.2277850469560095e-26,1.0864035803638364e-26,5.507000485911732e-27,6.55073699232365e-27,1.149864514288968e-27,2.9915945946188556e-28,1.4121200381358052e-26,9.508460050427048e-27,8.36447156762492e-27,5.262925707564873e-27,2.2636278367698298e-26,1.0474377102856391e-27,1.2822219953363338e-28,1.275841811668381e-26,1.8190793331680536e-26,1.592887164933402e-26,3.929634108140249e-27,1.4342105224763933e-26,1.0960049112327742e-27,2.8634796167644237e-28,0.0,1.7166103459418134e-26,1.6743859540939984e-26,3.667001972448826e-27,2.3846041435984563e-27,1.3773591608621697e-27,5.006501516580745e-28,0.0,1.5312067064092704e-26,1.8311926880441697e-26,2.9973549492439876e-27,2.7341774858107996e-27,5.682483322879869e-27,2.780469790713127e-28,0.0,9.058806540164195e-27,1.0461131670490441e-26,2.5950887021017487e-27,3.449039155141713e-27,7.505769040162238e-27,2.5931218877589478e-28,2.4299992693068077e-26,8.548602741068506e-27,1.3616349195686666e-26,3.438276331842379e-27,9.512149537039838e-27,1.1098402500080385e-27,2.4587611631156656e-28,1.043583209402317e-26,2.0733965462693528e-26,2.377373541679233e-26,3.153922873747966e-27,1.9773019727311e-26,1.5097549000650625e-27,1.0944857306544327e-05,1.9699437017657506e-26,1.4156830205743242e-26,2.079925517271912e-26,6.56925295347545e-27,4.633810932236603e-27,3.3408604846820315e-27,2.1741747793961424e-28,0.0,1.3938563957947036e-26,1.3917702192477928e-26,4.7347306695438694e-27,3.934187302517467e-27,7.511367605179605e-27,3.3637370054500343e-28,0.0,1.203682990500211e-26,2.2906499641181806e-26,3.173773157892282e-27,4.488739157799798e-27,1.0150465018677866e-27,6.495407825884613e-28,2.4477242749656197e-26,1.8144043203977147e-26,1.1657429560186672e-26,4.6488577418773315e-27,1.63171442005995e-26,1.5304565008923629e-27,8.577425999572337e-29,1.0842965938271818e-26,1.9895104289208717e-26,1.3095999807725093e-26,4.7624149457392815e-27,1.5167514957812658e-26,1.0947808407513124e-27,4.906008954035578e-28,1.7163752468104324e-26,1.0023861363364597e-26,1.960602335077812e-26,6.511398554643856e-27,1.9698287140974578e-26,1.3650610366175816e-27
9.621893953082424e-27,1.6751305938183407e-26,1.5454597944226988e-26,5.862963388526466e-27,9.41276298624827e-27,9.419324744108731e-28,0.1751806206421099,1.634796774967391e-26,1.3933765202663904e-26,1.900820014879019e-26,5.316689082391249e-27,9.462927154366408e-27,1.0389583730170585e-27,4.708797881846038e-28,9.248962206867646e-27,1.3831749018542105e-26,1.2456480621348666e-26,4.969552972243632e-27,4.8665843734339474e-27,2.0065031355857084e-26,2.490093991920732e-28,8.768173191378249e-27,1.3271693738199438e-26,1.7514014886430865e-26,4.197785464987683e-27,1.7881520375458902e-26,7.718840571053696e-28,0.11858253674307033,1.6670200435729044e-26,1.142305529653686e-26,1.4176947086265606e-26,3.1226206061500995e-27,6.582367354600492e-27,1.1733947322589535e-27,2.6365958006048095e-28,9.846815296601884e-27,1.2328127875570673e-26,1.4788684709945603e-26,6.056898669344609e-27,7.600255162779921e-27,8.94615977416081e-28,2.576062649132707e-28,0.0,1.1207355153665073e-26,1.1407567072056712e-26,3.8140589644218225e-27,3.2462780342173644e-27,3.8737870230496214e-27,1.409545664693764e-27,9.53035099503047e-27,1.6276021505268028e-26,1.6673831579907975e-26,4.69828987425094e-27,1.4360365935022855e-26,1.1854420829556331e-27,4.106791400107641e-28,0.0,1.8948473920389208e-26,1.5565827539072095e-26,4.805779117490543e-27,3.615856269434116e-27,4.491704687132669e-27,1.5830692728396906e-27,1.4414290988466626e-26,2.1658792853323582e-26,2.097813293200045e-26,2.6106601084354837e-27,3.993556417382609e-27,5.0643834876401974e-27,3.0961132842265395e-28,1.2237393280539904e-26,1.5321842622506488e-26,1.453628829454126e-26,4.0122951740003726e-27,9.333146518752412e-27,2.1554486890451166e-26,2.6876589880263344e-28,0.0,1.0874159936561826e-26,1.0942402832116413e-26,2.779347060057825e-27,2.907764822151697e-27,1.064988821498084e-27,2.146746200463442e-28,1.8639457068365784e-26,2.280214419669492e-26,1.6902794594987715e-26,2.763731728079661e-27,8.056779974857382e-27,6.825032524004076e-28,120.01884029506516,0.0,2.132220364794045e-26,2.2486079929565877e-26,4.206143261294621e-27,3.6340839022084395e-27,2.165056320635388e-27,4.321833303938879e-28,1.2382735135684587e-26,1.0774599524228564e-26,1.0883318063802373e-26,4.707384649350428e-27,9.368284518166484e-27,6.879544837365905e-28,1.988610142136255e-28,0.0,1.161898103405164e-26,1.5610983730847795e-26,3.941750991204325e-27,2.367329745867036e-27,3.7186548377390765e-27,2.4045099145559477e-28,0.0,2.2277850467338006e-26,1.0864034237106799e-26,5.5054133965515186e-27,6.491238289278982e-27,1.1490484417390097e-27,2.990923207174558e-28,1.4121200372142535e-26,9.50845178354512e-27,8.313165908653188e-27,4.641622773924098e-27,1.4823214540082495e-26,9.877959257647455e-28,1.1366276161583452e-28,1.2758418107882263e-26,1.8190780608130395e-26,1.5926790946253756e-26,3.703679551343499e-27,8.216489989498179e-27,1.068751729074755e-27,2.8612680988716844e-28,0.0,1.716610345742036e-26,1.674385762314352e-26,3.6705539258775544e-27,2.3232938300942676e-27,1.4657303721981948e-27,5.254800833141577e-28,0.0,1.5312067062204787e-26,1.8311924639933978e-26,2.9943926439113568e-27,2.655050015315417e-27,3.90622148059061e-27,2.329347880146309e-28,0.0,9.058806537137517e-27,1.046112763153248e-26,2.5941033602071434e-27,3.407327635445867e-27,5.062696531583612e-27,2.2498426156120006e-28,2.4299992692663205e-26,8.548601365841182e-27,1.3616210847723872e-26,3.400806515745374e-27,7.29548658009585e-27,1.0988172519068203e-27,2.4579931594729246e-28,1.0435832073246881e-26,2.0733951783130952e-26,2.3770962292744267e-26,2.9560542158481996e-27,1.2401944646115617e-26,1.4683199202998929e-27,0.0001020619796270259,1.9699437015593076e-26,1.415682601972452e-26,2.0392275206052698e-26,6.823728197555097e-27,4.627903430297103e-27,1.9204654758447968e-27,2.096803532969556e-28,0.0,1.393856395612114e-26,1.3917700254708882e-26,4.733248872360443e-27,3.8891350771295566e-27,5.1509871896784266e-27,2.924845659488686e-28,0.0,1.203682990098147e-26,2.2906497158286407e-26,3.172568158423334e-27,4.445184968226317e-27,1.0142964981039645e-27,1.2274535853442185e-28,2.4477242736231328e-26,1.814403001741011e-26,1.1655712147639723e-26,4.36588675351788e-27,9.914039712065494e-27,1.4968733867697922e-27,5.521634875660079e-29,1.0842965930030849e-26,1.9895090779867206e-26,1.309411056881251e-26,4.4737301506012724e-27,8.962132250413735e-27,1.068839874522668e-27,4.795176743706807e-28,1.7163752458236683e-26,1.0023841394880863e-26,1.9603715467375138e-26,5.735395857126138e-27,1.2472912846383229e-26,1.2973471001111335e-27
9.621893945100659e-27,1.6751293676133954e-26,1.539574566922207e-26,5.566701891734969e-27,5.145403662086613e-27,9.13739981642033e-28,0.4424021373319023,1.634796774497459e-26,1.393375492213734e-26,1.9007149503000888e-26,5.01079432473133e-27,5.2095034750518685e-27,9.586519845185701e-28,5.053156794024631e-28,9.248962199453062e-27,1.383174428157959e-26,1.2456127195466538e-26,4.8572801489626866e-27,3.480226793515108e-27,1.457966528841657e-26,2.489338283504409e-28,8.76817318410468e-27,1.3271684023245544e-26,1.745722486576247e-26,3.940468905104388e-27,1.0968784992726081e-26,7.7731506932607915e-28,0.31013549480105396,1.6670200433983148e-26,1.1423053719692376e-26,1.4180607140717076e-26,2.901689913591293e-27,5.019125187985395e-27,1.279595088454207e-27,3.0015233127385514e-28,9.846815289201379e-27,1.2328123990582633e-26,1.4787765854294545e-26,5.9248600296159666e-27,5.6107134267985906e-27,8.84834164243855e-28,2.576051921995948e-28,0.0,1.1207355153089336e-26,1.1407566421498829e-26,3.812876038257805e-27,3.209490092927963e-27,2.45981924876852e-27,1.4039611385569442e-27,9.530350987388117e-27,1.6276010849663143e-26,1.6672840208548393e-26,4.443467141390365e-27,8.997664053578258e-27,1.0805784847431027e-27,4.506511593922372e-28,0.0,1.894847391956182e-26,1.5565826694327528e-26,4.8021703179333156e-27,3.806427043027223e-27,2.926311007924705e-27,1.6101991032188695e-27,1.4414290984547153e-26,2.1658787218952135e-26,2.0955515720573178e-26,2.5382749074201023e-27,3.968575493425664e-27,3.1599111839436137e-27,3.0519901587257893e-28,1.2237393276692351e-26,1.5321837794028565e-26,1.4535480083815098e-26,3.755145282321273e-27,5.071802840344731e-27,1.4576736926235875e-26,2.686745800815063e-28,0.0,1.0874159935142964e-26,1.094240110597462e-26,2.779334037719781e-27,2.907321772944333e-27,9.990987741344003e-28,2.1467446176994407e-28,1.8639457064004823e-26,2.2802138224813177e-26,1.6901902655646623e-26,2.6792546240841643e-27,4.116104188019562e-27,6.822473236497787e-28,179.9305089372238,0.0,2.1322203647009989e-26,2.2486078886049182e-26,4.208322557609514e-27,3.6341736847355506e-27,2.2088693586798564e-27,4.557763422668178e-28,1.2382735131791584e-26,1.0774589733951708e-26,1.08826008767888e-26,4.591844536551922e-27,7.191773702567817e-27,6.681184392704947e-28,1.9879048580232214e-28,0.0,1.1618981033454762e-26,1.561098284056184e-26,3.941183332468705e-27,2.3360763121375474e-27,2.3155828117699238e-27,2.404484461468142e-28,0.0,2.2277850466412135e-26,1.0864033584385331e-26,5.504752176811606e-27,6.466527255957654e-27,1.1487084969699781e-27,3.1812055248365185e-28,1.412120036830274e-26,9.50844833901196e-27,8.299777549648983e-27,4.399683512495972e-27,8.686988070546749e-27,9.677148654934276e-28,1.0588221815612134e-28,1.2758418104214953e-26,1.8190775306652356e-26,1.5925924026628344e-26,3.611506279676682e-27,6.164469626377031e-27,1.0574975006681331e-27,2.8603468849731635e-28,0.0,1.7166103456587948e-26,1.674385682406167e-26,4.276047416330961e-27,2.29895052224034e-27,1.5370592753794746e-27,5.472793082661729e-28,0.0,1.5312067061418158e-26,1.8311923706389118e-26,2.993158782260127e-27,2.6224231183905424e-27,2.4920142407722768e-27,2.1422889857624605e-28,0.0,9.058806535876403e-27,1.046112594863352e-26,2.593692856285537e-27,3.3900227161232064e-27,3.172968375126349e-27,2.1140000113456703e-28,2.429999269249451e-26,8.548600792829829e-27,1.3616153202927853e-26,3.3852546807930106e-27,6.4585366413318016e-27,1.0942405715665191e-27,2.4576731932729005e-28,1.0435832064590094e-26,2.0733946083314225e-26,2.3699447697465737e-26,2.8526575455781787e-27,6.750996233630823e-27,1.4713668336425434e-27,0.0006470274994830547,1.9699437014732893e-26,1.4156824275550219e-26,2.0792115588056564e-26,7.043651496244923e-27,4.3334325170495e-27,1.4649666104253795e-27,2.1823299013671223e-28,0.0,1.393856395536035e-26,1.3917699447305135e-26,4.732631525300841e-27,3.870439874096236e-27,3.269727532449891e-27,2.751025654935479e-28,0.0,1.2036829899306203e-26,2.290649612374664e-26,3.17206614282824e-27,4.4271000429351775e-27,1.013984078308291e-27,2.1837801781995508e-29,2.4477242730637634e-26,1.8144024523008457e-26,1.1654996596320058e-26,4.250604350116707e-27,7.778479317717565e-27,1.4832483114158927e-27,4.3631909303874735e-29,1.0842965926597108e-26,1.989508515097613e-26,1.309332342604586e-26,4.356108532438442e-27,6.855599372386157e-27,1.0581229336515015e-27,1.593743493168041e-28,1.7163752454125168e-26,1.0023833074685097e-26,1.960275388906555e-26,5.4265880880047065e-27,6.929707641509118e-27,1.2696413202872301e-27
9.621893941774926e-27,1.6751288566947885e-26,1.538089191612789e-26,5.4545201182663766e-27,3.769875411122e-27,9.020329362176372e-28,1.0296794946456806,1.6347967743016545e-26,1.3933750638585686e-26,1.9006711742347573e-26,4.886012846422623e-27,3.8094733095199886e-27,9.031732216661433e-28,7.270447599524323e-08,9.248962196363651e-27,1.3831742307845336e-26,1.2455979936113512e-26,4.810878399960521e-27,2.9710126322041813e-27,1.0807367209448653e-26,2.489023438760714e-28,8.768173181074029e-27,1.3271679975349036e-26,1.744288905550791e-26,3.861942280595753e-27,5.742058414588091e-27,9.029645380812842e-28,0.7420283320655918,1.667020043325569e-26,1.1423053062673857e-26,1.395622183841322e-26,2.7920330057039086e-27,4.448869999021434e-27,1.364664099635075e-27,2.8606650467312346e-08,9.84681528611784e-27,1.2328122371837707e-26,1.4787383006145676e-26,5.870273381925667e-27,4.8706731582016984e-27,8.80774277847881e-28,3.1945118379898937e-06,0.0,1.1207355152849447e-26,1.1407566150433044e-26,3.812383206501195e-27,3.1942236438131955e-27,1.3738138591404408e-27,1.4016375197820235e-27,9.5303509842038e-27,1.6276006409828703e-26,1.667242714571084e-26,4.339387800070468e-27,4.909708242793719e-27,1.0069318717316237e-27,1.1017215017277516e-08,0.0,1.8948473919217072e-26,1.556582634235062e-26,4.793657326068028e-27,3.957316695739872e-27,1.703605715394355e-27,1.637183330397643e-27,1.4414290982914042e-26,2.1658784871297524e-26,2.079794941737491e-26,2.5082656164139822e-27,3.9639213620418445e-27,1.7281987318254735e-27,3.0428488271396914e-28,1.2237393275089203e-26,1.532183578216294e-26,1.4535143335930902e-26,3.6505127655060515e-27,3.676812915539316e-27,1.052774442308215e-26,2.6863653516892553e-28,0.0,1.0874159934551776e-26,1.0942400386748895e-26,2.7793286117544923e-27,2.907137178924406e-27,9.722655232427333e-28,2.146743958214537e-28,1.8639457062187752e-26,2.280213573652929e-26,1.6901531021149118e-26,2.644442811139124e-27,2.8610809563880334e-27,6.821407008058462e-28,261.47513007873863,0.0,2.132220364662229e-26,2.2486078451250553e-26,4.930718304390137e-27,3.825590221922182e-27,2.2440774421233613e-27,4.7587471160241835e-28,1.23827351301695e-26,1.0774585654670958e-26,1.0882302055743364e-26,4.544126520671258e-27,6.3696884298893546e-27,6.599390598232664e-28,1.9876110263695087e-28,0.0,1.1618981033206063e-26,1.561098246960936e-26,3.940946820055431e-27,2.3231153372686995e-27,1.2513207383742363e-27,2.404473856051754e-28,0.0,2.2277850466026357e-26,1.086403331241805e-26,5.504476680301069e-27,6.4562448923737404e-27,1.148566868143574e-27,3.97790811321066e-28,1.4121200366702826e-26,9.508446903789961e-27,8.304700403572568e-27,4.299979681990236e-27,6.62649334717091e-27,9.647763260481823e-28,1.0187838008334191e-28,1.2758418102686907e-26,1.8190773097703352e-26,1.59255628170317e-26,3.573443535636563e-27,5.396321681617383e-27,1.0528258186771804e-27,2.8599630895176926e-28,0.0,1.7166103456241114e-26,1.6743856491110897e-26,4.781119160039797e-27,2.2938661531193493e-27,1.5945292707307273e-27,5.662591641121452e-28,0.0,1.5312067061090398e-26,1.8311923317412088e-26,2.9926447482775054e-27,2.608888100066499e-27,1.4031316862468797e-27,2.06947299732141e-28,0.0,9.058806535350939e-27,1.0461125247425643e-26,2.593521822563689e-27,3.382825329866165e-27,1.7456069348983475e-27,2.05864725593512e-28,2.429999269242422e-26,8.548600554075101e-27,1.3616129184290963e-26,3.3787852682069844e-27,6.124852448751616e-27,1.0923364397905174e-27,2.45753988013306e-28,1.04358320609831e-26,2.0733943708390682e-26,2.3681393672842534e-26,2.8320966764579096e-27,4.923043780309375e-27,1.6231354093977267e-27,0.0031205511082284636,1.9699437014374485e-26,1.415682354881095e-26,2.0386889286754828e-26,7.176559583098282e-27,4.0913064209985474e-27,1.3106620999423006e-27,2.6742179268241733e-28,0.0,1.3938563955043355e-26,1.3917699110886906e-26,4.73237430923717e-27,3.862663493863365e-27,1.825118372334493e-27,2.6801720645177347e-28,0.0,1.2036829898608176e-26,2.2906495692688387e-26,3.1718569813829033e-27,4.419575531293547e-27,1.0138539175813566e-27,3.379479746782069e-30,2.4477242728306926e-26,1.8144022233674626e-26,1.1654698456378478e-26,4.2030252510424925e-27,7.01159284440133e-27,1.4777950599835334e-27,6.597932769776742e-08,1.0842965925166385e-26,1.9895082805605022e-26,1.3092995456830932e-26,4.307561971975683e-27,6.061044071646505e-27,1.0536734775602777e-27,7.752242743976851e-29,1.7163752452412037e-26,1.0023829607937843e-26,1.9602353238264836e-26,5.3004401754538775e-27,5.0973824545445654e-27,1.2581855005924235e-27
9.621893940389201e-27,1.675128643812053e-26,1.5240332516763262e-26,5.40614643628311e-27,3.276973128535582e-27,9.028697447358457e-28,2.2316650285559456,1.6347967742200693e-26,1.3933748853772668e-26,1.9006529343503023e-26,4.834484914966017e-27,3.3819153529759605e-27,8.698033020109565e-28,2.3034982454324378e-06,9.248962195076397e-27,1.383174148545606e-26,1.2455918578286403e-26,4.7916100654736525e-27,2.770720944359677e-27,7.90075396919842e-27,2.4888922592914425e-28,8.768173179811255e-27,1.3271678288725632e-26,1.730717964178425e-26,3.8027006547138624e-27,4.067178509296562e-27,1.010028256330796e-27,1.643562574771139,1.6670200432952582e-26,1.1423052788916142e-26,1.412735813607258e-26,2.767087740065075e-27,4.2366006586701e-27,1.4322253758709833e-27,1.0971744362807083e-06,9.846815284833029e-27,1.2328121697360644e-26,1.4787223487524386e-26,5.847603501566765e-27,4.577762977291723e-27,8.79085413297788e-28,1.5978441749497708e-05,0.0,1.1207355152749493e-26,1.1407566037488964e-26,3.812177869335131e-27,3.1878733599753082e-27,1.0140088872595723e-27,1.4006699114286396e-27,9.530350982877004e-27,1.6276004559897817e-26,1.6672255037648577e-26,4.296385434018579e-27,3.615559101635682e-27,9.629995739326839e-28,5.932067737933998e-07,0.0,1.8948473919073427e-26,1.5565826195693572e-26,4.793041755664805e-27,4.07641888706314e-27,1.2919681409511878e-27,1.6627892464349552e-27,1.4414290982233579e-26,2.1658783893108118e-26,2.0813729665883915e-26,2.4914093896121686e-27,3.966628965887042e-27,1.2548936970352679e-27,3.04644973893188e-28,1.2237393274421227e-26,1.5321834943885616e-26,1.4535003025444456e-26,3.6073522141850435e-27,3.1616380160703135e-27,7.706819036452578e-27,2.686206839066828e-28,0.0,1.0874159934305448e-26,1.0942400087071507e-26,2.7793263509371397e-27,2.9070602664181647e-27,9.611928026307517e-28,2.146743683429159e-28,1.863945706143064e-26,2.2802134699744354e-26,1.6901376174626375e-26,2.6300050722341704e-27,2.4053290086091573e-27,6.820962770678258e-28,369.26001175513295,0.0,2.1322203646460752e-26,2.248607827008445e-26,5.5233690576950495e-27,3.9738365613468425e-27,2.272040656166605e-27,4.928794915877884e-28,1.238273512949363e-26,1.0774583954970856e-26,1.0882177548144605e-26,4.5243175713848296e-27,6.0418738269329905e-27,6.565458527249144e-28,1.9828771188202464e-28,0.0,1.1618981033102436e-26,1.5610982315045823e-26,3.940848275309155e-27,2.317725570523598e-27,9.037823386142765e-28,2.4044694371339542e-28,0.0,2.2277850465865616e-26,1.0864033199098349e-26,5.5043618921207665e-27,6.451962985485943e-27,1.1485078587028214e-27,4.718960762178985e-28,1.4121200366036195e-26,9.508446305780812e-27,8.410560221805693e-27,4.244883692763833e-27,5.861619013015839e-27,9.690394375178015e-28,9.98675431556601e-29,1.2758418102050223e-26,1.819077217730795e-26,1.5925412314221357e-26,3.557643569348578e-27,5.0913397238192894e-27,1.0508823362608551e-27,2.8598031823001452e-28,0.0,1.7166103456096597e-26,1.6743856352381407e-26,5.129836991874699e-27,2.291114269871264e-27,1.640326071322636e-27,5.82633486890344e-28,0.0,1.5312067060953827e-26,1.8311923155338325e-26,2.9924305804779317e-27,2.603258840207466e-27,1.050266258578291e-27,2.1396010665365497e-28,0.0,9.058806535131994e-27,1.0461124955255694e-26,2.5934505601739456e-27,3.379828673932948e-27,1.2758129857602015e-27,2.0358003282059004e-28,2.4299992692394934e-26,8.548600454593965e-27,1.3616119176528554e-26,3.376091505708125e-27,5.9884292806595085e-27,1.091543540723291e-27,2.4574843340433404e-28,1.0435832059480185e-26,2.0733942718839193e-26,2.3452539563575194e-26,2.8010550017276336e-27,4.25816875392988e-27,1.752048570620707e-27,0.012250960709256516,1.9699437014225146e-26,1.4156823246002922e-26,2.078973437370704e-26,7.305608510197103e-27,3.947666676588262e-27,1.263655948821478e-27,3.143737254973744e-28,0.0,1.3938563954911273e-26,1.391769897071264e-26,4.732267137938185e-27,3.859425640843726e-27,1.3466221350908618e-27,2.6509225451574517e-28,0.0,1.203682989831733e-26,2.290649551308077e-26,3.1717698328142737e-27,4.416442204483813e-27,1.0137996864046906e-27,3.4808674414352397e-31,2.44772427273358e-26,1.8144021279785552e-26,1.1654574232511178e-26,4.183279659102285e-27,6.738888336911002e-27,1.4756892468318596e-27,8.664849269564347e-07,1.084296592457025e-26,1.9895081828367083e-26,1.309285880418489e-26,4.2874145230906915e-27,5.7444177468651296e-27,1.0518223038829936e-27,5.254815721517033e-29,1.716375245169823e-26,1.0023828163459986e-26,1.9602186301584548e-26,5.2483163895248944e-27,4.4167854137634275e-27,1.25342756372171e-27
9.621893939811816e-27,1.6751285551109158e-26,1.5256786219633762e-26,5.38360806807364e-27,3.0949266749986994e-27,1.0545132180701417e-27,4.541486728024288,1.6347967741860752e-26,1.393374811010061e-26,1.9006453344217697e-26,4.813095559461696e-27,3.278434652611199e-27,8.512386449400296e-28,2.6983711915773422e-05,9.248962194540042e-27,1.383174114279385e-26,1.2455893012561273e-26,4.783593003588333e-27,2.6893286462928773e-27,5.5545276169995316e-27,2.4888376021844683e-28,8.768173179285101e-27,1.32716775859659e-26,1.732307042388721e-26,3.8045548878021596e-27,3.46363877817286e-27,1.1000181660702892e-27,3.4024903296347593,1.6670200432826285e-26,1.1423052674850424e-26,1.3881231668470907e-26,2.741303256988314e-27,4.157831592368941e-27,1.4857564441392063e-27,1.5228815259652636e-05,9.846815284297694e-27,1.2328121416328524e-26,1.478715702167697e-26,5.838170661238136e-27,4.45839749294291e-27,8.783821978833975e-28,8.163085339111884e-05,0.0,1.1207355152707847e-26,1.1407565990428929e-26,3.812092313813995e-27,3.1852292711554162e-27,8.80183414907194e-28,1.400266839121995e-27,9.530350982324174e-27,1.6276003789093294e-26,1.6672183326194487e-26,4.278530979993436e-27,3.1668785350574754e-27,9.38995234233828e-28,1.0093535091562755e-05,0.0,1.8948473919013576e-26,1.5565826134586468e-26,4.785982920823393e-27,4.169146609911607e-27,1.1377638448999525e-27,1.6863126596723678e-27,1.4414290981950057e-26,2.1658783485529197e-26,2.086103447831344e-26,2.475969617187317e-27,4.113771028168652e-27,1.078551910323612e-27,3.6899215024517327e-28,1.2237393274142904e-26,1.5321834594603395e-26,1.45349445629336e-26,3.589444402499487e-27,2.9584522780979872e-27,5.528322390399092e-27,2.68614079347785e-28,0.0,1.0874159934202809e-26,1.0942399962205929e-26,2.7793254089301624e-27,2.9070282198154734e-27,9.565978841209087e-28,2.146743568935243e-28,1.8639457061115176e-26,2.2802134267750628e-26,1.6901311655442372e-26,2.6240010110375862e-27,2.227094525180089e-27,6.820777675988318e-28,507.6993347187499,0.0,2.1322203646393448e-26,2.248607819459858e-26,5.9450629212660105e-27,4.0843995537625404e-27,2.272222646213837e-27,5.071946247397314e-28,1.2382735129212017e-26,1.0774583246762512e-26,1.0882125670171726e-26,4.516076612334249e-27,5.907839989648659e-27,6.551345975324707e-28,1.981674150000712e-28,0.0,1.1618981033059261e-26,1.5610982250644353e-26,3.940807215361028e-27,2.3154816810743413e-27,7.7562468529802695e-28,2.404467595918901e-28,0.0,2.227785046579864e-26,1.0864033151881809e-26,5.504314064064604e-27,6.450179275416087e-27,1.148483271880421e-27,5.382958790134986e-28,1.4121200365758433e-26,9.508446056610334e-27,8.484039310215042e-27,4.2176568160809284e-27,5.56483487682296e-27,1.1474390166882095e-27,9.88841285031201e-29,1.2758418101784936e-26,1.8190771793809863e-26,1.5925349604918305e-26,3.551070581294551e-27,4.96688178306874e-27,1.0500730816083094e-27,2.859736555593794e-28,0.0,1.7166103456036384e-26,1.674385629457745e-26,5.4307500121941264e-27,2.124196394613168e-27,1.65911479340326e-27,5.952700589036335e-28,0.0,1.531206706089692e-26,1.8311923087807587e-26,2.992341346155893e-27,2.6009151077818044e-27,9.257246695209144e-28,2.5855691614324294e-28,0.0,9.058806535040766e-27,1.0461124833518213e-26,2.5934208677991073e-27,3.378580458212279e-27,1.1017564708172808e-27,2.026318398540184e-28,2.429999269238273e-26,8.548600413143492e-27,1.3616115006627264e-26,3.37496942166325e-27,5.932039725714682e-27,1.0912132509848596e-27,2.457461190018195e-28,1.0435832058853971e-26,2.0733942306526055e-26,2.3482185190633968e-26,2.8103610360589378e-27,4.007763981018599e-27,1.860922318337964e-27,0.040926756578531655,1.9699437014162924e-26,1.4156823119832912e-26,2.0385089068131247e-26,7.369980631926444e-27,3.865169590903286e-27,1.2564756520513874e-27,3.5808826072150605e-28,0.0,1.3938563954856238e-26,1.3917698912306696e-26,4.732222483587547e-27,3.8580769350457276e-27,1.168676517409748e-27,2.638782606351129e-28,0.0,1.2036829898196145e-26,2.290649543824426e-26,3.1717335212633145e-27,4.4151369785349966e-27,1.0137770905065754e-27,1.8701609221259745e-33,2.4477242726931162e-26,1.814402088233177e-26,1.1654522472754741e-26,4.175066049532517e-27,6.65371229811445e-27,1.4749419470628356e-27,1.1138636954514986e-05,1.0842965924321863e-26,1.98950814211846e-26,1.3092801865785012e-26,4.27903369047552e-27,5.6149966433701705e-27,1.051051461665026e-27,4.395435146837975e-29,1.7163752451400816e-26,1.0023827561594237e-26,1.9602116744821269e-26,5.2266741594287575e-27,4.1475905440264605e-27,1.2514477496636843e-27
9.62189393957124e-27,1.675128518152108e-26,1.526216993799873e-26,5.362586586952393e-27,3.029971997414115e-27,1.1899690106124841e-27,8.736699395567848,1.6347967741719113e-26,1.393374780023725e-26,1.9006421677883212e-26,4.804197323577321e-27,3.283839115361849e-27,8.412394358044413e-28,0.00019320834270181625,9.248962194316559e-27,1.383174100001792e-26,1.245588236018003e-26,4.780254542087367e-27,2.6557732385857163e-27,3.656509127822782e-27,2.4888148285607585e-28,8.76817317906587e-27,1.327167729314934e-26,1.691646768594953e-26,4.451092454079557e-27,3.2293077355981836e-27,1.1746707465681962e-27,6.634732523828614,1.6670200432773663e-26,1.142305262732304e-26,1.3988971472462102e-26,2.75202007057191e-27,4.134131989405552e-27,1.5279527499921629e-27,0.0001253421531164089,9.846815284074635e-27,1.2328121299231805e-26,1.478712932761416e-26,5.834242557914721e-27,4.409127173784011e-27,8.780892744256105e-28,0.00038762494591433177,0.0,1.1207355152690496e-26,1.1407565970820583e-26,3.812056665963244e-27,3.184127890371228e-27,8.272167645686397e-28,1.4000989091274622e-27,9.530350982093825e-27,1.627600346792474e-26,1.6672153446457614e-26,4.271102595904998e-27,3.012697420388894e-27,9.268151056971621e-28,9.412330778067191e-05,0.0,1.894847391898864e-26,1.5565826109125174e-26,4.7877686186041824e-27,4.241588506349992e-27,1.0664207309810816e-27,1.7074205285733962e-27,1.4414290981831922e-26,2.1658783315704644e-26,2.098420826178485e-26,2.47262600203338e-27,4.2261961494501414e-27,1.0084191676212219e-27,4.205584368503774e-28,1.2237393274026935e-26,1.5321834449069132e-26,1.4534920203585426e-26,3.5819959653697724e-27,2.8757828724638056e-27,3.781281629808216e-27,2.6861132747040517e-28,0.0,1.0874159934160043e-26,1.0942399910178602e-26,2.7793250164272945e-27,2.9070148671059116e-27,9.546865837604063e-28,2.1467435212294406e-28,1.8639457060983734e-26,2.280213408775324e-26,1.6901284772481682e-26,2.62150134359372e-27,2.154854808151272e-27,6.820700553920843e-28,680.5520322417652,0.0,2.13222036463654e-26,2.2486078163146128e-26,6.296055849707063e-27,4.16999573366704e-27,2.197623888056286e-27,5.191740668535716e-28,1.2382735129094684e-26,1.0774582951675706e-26,1.0882104054379123e-26,4.512645096148582e-27,5.852436175651635e-27,6.545470226035245e-28,2.143935372439205e-28,0.0,1.1618981033041272e-26,1.56109822238104e-26,3.940790107112098e-27,2.314547047563442e-27,7.25116284222596e-28,2.404466828745961e-28,0.0,2.2277850465770735e-26,1.086403313220825e-26,5.504294135768801e-27,6.449436135078396e-27,1.1484730274475866e-27,5.957889500155796e-28,1.41212003656427e-26,9.508445952789299e-27,8.514720010209456e-27,4.209371993356055e-27,5.447006302109099e-27,1.292073731513112e-27,9.864422671976048e-29,1.2758418101674399e-26,1.8190771634018992e-26,1.592532347607488e-26,3.54833362970773e-27,4.915478745016081e-27,1.0497359840753604e-27,2.859708794687521e-28,0.0,1.716610345601129e-26,1.674385627049247e-26,5.616116895348749e-27,1.9853396672037473e-27,1.5888635549554695e-27,5.982958017873408e-28,0.0,1.5312067060873215e-26,1.831192305966978e-26,2.9923041655807523e-27,2.599938863354478e-27,8.82407690189455e-28,3.000840384108954e-28,0.0,9.058806535002756e-27,1.0461124782794261e-26,2.5934084960258396e-27,3.378060435956197e-27,1.0329987117073387e-27,2.0223741257467818e-28,2.4299992692377643e-26,8.548600395872462e-27,1.3616113269168008e-26,3.374501941665618e-27,5.9086227879336865e-27,1.091075644973334e-27,2.457451546703896e-28,1.0435832058593051e-26,2.0733942134728907e-26,2.2996845778653956e-26,3.5783643995740905e-27,3.9106762380184325e-27,1.9520838726209172e-27,0.11998887896721508,1.9699437014136998e-26,1.4156823067262072e-26,2.078893673844582e-26,7.44846004809556e-27,3.826285943078056e-27,1.2637410186373847e-27,3.980328736948958e-28,0.0,1.3938563954833308e-26,1.3917698887970884e-26,4.732203877669926e-27,3.857515043418545e-27,1.098252613021934e-27,2.633732520093385e-28,0.0,1.2036829898145651e-26,2.2906495407062381e-26,3.1717183915114622e-27,4.414593190888118e-27,1.0258331463080322e-27,0.0,2.4477242726762566e-26,1.8144020716726025e-26,1.1654500906220512e-26,4.1716460939987304e-27,6.639082034725757e-27,1.4747333129150572e-27,9.727378392945508e-05,1.0842965924218367e-26,1.989508125152523e-26,1.3092778141485e-26,4.275544096403902e-27,5.561506288025497e-27,1.050730360715015e-27,1.8608903049191833e-28,1.716375245127689e-26,1.0023827310816842e-26,1.9602087762863428e-26,5.2176697601879695e-27,4.03792368790435e-27,1.2506232887502242e-27
9.621893939471e-27,1.6751285027526046e-26,1.534667078853789e-26,5.35959796449529e-27,3.009745294143492e-27,1.3091253245227903e-27,15.977694344563718,1.6347967741660095e-26,1.3933747671127518e-26,1.9006408483580604e-26,4.800492154976608e-27,3.429538588002107e-27,8.361348584940088e-28,0.0010144646308135842,9.24896219422344e-27,1.383174094052795e-26,1.2455877921687723e-26,4.778863860338123e-27,2.641853964981779e-27,2.1653721840420115e-27,2.4888053395790206e-28,8.768173178974523e-27,1.327167717114244e-26,1.7138392361199173e-26,4.9817371923281976e-27,3.1398383362428404e-27,1.2361796212085602e-27,12.264211154838245,1.6670200432751737e-26,1.1423052607519965e-26,1.3744656091523252e-26,3.4600627254070706e-27,4.128552889343999e-27,1.561306426674323e-27,0.0007346165735184505,9.846815283981693e-27,1.23281212504415e-26,1.4787117788427384e-26,5.832606238159179e-27,4.3886786331175336e-27,8.779672373689143e-28,0.0016433370965533022,0.0,1.1207355152683265e-26,1.1407565962650436e-26,3.812041812741167e-27,3.183669037556616e-27,8.056323868336982e-28,1.4000289411354108e-27,9.530350981997846e-27,1.627600333410451e-26,1.6672140996571038e-26,4.268009340600773e-27,2.967013999882959e-27,9.285124353090051e-28,0.0005966998553129479,0.0,1.8948473918978248e-26,1.5565826098516303e-26,5.2428685110125e-27,4.2972683674750515e-27,9.879412993067054e-28,1.7260155059060943e-27,1.4414290981782695e-26,2.165878324494441e-26,2.0969032943547026e-26,2.473700897804191e-27,4.311061249401018e-27,9.797779540095883e-28,4.609095353492177e-28,1.2237393273978613e-26,1.5321834388429856e-26,1.4534910053861647e-26,3.578894732985238e-27,2.8416829655693816e-27,2.388399881226209e-27,2.6861018085823955e-28,0.0,1.0874159934142224e-26,1.094239988850055e-26,2.7793248528844374e-27,2.9070093034815728e-27,9.538907726228403e-28,2.1467435013520205e-28,1.8639457060928968e-26,2.2802134012754326e-26,1.690127357125283e-26,2.620460166937259e-27,2.125106414797175e-27,6.8206684198459015e-28,890.6354106642071,0.0,2.1322203646353715e-26,2.248607815004094e-26,6.524564275270863e-27,4.232417515768902e-27,1.5247067589939858e-27,5.277601826805345e-28,1.2382735129045792e-26,1.0774582828722868e-26,1.0882095047802267e-26,4.511215682494575e-27,5.829428245217974e-27,6.543022774895557e-28,2.6486247576495864e-28,0.0,1.1618981033033776e-26,1.5610982212629586e-26,3.940782978685863e-27,2.314157672488246e-27,7.045729581035803e-28,2.404466509090517e-28,0.0,2.227785046575911e-26,1.0864033124010934e-26,5.504285832322698e-27,6.4491265056611775e-27,1.148468758946901e-27,6.445901710143861e-28,1.4121200365594475e-26,9.508445909530534e-27,8.494884906645074e-27,4.216036343315584e-27,5.400158391716725e-27,1.4075037647453384e-27,1.0879642060319379e-28,1.2758418101628343e-26,1.8190771567439457e-26,1.5925312589061612e-26,3.547193544498033e-27,4.8941396845453186e-27,1.0495955427032716e-27,2.859697227679804e-28,0.0,1.7166103456000835e-26,1.6743856260457063e-26,5.7940697899511674e-27,1.904920170582118e-27,1.1235687519918978e-27,5.594176806544242e-28,0.0,1.5312067060863334e-26,1.8311923047945695e-26,2.992288673742489e-27,2.5968875472498983e-27,8.697659144510485e-28,3.3789165178858674e-28,0.0,9.058806534986917e-27,1.0461124761659283e-26,2.5934033411287777e-27,3.3778437716569406e-27,1.0050034264953785e-27,2.020731812379617e-28,2.4299992692375522e-26,8.548600388676198e-27,1.3616112545226447e-26,3.374307167880113e-27,5.898879390995123e-27,1.091018311680314e-27,2.4574475286607506e-28,1.0435832058484332e-26,2.0733942063146757e-26,2.3257532081337583e-26,4.222338207076658e-27,3.878190310030052e-27,2.0281280629826446e-27,0.31571165970111414,1.9699437014126196e-26,1.4156823045357556e-26,2.038448523590004e-26,7.475061271088262e-27,3.803251856711335e-27,1.5030062437562606e-27,4.339835841078818e-28,0.0,1.3938563954823754e-26,1.3917698877830962e-26,4.7321961252148924e-27,3.857280933800169e-27,1.0695551689859894e-27,2.631629744506823e-28,0.0,1.2036829898124612e-26,2.290649539406993e-26,3.1717120874587154e-27,4.414366622405229e-27,1.2185823293372968e-27,0.0,2.4477242726692318e-26,1.814402064772363e-26,1.1654491920169236e-26,4.170221525935921e-27,6.648999731207904e-27,1.47472752357168e-27,0.0006052967084527363,1.0842965924175243e-26,1.9895081180833826e-26,1.309276825636498e-26,4.2740905188329564e-27,5.539294154641045e-27,1.0505965830941534e-27,2.780142861495274e-28,1.7163752451225255e-26,1.0023827206326262e-26,1.9602075687050002e-26,5.213920218148758e-27,3.992662740087702e-27,1.2502798434552998e-27
9.621893939429235e-27,1.675128496336145e-26,1.531400738765549e-26,5.359108148331539e-27,3.0051110984791224e-27,1.4125742659964775e-27,27.902129561726174,1.63479677416355e-26,1.39337476173318e-26,1.9006402985954056e-26,4.798948756503549e-27,3.559644204938559e-27,8.414631142497643e-28,0.004271265456003648,9.248962194184641e-27,1.383174091574046e-26,1.2455876072315553e-26,4.778284469293741e-27,2.6360650505592126e-27,1.6586961163189482e-27,2.6253906377779694e-06,8.768173178936465e-27,1.327167712030623e-26,1.6769205744820056e-26,5.3645285600726226e-27,3.1034519973857353e-27,1.2863496993439599e-27,21.59951044423899,1.6670200432742603e-26,1.142305259926868e-26,1.3969918295230265e-26,4.0428546353967284e-27,4.1325043647025786e-27,1.5875320936009519e-27,0.003367990245602593,9.846815283942969e-27,1.2328121230112206e-26,1.4787112980433563e-26,5.831924505917329e-27,4.380172419193788e-27,8.77916391084363e-28,0.006161228064187698,0.0,1.1207355152680252e-26,1.1407565959246209e-26,3.812035623907124e-27,3.183477858490916e-27,7.9672310652719625e-28,1.3999997882659171e-27,9.530350981957857e-27,1.6276003278346079e-26,1.6672135809117963e-26,4.2667208148708765e-27,2.9561283488603523e-27,1.080808447816352e-27,0.0028778257435182596,0.0,1.8948473918973917e-26,1.556582609409594e-26,5.594606831407329e-27,4.340555272519542e-27,9.341591708487096e-28,1.742162793580338e-27,1.4414290981762184e-26,2.1658783215460977e-26,2.084866975267161e-26,3.1499660312448353e-27,4.373655344139618e-27,9.800959033340451e-28,4.91995502804849e-28,1.2237393273958481e-26,1.5321834363163492e-26,1.453490582481054e-26,3.577602949158196e-27,2.827534669290954e-27,1.3213419357911716e-27,3.5002013267074524e-06,0.0,1.0874159934134802e-26,1.0942399879468031e-26,2.7793247847415813e-27,2.9070069853045008e-27,9.535592825455656e-28,2.813119171396551e-06,1.8639457060906147e-26,2.2802133981504776e-26,1.6901268904074595e-26,2.620026404316422e-27,2.112772267622397e-27,6.820655030666668e-28,1139.7580433534754,0.0,2.1322203646348845e-26,2.2486078144580446e-26,6.729171548231991e-27,4.087060568080728e-27,1.2642945225630116e-27,2.0627481038779078e-07,1.2382735129025421e-26,1.0774582777492518e-26,1.0882091295061785e-26,4.510620160230044e-27,5.819854963734417e-27,6.542003138541391e-28,1.935096733318294e-07,0.0,1.1618981033030653e-26,1.561098220797092e-26,3.940780008510109e-27,2.3139954424870837e-27,6.961003627632854e-28,2.404466375900719e-28,0.0,2.2277850465754263e-26,1.0864033120595382e-26,5.5042823725552666e-27,6.44899749549545e-27,1.1484669804070859e-27,2.2337999360352485e-07,1.412120036557438e-26,9.508445891506047e-27,8.353442223215755e-27,4.513021869221113e-27,5.3825869432782295e-27,1.4988014210082723e-27,9.560856534453857e-08,1.275841810160915e-26,1.8190771539697988e-26,1.5925308052806556e-26,3.546718563004997e-27,4.885262092629635e-27,1.0495370282217113e-27,3.3948999993703723e-06,0.0,1.7166103455996484e-26,1.6347230760607594e-26,5.884877658281972e-27,1.8571945799160788e-27,9.362369042009764e-28,3.5983208543603193e-28,0.0,1.531206706085922e-26,1.8311923043060658e-26,2.9922822188216623e-27,2.5960572597609308e-27,8.68801212948397e-28,3.717740003550892e-28,0.0,9.058806534980318e-27,1.0461124752853041e-26,2.593401193256412e-27,3.377753496844834e-27,9.934522272431153e-28,2.0200477118436325e-28,2.4299992692374638e-26,8.548600385677756e-27,1.3616112243584038e-26,3.374226013791331e-27,5.89482201200822e-27,1.0909944232462516e-27,2.746097180585272e-06,1.0435832058439034e-26,2.073394203332086e-26,2.2812630245435948e-26,4.705198329039582e-27,3.866318443690537e-27,2.091006322575396e-27,0.7581186258922195,1.9699437014121693e-26,1.4156823036230674e-26,2.0788668864617164e-26,7.525854114311688e-27,3.7957106070038256e-27,1.6979338520327556e-27,7.121518036127379e-08,0.0,1.3938563954819773e-26,1.3917698873605993e-26,4.7321928950271046e-27,3.857183390145843e-27,1.0577100265133154e-27,2.630753835618695e-28,0.0,1.2036829898115844e-26,2.2906495388656407e-26,3.1717094607718686e-27,4.414272220511352e-27,1.3761766368614555e-27,0.0,2.4477242726663045e-26,1.8144020618972627e-26,1.1654488175981713e-26,4.177346681534749e-27,6.685735793635792e-27,1.4747890937660998e-27,0.002901542975449248,1.0842965924157272e-26,1.9895081151379074e-26,1.3092764137565504e-26,4.273484934381103e-27,5.5300521990601686e-27,1.0505408449170805e-27,1.7466590642229266e-07,1.716375245120374e-26,1.0023827162788519e-26,1.9602070655460516e-26,5.212358306661454e-27,3.973879264880214e-27
9.621893939411832e-27,1.67512849366262e-26,1.525733988655593e-26,5.3679507813823674e-27,3.0064972364755917e-27,1.5014181645726187e-27,46.69639274586126,1.6347967741625255e-26,1.3933747594916913e-26,1.900640069527581e-26,4.798305747013738e-27,3.673515843497121e-27,9.868302953341303e-28,0.015187819849916009,9.248962194168477e-27,1.383174090541234e-26,1.24558753017436e-26,4.778043066713695e-27,2.6336548722518697e-27,1.467482284566352e-27,1.313178773561093e-05,8.768173178920606e-27,1.3271677099124476e-26,1.7068888770604815e-26,5.680222769919173e-27,3.0923973768214562e-27,1.3271580267556601e-27,36.39163012738901,1.6670200432738794e-26,1.1423052595830646e-26,1.3783159771149677e-26,4.478846215306681e-27,4.171827052232388e-27,1.6081958609564526e-27,0.012787001684359525,9.846815283926835e-27,1.2328121221641667e-26,1.4787110977102754e-26,5.831640462543463e-27,4.376630592029906e-27,8.778952055611973e-28,0.020525815930222555,0.0,1.1207355152678994e-26,1.1407565957827781e-26,3.8120330452277335e-27,3.1833982021779546e-27,7.930255256801612e-28,1.399987641303432e-27,9.530350981941193e-27,1.62760032551134e-26,1.6672133647678707e-26,4.256252098795823e-27,2.9546211443013513e-27,1.2173540138912588e-27,0.011298046046726733,0.0,1.8948473918972112e-26,1.5100705026799912e-26,5.8541742724840074e-27,4.373438530739687e-27,9.023058801795308e-28,1.7560147823584808e-27,1.4414290981753638e-26,2.165878320317622e-26,2.0669397080961534e-26,3.697689039675187e-27,4.165313215983538e-27,1.1365206616765205e-27,4.626118544026348e-28,1.2237393273950094e-26,1.532183435263584e-26,1.4534904062705845e-26,3.577064774689784e-27,2.8216499557269957e-27,9.69275293432631e-28,1.750745210745925e-05,0.0,1.0874159934131705e-26,1.094239987570448e-26,2.7793247563487238e-27,2.907006019396896e-27,9.534211786667564e-28,1.4070776097935847e-05,1.863945706089664e-26,2.2802133968484133e-26,1.690126695941692e-26,2.6198456804669378e-27,2.1076436304451876e-27,6.820649451844332e-28,1428.850495241002,0.0,2.1322203646346816e-26,2.191085283225181e-26,6.845350758143926e-27,3.5083711312901676e-27,1.156173787573114e-27,2.5941042172122968e-06,1.2382735129016934e-26,1.0774582756146541e-26,1.0882089731419596e-26,4.5103720375263835e-27,5.815868410854538e-27,6.541578313461383e-28,4.449799847565315e-06,0.0,1.1618981033029348e-26,1.5610982206029808e-26,3.940778770937183e-27,2.313927848309212e-27,6.925852398257513e-28,2.404466320404956e-28,0.0,2.2277850465752242e-26,1.0864033119172238e-26,5.5042809309857964e-27,6.448943741597988e-27,1.1484662393491512e-27,5.136674794299588e-06,1.412120036556601e-26,9.508445883995845e-27,8.306154759216468e-27,4.736640590246781e-27,5.378357651865039e-27,1.5706201364750737e-27,3.0291692432911892e-06,1.2758418101601154e-26,1.819077152813904e-26,1.5925306162700216e-26,3.546520663413349e-27,4.881565467478307e-27,1.0495126476624283e-27,1.6980751562790572e-05,0.0,1.716610345599467e-26,1.641300486422164e-26,5.993170815080137e-27,1.8362355048380666e-27,8.562261322499233e-28,2.8204880617312098e-28,0.0,1.53120670608575e-26,1.8311923041025225e-26,2.99227952927335e-27,2.6923698363915653e-27,8.717974871973361e-28,4.017820580778991e-28,0.0,9.058806534977569e-27,1.0461124749183771e-26,2.5934002983098137e-27,3.377715882666025e-27,9.886589326075446e-28,2.0197627040569574e-28,2.429999269237427e-26,8.548600384428406e-27,1.3616112117899657e-26,3.374192199874086e-27,5.8931318480622296e-27,1.0909844698065096e-27,1.3735542725686927e-05,1.0435832058420159e-26,2.07339420208934e-26,2.3168361258980057e-26,5.099999859352162e-27,3.866521717895835e-27,2.1429016542111693e-27,1.682966056919029,1.9699437014119816e-26,1.375624605048979e-26,2.0384282306900695e-26,7.531878735960163e-27,3.916329348616831e-27,1.8535122464072523e-27,2.2563128440868055e-06,0.0,1.3938563954818112e-26,1.3917698871845592e-26,4.732191549115824e-27,3.857142747288586e-27,1.0527940164551995e-27,2.6303889165106426e-28,0.0,1.2036829898112195e-26,2.2906495386400772e-26,3.1717083663193147e-27,4.414232886655431e-27,1.505905379959294e-27,0.0,2.4477242726650848e-26,1.8144020606993045e-26,1.165448661590354e-26,4.84506662066977e-27,6.720454001122329e-27,1.7657321645870972e-27,0.011366090775574086,1.0842965924149786e-26,1.9895081139106259e-26,1.3092762421399013e-26,4.273232620160362e-27,5.5262036542813694e-27,1.0505176211066368e-27,3.03869343966202e-06,1.7163752451194774e-26,1.0023827144647795e-26,1.9602068558964393e-26,5.211707579234669e-27,3.96606587303696e-27
9.62189393940458e-27,1.6751284925486513e-26,1.5117729455203028e-26,5.869154802423516e-27,3.237900550456414e-27,1.576955449073633e-27,75.12677886814906,1.6347967741620984e-26,1.3933747585577378e-26,1.9006399740826266e-26,4.7969119512927584e-27,3.769622923505524e-27,1.1123190352753765e-27,0.047165057286596444,9.24896219416174e-27,1.3831740901108953e-26,1.2455874980671853e-26,4.777942484100282e-27,2.6326509547216442e-27,1.3912649135653716e-27,6.708783348302681e-05,8.768173178913996e-27,1.3271677090298746e-26,1.6714021253171868e-26,5.890927471320829e-27,3.087100816130462e-27,1.360033883107835e-27,58.85852446828562,1.6670200432737207e-26,1.106146399180758e-26,1.4034374720166812e-26,4.834131496300766e-27,4.203337535584824e-27,1.6242912034162202e-27,0.04176212646189737,9.846815283920112e-27,1.2328121218112274e-26,1.4787110142381515e-26,5.8315221131657e-27,4.375155250727433e-27,8.778863783328942e-28,0.0613788056411762,0.0,1.1207355152678471e-26,1.1407565957236768e-26,3.812031970778236e-27,3.1833650123153884e-27,7.91487404818469e-28,1.399982580074986e-27,9.530350981934251e-27,1.6276003245433115e-26,1.667213274707876e-26,4.253547592490378e-27,2.9559226005214726e-27,1.3386142787648193e-27,0.03774335673267296,0.0,1.8948473918971363e-26,1.5177735278335219e-26,6.053674728398134e-27,4.399005847181029e-27,8.8481935714019e-28,1.7677820218781737e-27,1.441429098175008e-26,2.1658783198057568e-26,2.0720346049296072e-26,4.1228557767783816e-27,3.633672381408701e-27,1.2703498682289138e-27,2.089330216517378e-28,1.22373932739466e-26,1.5321834348249318e-26,1.453490332849549e-26,3.576840547264904e-27,2.8191997963044178e-27,8.386469660055862e-28,8.944227970672617e-05,0.0,1.0874159934130418e-26,1.0942399874136335e-26,2.7793247445183665e-27,2.9070056169351223e-27,9.53363638329154e-28,7.188494840469295e-05,1.863945706089268e-26,2.2802133963058865e-26,1.6901266149142806e-26,2.6197703806940786e-27,2.1055085359796114e-27,6.82064712733506e-28,1758.230736189278,0.0,2.1322203646345972e-26,2.2006206134805805e-26,6.966797556272867e-27,3.24641723551373e-27,1.109082249091283e-27,2.2836996066903494e-05,1.2382735129013398e-26,1.0774582747252382e-26,1.0882089079901839e-26,4.51026865506881e-27,5.814207747134166e-27,6.541401307062103e-28,4.228644815410659e-05,0.0,1.1618981033028807e-26,1.5610982205221013e-26,3.9407782552818445e-27,2.31389968435048e-27,6.911232309254839e-28,2.404466297281715e-28,0.0,2.22778504657514e-26,1.086403311857926e-26,5.5042803303318954e-27,6.448921344189085e-27,1.148465930575047e-27,4.881382080398582e-05,1.4121200365562522e-26,9.508445880866594e-27,8.326737729865076e-27,4.8922954302491776e-27,5.3797680347190684e-27,1.6268124414193402e-27,3.5484390043654473e-05,1.2758418101597821e-26,1.819077152332281e-26,1.5925305375155832e-26,3.54643820687035e-27,4.8800256170078186e-27,1.0495024891768432e-27,8.675146569511977e-05,0.0,1.716610345599391e-26,1.5811633374244994e-26,6.03134376243201e-27,1.822202637514472e-27,8.204163209614205e-28,2.4915963096727617e-28,0.0,1.5312067060856785e-26,1.831192304017713e-26,2.9922784086285677e-27,2.7648423426791594e-27,1.0205853044514556e-27,4.281237641928072e-28,0.0,9.058806534976422e-27,1.0461124747654913e-26,2.5933999254154256e-27,3.3777002101409165e-27,9.866651473931337e-28,2.019643956714034e-28,2.4299992692374122e-26,8.548600383907842e-27,1.361611206553115e-26,3.374178110791233e-27,5.892427684049466e-27,1.0909803225522107e-27,7.017230416245059e-05,1.0435832058412294e-26,2.0733942015715293e-26,2.2740556177990682e-26,5.374807321484286e-27,4.134520928814476e-27,2.18531999291991e-27,3.488960304653163,1.9699437014119039e-26,1.382260964824399e-26,2.078857879516581e-26,7.567640245045909e-27,4.142188955062929e-27,1.9762914718681625e-27,2.6430971196695137e-05,0.0,1.3938563954817423e-26,1.3917698871112094e-26,4.732190988319504e-27,3.857125812814606e-27,1.0507490583032446e-27,2.630236874310787e-28,0.0,1.2036829898110672e-26,2.2906495385460925e-26,3.1717079102974644e-27,4.4142164975874404e-27,1.6136846025218866e-27,3.2858016516984882e-31,2.4477242726645766e-26,1.8144020602001548e-26,1.1654485965870908e-26,5.383757503575811e-27,6.751961584993117e-27,1.9957626104327226e-27,0.03793847552434211,1.0842965924146669e-26,1.9895081133992583e-26,1.3092761706329577e-26,4.273127491421516e-27,5.524600486285783e-27,1.0505079445920523e-27,2.948954791974059e-05,1.7163752451191038e-26,1.0023827137089161e-26,1.9602067685424086e-26,5.211436454783011e-27,3.962812556198919e-27
9.621893939401556e-27,1.6751284920844975e-26,1.517274408476988e-26,6.248987875537529e-27,3.415342496021019e-27,1.6405772011607412e-27,116.52034497989717,1.6347967741619208e-26,1.3933747581685906e-26,1.900639934313883e-26,4.796518890259744e-27,3.850506230051417e-27,1.220429725431959e-27,0.1309483140930726,9.248962194158936e-27,1.3831740899315876e-26,1.2455874846891918e-26,4.7779005749884724e-27,2.632232711438321e-27,1.3601075076605583e-27,0.00031856726648153873,8.768173178911241e-27,1.3271677086621358e-26,1.7042978944073517e-26,6.074762161725007e-27,2.8549777413775582e-27,1.386539036461021e-27,91.66821988087935,1.6670200432736547e-26,1.1121324916301295e-26,1.3806017402638768e-26,5.086507967383585e-27,4.226063679429095e-27,1.6171541316888396e-27,0.12054561891399561,9.846815283917308e-27,1.2328121216641695e-26,1.4787109794580956e-26,5.831472801273756e-27,4.3745405974276465e-27,8.778827003331871e-28,0.16662005140791636,0.0,1.1207355152678253e-26,1.1407565956990514e-26,3.812031523090986e-27,3.1833511832460945e-27,7.9084696161822315e-28,1.3999804712284875e-27,9.53035098193136e-27,1.6276003241399663e-26,1.6672132371828667e-26,4.272327485248582e-27,3.1713179943072696e-27,1.4452660810692798e-27,0.11065580176438246,0.0,1.8948473918971053e-26,1.5114629311227756e-26,6.196367563191651e-27,4.418173507435473e-27,8.755696626459154e-28,1.7776899800914108e-27,1.4414290981748598e-26,2.1159711907144212e-26,2.0766923989745778e-26,4.440380760215542e-27,3.375381514270822e-27,1.385828298538248e-27,1.2126729375372074e-28,1.2237393273945141e-26,1.53218343464216e-26,1.453490302257447e-26,3.576747121240989e-27,2.8181792087065198e-27,7.870077444796383e-28,0.0004247175840201147,0.0,1.087415993412988e-26,1.0942399873482941e-26,2.7793247395890507e-27,2.9070054492425922e-27,9.533396636982082e-28,0.00034134641596741147,1.8639457060891026e-26,2.2802133960798334e-26,1.690126581152855e-26,2.6197390061045375e-27,2.104619231915631e-27,6.82064615878938e-28,2127.928662519696,0.0,2.1322203646345625e-26,2.1416559280597945e-26,7.02031188075856e-27,3.1216934855149314e-27,1.0885765162772335e-27,0.00015916651592517452,1.2382735129011922e-26,1.0774582743546483e-26,1.0882088808436022e-26,4.51022557938954e-27,5.813515872596694e-27,6.541327555094017e-28,0.0002647949772865142,0.0,1.161898103302858e-26,1.5610982204884008e-26,3.940778040425459e-27,2.3138879494143723e-27,6.905145162965874e-28,2.404466287647029e-28,0.0,2.2277850465751054e-26,1.0864033118332186e-26,5.504280080059441e-27,6.4489120119394594e-27,1.1484658019191677e-27,0.0003056689586209129,1.412120036556107e-26,9.204044982303432e-27,8.410766040085835e-27,5.004297682092503e-27,5.4766480630880154e-27,1.6705733641762094e-27,0.0002540747623430071,1.2758418101596436e-26,1.819077152131605e-26,1.59253050470123e-26,3.546403850256436e-27,4.8793840831160246e-27,1.049498256487862e-27,0.00041194022604345464,0.0,1.7166103455993597e-26,1.6138392357916645e-26,6.101226776009103e-27,1.8189583883665035e-27,8.045926440063554e-28,2.346370376401039e-28,0.0,1.5312067060856487e-26,1.8311923039823755e-26,2.9922779416932987e-27,2.8611747202788065e-27,1.1391259191517324e-27,4.510732640071475e-28,0.0,9.058806534975944e-27,1.0461124747017887e-26,2.5933997700427637e-27,3.3776936799276796e-27,9.858349974018744e-28,2.0195944796710563e-28,2.4299992692374059e-26,8.548600383690941e-27,1.3616112043710934e-26,3.374172240348445e-27,5.892134294562087e-27,1.0909785945314376e-27,0.0003332139071892956,1.0435832058409015e-26,2.0733942013557744e-26,2.3133999026800412e-26,5.6061941641525125e-27,4.0471128417555165e-27,2.22001525481463e-27,6.80941821581238,1.9699437014118717e-26,1.3649138798027004e-26,2.0384214061616676e-26,7.562522810432663e-27,4.367445758607427e-27,2.072164399240746e-27,0.0001892506174410366,0.0,1.3938563954817136e-26,1.3917698870806468e-26,4.732190754654375e-27,3.857118756789203e-27,1.0498975790459814e-27,2.6301735246736847e-28,0.0,1.2036829898110036e-26,2.2906495385069324e-26,3.1717077202883653e-27,4.4142096688126405e-27,1.7039353244772783e-27,1.116027013819025e-29,2.4477242726643648e-26,1.8144020599921764e-26,1.1654485695023944e-26,5.812535450726056e-27,6.779766066716546e-27,2.1734306570190236e-27,0.11119030822211903,1.0842965924145366e-26,1.989508113186189e-26,1.3092761408383946e-26,4.2730836881570176e-27,5.523932566993086e-27,1.0505039127230192e-27,0.0001980053361412177,1.7163752451189482e-26,1.0023827133939728e-26,1.9602067321448842e-26,5.2113234883375326e-27,3.961457398913956e-27
9.6218939394003e-27,1.6396178081005986e-26,1.517975370446496e-26,6.52490507430518e-27,3.5500380636016224e-27,1.693615010297818e-27,174.69619661375893,1.6347967741618465e-26,1.3933747580064456e-26,1.9006399177435678e-26,4.780004511201083e-27,3.9163459369742695e-27,1.313284791337573e-27,0.33068751061794494,9.248962194157764e-27,1.383174089856876e-26,1.2455874791150258e-26,4.7778831129119584e-27,2.632058452878355e-27,1.3472293907047811e-27,0.0013505668617942018,8.768173178910096e-27,1.2990333695241925e-26,1.669355639803377e-26,6.184179749266776e-27,2.665073235008308e-27,1.4076764495193642e-27,137.8813266286701,1.6670200432736275e-26,1.1180202583945818e-26,1.3952695448592472e-26,5.2994990850112464e-27,4.030292038475827e-27,1.0288597417227036e-27,0.31373591230740505,9.846815283916142e-27,1.2328121216028953e-26,1.4787109649664035e-26,5.831452254711293e-27,4.3742845041462984e-27,8.778811678351616e-28,0.41504063541003716,0.0,1.1207355152678163e-26,1.1407565956887908e-26,3.812031336554639e-27,3.1833454211381882e-27,7.905801867163819e-28,1.3999795925412436e-27,9.530350981930153e-27,1.627600323971906e-26,1.667213221547441e-26,4.836220205884787e-27,3.3347363147509406e-27,1.5377608804458017e-27,0.29115470643022007,0.0,1.894847391897092e-26,1.512467954568094e-26,6.307726423141191e-27,4.433168702899782e-27,8.70884831083394e-28,1.7859737147191765e-27,1.4414290981747975e-26,2.1242486487262443e-26,2.0903155516581587e-26,4.684138395040336e-27,3.25117721838786e-27,1.4860391521334636e-27,8.720153656122075e-29,1.2237393273944537e-26,1.5321834345660054e-26,1.4534902895107364e-26,3.5767081940892786e-27,2.817754017597407e-27,7.6597564360904195e-28,0.0018005914447338574,0.0,1.0874159934129657e-26,1.094239987321069e-26,2.7793247375351688e-27,2.9070053793706502e-27,9.533296743564724e-28,0.0014471391329360804,1.8639457060890337e-26,2.280213395985645e-26,1.690126567085593e-26,2.6197259334128557e-27,2.1042487437008628e-27,6.8206457552285885e-28,2535.63016935325,0.0,2.1322203646345476e-26,2.1726600862886056e-26,7.095840049175545e-27,3.0674904370481964e-27,1.0903482861908183e-27,0.0008829022795341188,1.238273512901131e-26,1.0774582742002361e-26,1.0882088695325229e-26,4.510207631248484e-27,5.813227603145534e-27,6.541296825226473e-28,0.0012771698885548442,0.0,1.1618981033028487e-26,1.5610982204743592e-26,3.9407779509019654e-27,2.3138830598648238e-27,6.902609642833345e-28,2.4044662836325746e-28,0.0,2.2277850465750905e-26,1.0864033118229238e-26,5.5042799757792505e-27,6.448908123501029e-27,1.1484657483125472e-27,0.0014743149353396428,1.4121200365560462e-26,9.254434569140725e-27,8.455416907517733e-27,5.0899375336043746e-27,5.547699688541188e-27,1.7045615370097733e-27,0.0013340513995158223,1.2758418101595856e-26,1.8190771520479898e-26,1.5925304910285808e-26,3.5463895350481274e-27,4.8791167892658904e-27,1.0494964928694868e-27,0.001746421798068055,0.0,1.7166103455993462e-26,1.558499830156668e-26,6.1106218224457105e-27,1.8871189942926837e-27,8.062199566563115e-28,2.288450549923031e-28,0.0,1.5312067060856363e-26,1.831192303967652e-26,2.9922777471369468e-27,2.966156487040061e-27,1.231908125703852e-27,4.709448702475821e-28,0.0,9.058806534975745e-27,1.0461124746752457e-26,2.593399705304154e-27,3.377690959005204e-27,9.854892046477126e-28,2.019573864409638e-28,2.429999269237403e-26,8.548600383600566e-27,1.361611203461917e-26,3.3741697943320075e-27,5.8920120510011966e-27,1.090977874522988e-27,0.0014126613380879775,1.0435832058407652e-26,2.0337838839557997e-26,2.271309714219807e-26,5.753300974415524e-27,3.454775537315116e-27,2.2480713395882412e-27,12.594304468467012,1.969943701411858e-26,1.3727196500925613e-26,2.0788548506189364e-26,5.565616257448181e-27,4.581656541213403e-27,2.1467730730697872e-27,0.0009936840980507378,0.0,1.3938563954817018e-26,1.3917698870679124e-26,4.732190657293905e-27,3.8571158167782105e-27,1.0495428978453758e-27,2.6301471292094597e-28,0.0,1.2036829898109773e-26,2.2906495384906153e-26,3.171707641117908e-27,4.414206823489096e-27,1.779895166192553e-27,3.26064384458924e-29,2.447724272664277e-26,1.8144020599055187e-26,1.1654485582171034e-26,6.150987592782743e-27,6.803804502135568e-27,2.308559010174976e-27,0.29252188434818716,1.0842965924144824e-26,1.9895081130974102e-26,1.3092761284239913e-26,4.273065436860996e-27,5.5236542786757276e-27,1.0584797872682322e-27,0.0010150230025843085,1.7163752451188834e-26,1.0023827132627464e-26,1.9602067169792444e-26,5.211276419344364e-27,3.960892817370334e-27
9.621893939399774e-27,1.6455098362358105e-26,1.5276603961512704e-26,6.736236352675151e-27,3.651447950259645e-27,3.4741237343799636e-06,253.85850108383724,1.634796774161816e-26,1.3933747579388853e-26,1.9006399108392678e-26,4.782594479329905e-27,3.970538513786515e-27,1.3928257765687354e-27,0.769647033026437,9.248962194157276e-27,1.383174089825746e-26,1.245587476792456e-26,4.777875837055812e-27,2.631985846709434e-27,1.3418815868742782e-27,0.005063568800887433,8.768173178909618e-27,1.3037014946958032e-26,1.7033431801811922e-26,6.2924023137839806e-27,2.553168415251182e-27,1.4094101401991294e-27,200.8625254386065,1.667020043273616e-26,1.144468188675609e-26,1.3716430269746845e-26,5.437092719899273e-27,3.7272596032668604e-27,8.080596254652902e-28,0.7475606219966118,9.846815283915655e-27,1.2328121215773642e-26,1.478710958928198e-26,5.831443693653302e-27,4.374177800623427e-27,8.778805292945368e-28,0.957778287201195,0.0,1.1207355152678125e-26,1.1407565956845157e-26,3.812031258831161e-27,3.1833430202595305e-27,7.904690437588397e-28,1.399979226420943e-27,9.530350981929649e-27,1.627600323901881e-26,1.667213215032678e-26,5.279381061200884e-27,3.4595813848914855e-27,1.616734728968916e-27,0.6991499970887911,0.0,1.894847391897087e-26,1.5041364806621933e-26,6.3842267315217575e-27,4.444210469020427e-27,8.6850645597949e-28,1.7928516375704248e-27,1.441429098174772e-26,2.039324858872362e-26,2.0900267264798944e-26,4.869809148207078e-27,3.1912649574704506e-27,1.5732317751637771e-27,2.6040072243871334e-06,1.2237393273944283e-26,1.532183434534274e-26,1.453490284199606e-26,3.576691974504476e-27,2.817576863765795e-27,7.572963366023062e-28,0.006750808805265043,0.0,1.0874159934129565e-26,1.0942399873097254e-26,2.7793247366793854e-27,2.907005350257318e-27,9.53325512145718e-28,0.005425639241839983,1.8639457060890053e-26,2.2802133959463993e-26,1.690126561224233e-26,2.6197204864669963e-27,2.104094383113309e-27,6.820645587078217e-28,2975.8950429057686,0.0,2.1322203646345415e-26,2.1172134082452063e-26,7.115053815247783e-27,3.0391333421033658e-27,1.2812307836223037e-27,0.003990116196619993,1.2382735129011054e-26,1.0774582741358976e-26,1.0882088648195718e-26,4.510200152866053e-27,5.8131074927569175e-27,6.54128402113482e-28,0.005096655255986919,0.0,1.1618981033028448e-26,1.5610982204685087e-26,3.94077791360051e-27,2.3138810225533616e-27,6.901553313238007e-28,3.345236856850054e-06,0.0,2.2277850465750842e-26,1.0864033118186345e-26,5.504279932329171e-27,6.448906503317411e-27,1.148465725976453e-27,0.00588337936206802,1.412120036556021e-26,9.321235055099942e-27,8.448691276447465e-27,5.16216154533488e-27,5.492888163853532e-27,1.7309991604358417e-27,0.00561684211180098,1.2758418101595617e-26,1.81907715201315e-26,1.5925304853316433e-26,3.546383570385848e-27,4.8790054187774034e-27,1.0494957580287323e-27,0.006547715022519659,0.0,1.7166103455993414e-26,1.60275981291484e-26,6.159594925358558e-27,2.0997368977563272e-27,9.258528857245692e-28,2.238627937815558e-07,0.0,1.5312067060856315e-26,1.8311923039615168e-26,2.9922776660718007e-27,3.0676441494443702e-27,1.3035671954094492e-27,4.88049101524303e-28,0.0,9.058806534975665e-27,1.0461124746641864e-26,2.5933996783297323e-27,3.377689825286931e-27,9.853451422189068e-28,2.0195652747460543e-28,2.4299992692374018e-26,8.54860038356291e-27,1.3616112030830937e-26,3.374168775158705e-27,5.891961116518043e-27,1.0909775745194551e-27,0.005296374492899554,1.0435832058407083e-26,2.0403590744803503e-26,2.3121070910637535e-26,5.8883033521136336e-27,3.1695256232079475e-27,2.2433597539389045e-27,22.18898687915764,1.9699437014118525e-26,1.355008050531117e-26,2.0384191116318316e-26,4.792483833871041e-27,4.7723742730962214e-27,2.2043958960482713e-27,0.0041837718470086604,0.0,1.3938563954816967e-26,1.3917698870626063e-26,4.732190616727041e-27,3.857114591772999e-27,1.0493951316794906e-27,2.630136131135431e-28,0.0,1.2036829898109666e-26,2.2906495384838163e-26,3.171707608130217e-27,4.414205637936943e-27,1.8439679253186052e-27,9.444271395599166e-08,2.4477242726642396e-26,1.8144020598694112e-26,1.1654485535148977e-26,6.4167397257478725e-27,6.82426354599643e-27,2.410262422029245e-27,0.7023977977047019,1.08429659241446e-26,1.989508113060419e-26,1.3092761232513225e-26,4.2730578321649605e-27,5.5235383270586305e-27,1.258225838026231e-27,0.004232771397033339,1.7163752451188567e-26,1.0023827132080687e-26,1.960206710660226e-26,5.211256807325676e-27,3.960657586488044e-27
9.621893939399556e-27,1.5641114915284795e-26,1.52552977375168e-26,6.894045253842793e-27,3.726476589746687e-27,7.855793841686448e-05,358.46929237446875,1.6347967741618028e-26,1.3933747579107352e-26,1.900639907962475e-26,5.582608333490663e-27,4.0134653559971955e-27,1.460599879313668e-27,1.668055116366874,9.248962194157074e-27,1.3831740898127752e-26,1.2455874758247183e-26,4.777872805450574e-27,2.6319555943770937e-27,1.3396564735055749e-27,0.016869020278790156,8.768173178909419e-27,1.2392113644493231e-26,1.668605567588242e-26,6.3448229798493675e-27,2.4888782785577226e-27,1.3382245626985697e-27,284.17616189100994,1.6670200432736114e-26,1.1390298442721722e-26,1.3956146190775366e-26,5.553314196618031e-27,3.564127916392079e-27,7.164844362202529e-28,1.6503125282575122,9.846815283915454e-27,1.2328121215667263e-26,1.4787109564122786e-26,5.831440126547251e-27,4.37413334112241e-27,8.778802632359384e-28,2.0646633875162856,0.0,1.1207355152678111e-26,1.1407565956827345e-26,3.8120312264463786e-27,3.183342019892898e-27,7.904227364863897e-28,1.3999790738705419e-27,9.530350981929441e-27,1.6276003238727034e-26,1.667213212318193e-26,5.628294902742812e-27,3.556435790302422e-27,1.6832550774721785e-27,1.5520601573542607,0.0,1.8948473918970846e-26,1.507617333221891e-26,6.4463950731816546e-27,4.452979308157504e-27,8.67379585139987e-28,1.7969718536157024e-27,1.441429098174761e-26,2.0858014636941688e-26,2.081479961916562e-26,5.016331306290252e-27,3.1611332769005276e-27,1.6490058666998466e-27,1.3024831292062884e-05,1.223739327394418e-26,1.5321834345210522e-26,1.4534902819866347e-26,3.576685216354674e-27,2.817503051172585e-27,7.536945533151925e-28,0.022489973991129376,0.0,1.0874159934129525e-26,1.094239987304999e-26,2.7793247363228082e-27,2.907005338126754e-27,9.533237778937197e-28,0.018075239420063727,1.8639457060889935e-26,2.280213395930047e-26,1.690126558781999e-26,2.619718216907634e-27,2.1040300678215107e-27,6.8206455170155425e-28,3442.343326914898,0.0,2.132220364634539e-26,2.160176933403408e-26,7.165566490926043e-27,3.029574547532016e-27,1.4477052849404247e-27,0.015147575578369571,1.2382735129010949e-26,1.0774582741090898e-26,1.0882088628558412e-26,4.510197036874844e-27,5.813057447033412e-27,6.541278686099714e-28,0.017517338059698493,0.0,1.1618981033028433e-26,1.561098220466071e-26,3.940777898058236e-27,2.3138801736735686e-27,6.901113199642959e-28,1.6732344397605098e-05,0.0,2.227785046575082e-26,1.0864033118168473e-26,5.50427991422497e-27,6.448905828240428e-27,1.1484657166697463e-27,0.020221329488145038,1.4121200365560106e-26,9.556899042515354e-27,8.332683299888358e-27,5.220277005198199e-27,5.243333071973047e-27,1.751643837379266e-27,0.019972438378784464,1.2758418101595515e-26,1.819077151998634e-26,1.5925304829579187e-26,3.546381085111095e-27,4.8789590146941115e-27,1.0494954518450763e-27,0.021813377449372177,0.0,1.716610345599339e-26,1.549635787001659e-26,6.15338990028866e-27,2.2951221892498207e-27,1.039020793174366e-27,3.3298853961731433e-06,0.0,1.5312067060856294e-26,1.8311923039589603e-26,2.9922776322946564e-27,3.1620597070250223e-27,1.3585363273902661e-27,5.0269737840049515e-28,0.0,9.058806534975629e-27,1.0461124746595784e-26,2.593399667090389e-27,3.377689352903999e-27,9.852851193080007e-28,2.0195616957239603e-28,2.4299992692374013e-26,8.548600383547222e-27,1.3616112029252503e-26,3.374168350503187e-27,5.8919398938648816e-27,1.0909774495179607e-27,0.017644600525449798,1.0435832058406846e-26,1.9176074661757414e-26,2.2702861105330506e-26,5.9621638259529226e-27,3.028666934441566e-27,1.7445205801630355e-27,37.39396930234718,1.96994370141185e-26,1.3670333015756654e-26,2.078853832720183e-26,4.5176512240672576e-27,4.940948599551725e-27,2.225941990340573e-27,0.014876708966004593,0.0,1.3938563954816944e-26,1.3917698870603953e-26,4.732190599824181e-27,3.857114081353815e-27,1.0493335655068683e-27,2.6301315486101117e-28,0.0,1.2036829898109618e-26,2.2906495384809837e-26,3.171707594385345e-27,4.414205143956533e-27,1.8979991143572653e-27,2.9922315364240323e-06,2.4477242726642247e-26,1.814402059854366e-26,1.1654485515556452e-26,6.6247094248309e-27,6.841461774345438e-27,2.486253630418681e-27,1.5592462674823635,1.0842965924144508e-26,1.9895081130450057e-26,1.3092761210960436e-26,4.2730546635432495e-27,5.5234900141521696e-27,1.4190312218790301e-27,0.014989961715219864,1.7163752451188452e-26,1.0023827131852865e-26,1.9602067080273005e-26,5.211248635661724e-27,3.960559575495682e-27
9.621893939399463e-27,1.6093172759308557e-26,1.5228783708858925e-26,7.01921671038759e-27,3.670897080954616e-27,0.0007156829046683549,492.81049929721803,1.6347967741617977e-26,1.393374757899006e-26,1.900639906763811e-26,6.219907066155453e-27,4.0484156811837025e-27,1.5181077918001259e-27,3.3944834336872245,9.248962194156992e-27,1.3831740898073712e-26,1.2455874754214942e-26,4.777871542281947e-27,2.6319429892659646e-27,1.338729887618071e-27,0.05044380796206962,8.768173178909334e-27,1.2750269198452671e-26,1.7029955298163188e-26,6.411024163813896e-27,2.458820099851498e-27,9.311480030992939e-28,391.24152441554963,1.667020043273609e-26,1.1198055449194209e-26,1.3771947250068424e-26,5.6167050268693106e-27,3.477459535715298e-27,6.764471138896617e-28,3.4074630110587223,9.846815283915371e-27,1.2328121215622941e-26,1.4787109553639787e-26,5.831438640253216e-27,4.3741148163620365e-27,8.778801523781706e-28,4.187179338627967,0.0,1.1207355152678104e-26,1.1407565956819922e-26,3.8120312129527194e-27,3.183341603073184e-27,7.904034421845654e-28,1.3999790103077558e-27,9.530350981929356e-27,1.6276003238605464e-26,1.6672132111871564e-26,5.893644058364165e-27,3.632041125481878e-27,1.738551829761374e-27,3.217579021977441,0.0,1.8948473918970835e-26,1.4995384461570097e-26,6.486346807930872e-27,4.4592597907486505e-27,8.721863839022627e-28,1.714674022983047e-27,1.4414290981747568e-26,2.008056067250559e-26,2.0651226038092538e-26,5.125073483858326e-27,3.147022047112217e-27,1.714539430993161e-27,6.65414131313387e-05,1.2237393273944133e-26,1.5321834345155438e-26,1.4534902810645632e-26,3.576682400460673e-27,2.8174722961522915e-27,7.521963438304756e-28,0.06725227134304211,0.0,1.0874159934129508e-26,1.0942399873030296e-26,2.779324736174235e-27,2.9070053330723484e-27,9.533230552891034e-28,0.0540507919906043,1.8639457060889884e-26,2.2802133959232338e-26,1.6901265577644016e-26,2.619717271258083e-27,2.104003270051973e-27,6.820645487822753e-28,3929.2799804356923,0.0,2.1322203646345378e-26,2.1068941285008395e-26,7.166175522386003e-27,3.1190608709574263e-27,1.5926538521445849e-27,0.04968827478519878,1.2382735129010903e-26,1.07745827409792e-26,1.0882088620376201e-26,4.510195738545342e-27,5.813036594672835e-27,6.541276463168804e-28,0.053231396026608827,0.0,1.1618981033028426e-26,1.5610982204650554e-26,3.940777891582288e-27,2.3138798199735837e-27,6.900929823069933e-28,8.548240021302264e-05,0.0,2.2277850465750813e-26,1.0864033118161026e-26,5.504279906681553e-27,6.4489055469581406e-27,1.1484657127919514e-27,0.061448240280551125,1.4121200365560063e-26,9.52041016126803e-27,8.296171792018526e-27,5.262480019997672e-27,5.1210238857301616e-27,1.767812375045673e-27,0.06202346417044388,1.2758418101595475e-26,1.8190771519925855e-26,1.5925304819688665e-26,3.5463800495800885e-27,4.878939679687772e-27,1.0494953242685309e-27,0.06522902959834306,0.0,1.716610345599338e-26,1.598547789910337e-26,4.6137741293364e-27,2.4720688143841888e-27,1.1445927064645821e-27,3.497663527575358e-05,0.0,1.5312067060856283e-26,1.8311923039578953e-26,2.9922776182208465e-27,3.244669466817237e-27,1.4003834041961586e-27,4.629146524120153e-28,0.0,9.058806534975617e-27,1.0461124746576582e-26,2.5933996624073295e-27,3.377689156077632e-27,9.852601102985022e-28,2.0195602044652775e-28,2.4299992692374013e-26,8.548600383540681e-27,1.3616112028594823e-26,3.374168173563387e-27,5.891931051097001e-27,1.0909773974339925e-27,0.052763042889474684,1.0435832058406745e-26,1.986494631600724e-26,2.3116301563645953e-26,6.042874343841661e-27,2.9647025136712042e-27,1.5123349501227029e-27,60.49118680577145,1.9699437014118488e-26,1.3499646292648606e-26,2.0384183408985733e-26,4.375660418575154e-27,5.082330134089055e-27,2.1624460500062274e-27,0.04619891712907652,0.0,1.3938563954816935e-26,1.391769887059474e-26,4.732190592781322e-27,3.857113868678999e-27,1.0493079134650136e-27,2.6301296392252144e-28,0.0,1.2036829898109601e-26,2.2906495384798033e-26,3.1717075886583156e-27,4.414204938131206e-27,1.9434650744791468e-27,3.5051693191132364e-05,2.447724272664218e-26,1.8144020598480974e-26,1.16544855073929e-26,6.787108385449952e-27,6.855774502860694e-27,2.5427422575175215e-27,3.232473031152987,1.0842965924144468e-26,1.9895081130385835e-26,1.3092761201980106e-26,4.2730533432843996e-27,5.523469883798562e-27,1.5481092171455974e-27,0.046467680244102694,1.7163752451188403e-26,1.0023827131757937e-26,1.960206706930248e-26,5.211245230803472e-27,3.960518737862473e-27
9.621893939399427e-27,1.5356452274388317e-26,1.510269885004691e-26,7.110016200576383e-27,3.1020681348135485e-27,0.004195226804186457,660.5273121292443,1.6347967741617954e-26,1.393374757894119e-26,1.9006399062643678e-26,6.69585279046732e-27,4.075431764396815e-27,1.566562554816454e-27,6.530088369710891,9.248962194156954e-27,1.383174089805119e-26,1.2455874752534838e-26,4.77787101596171e-27,2.63193773713525e-27,1.338343904666045e-27,0.13693570261022883,8.768173178909301e-27,1.2166581652980049e-26,1.6683338221676767e-26,6.43206275483061e-27,2.440820800555672e-27,7.687602832708315e-28,524.9639938372773,1.6670200432736082e-26,1.0816802789560117e-26,1.402850714381905e-26,5.686606556741282e-27,3.4355633377841616e-27,6.58195343786195e-28,6.630715625321479,9.846815283915334e-27,1.2328121215604472e-26,1.4787109549271867e-26,5.831438020964019e-27,4.374107097708888e-27,8.778801061874232e-28,8.037235104021365,0.0,1.1207355152678104e-26,1.140756595681683e-26,3.8120312073303616e-27,3.1833414293981742e-27,7.903954029594309e-28,1.3999789838232122e-27,9.530350981929318e-27,1.6276003238554808e-26,1.6672132107158914e-26,6.100226530285461e-27,3.6920514014104694e-27,1.784059764828214e-27,6.279762247179548,0.0,1.8948473918970832e-26,1.5051505776415603e-26,6.52155072325788e-27,4.3397699390931e-27,1.0302471375491318e-27,1.5414797786288773e-27,1.441429098174755e-26,2.0706854118029765e-26,2.071091429923004e-26,5.200642300523021e-27,3.140977281326601e-27,1.7707507386115838e-27,0.000315972583828503,1.2237393273944115e-26,1.5321834345132484e-26,1.453490280680367e-26,3.576681227171777e-27,2.8174594815856782e-27,7.515725296313931e-28,0.18256427102842784,0.0,1.0874159934129502e-26,1.0942399873022089e-26,2.77932473611233e-27,2.9070053309663445e-27,9.533227542038928e-28,0.1467272887772136,1.8639457060889863e-26,2.2802133959203952e-26,1.6901265573404028e-26,2.619716877237442e-27,2.103992104356116e-27,6.820645475659088e-28,4432.722747707791,0.0,2.1322203646345375e-26,2.1551569298090556e-26,7.203149683088177e-27,3.2838500824785804e-27,1.7182008812761768e-27,0.14417533832266743,1.2382735129010884e-26,1.0774582740932657e-26,1.0882088616966943e-26,4.510195197574709e-27,5.813027906183898e-27,6.541275536947597e-28,0.14573624486099465,0.0,1.1618981033028426e-26,1.561098220464632e-26,3.940777888883976e-27,2.3138796725985495e-27,6.900853416862633e-28,0.0004059140555648208,0.0,2.2277850465750807e-26,1.0864033118157922e-26,5.504279903538463e-27,6.4489054297570964e-27,1.1484657111762032e-27,0.16823221745541353,1.4121200365560045e-26,9.335351026074949e-27,8.321517963915438e-27,5.2813180759391114e-27,5.063294651359142e-27,1.780380190801778e-27,0.17220095839128544,1.2758418101595456e-26,1.8190771519900646e-26,1.5925304815567615e-26,3.546379618108831e-27,4.8789316234311186e-27,1.049495271111625e-27,0.17707194122515268,0.0,1.7166103455993376e-26,1.546330679100371e-26,3.994996270160751e-27,2.6236012028551693e-27,1.2411751922746975e-27,0.00024520320678394234,0.0,1.5312067060856283e-26,1.8311923039574517e-26,2.9922776123567587e-27,3.316768979118943e-27,1.4154151817056737e-27,2.354064866350224e-28,0.0,9.058806534975612e-27,1.0461124746568583e-26,2.5933996604560544e-27,3.3776890740665815e-27,9.852496899703602e-28,2.019559583107483e-28,2.4299992692374013e-26,8.548600383537959e-27,1.361611202832079e-26,3.3741680998384684e-27,5.8919273666094196e-27,1.0909773757323335e-27,0.143231541031888,1.0435832058406707e-26,1.8764219861572517e-26,2.2699113505015095e-26,6.0760228927460386e-27,2.9313683629933954e-27,1.4005786887722913e-27,94.22849491773543,1.9699437014118485e-26,1.3644505688581912e-26,2.078853491068587e-26,4.3468389130101504e-27,5.2027468481351654e-27,1.5034487577970763e-27,0.12826593794252175,0.0,1.393856395481693e-26,1.3917698870590904e-26,4.732190589846797e-27,3.857113780064424e-27,1.049297225205547e-27,2.63012884364816e-28,0.0,1.2036829898109594e-26,2.2906495384793117e-26,3.171707586272053e-27,4.414204852370586e-27,1.981592760861716e-27,0.0002509765732568899,2.4477242726642155e-26,1.8144020598454855e-26,1.1654485503991419e-26,6.913741042372034e-27,6.867587364091599e-27,2.584580080090668e-27,6.30885710785063,1.084296592414445e-26,1.989508113035908e-26,1.30927611982383e-26,4.2730527931765425e-27,5.523461496146103e-27,1.6519785106175287e-27,0.1289087402646751,1.7163752451188386e-26,1.0023827131718386e-26,1.9602067064731423e-26,5.2112438121127935e-27,3.960501722211757e-27
9.621893939399411e-27,1.5958977271621504e-26,1.516505073358812e-26,7.174913633513492e-27,2.8591072550976983e-27,0.018610673620661163,864.3425420450856,1.6347967741617945e-26,1.3933747578920825e-26,1.900639906056266e-26,7.069005344715425e-27,4.097408148369815e-27,1.6072102859525287e-27,11.94216408532193,9.248962194156942e-27,1.3831740898041808e-26,1.2455874751834795e-26,4.7778707966616095e-27,2.631935548744838e-27,1.3381830948166774e-27,0.34109868855177083,8.768173178909287e-27,1.2643949045253677e-26,1.7028703534005494e-26,6.475272983925263e-27,2.4351039331946664e-27,6.9966139179551015e-28,687.5034361659907,1.667020043273608e-26,1.0955106630722722e-26,1.38013432215229e-26,5.720345559525948e-27,3.412367224520486e-27,6.4994762923155285e-28,12.23710956056738,9.84681528391532e-27,1.2328121215596778e-26,1.4787109547451903e-26,5.8314377629268355e-27,4.3741038815993485e-27,8.778800869412735e-28,14.677408585985546,0.0,1.1207355152678104e-26,1.1407565956815539e-26,3.812031204987713e-27,3.18334135703353e-27,7.903920532934369e-28,1.3999789727879646e-27,9.530350981929305e-27,1.6276003238533703e-26,1.6672132105195307e-26,6.253525581397205e-27,3.7396741961321715e-27,1.8213989165172773e-27,11.614683549162544,0.0,1.8948473918970826e-26,1.497413592354765e-26,6.541576350798703e-27,3.7562684243463e-27,1.1669521737083913e-27,1.4508088293202237e-27,1.4414290981747542e-26,1.9960745566855806e-26,2.0758850322520345e-26,5.246669877461378e-27,3.139793861848816e-27,1.8186105194488073e-27,0.001339566697067362,1.2237393273944108e-26,1.5321834345122922e-26,1.453490280520285e-26,3.576680738301436e-27,2.817454142181371e-27,7.51312683352777e-28,0.4547567379228911,0.0,1.0874159934129497e-26,1.0942399873018671e-26,2.779324736086536e-27,2.9070053300888423e-27,9.533226287517211e-28,0.36548894716758223,1.8639457060889855e-26,2.2802133959192122e-26,1.6901265571637363e-26,2.619716713062165e-27,2.1039874519878705e-27,6.820645470590892e-28,4950.903427829349,0.0,2.132220364634537e-26,2.1028674860672375e-26,7.193712126594402e-27,3.449019051580948e-27,1.826673214103924e-27,0.37705035077493004,1.2382735129010876e-26,1.0774582740913265e-26,1.0882088615546422e-26,4.510194972170261e-27,5.813024285975257e-27,6.541275151022067e-28,0.36468893350496573,0.0,1.1618981033028426e-26,1.5610982204644556e-26,3.940777887759681e-27,2.3138796111922657e-27,6.900821581059037e-28,0.0017208738306270146,0.0,2.2277850465750801e-26,1.0864033118156629e-26,5.5042799022288416e-27,6.44890538092329e-27,1.1484657105029748e-27,0.4209826321757459,1.4121200365560037e-26,9.004793178809725e-27,8.406262163789339e-27,5.2913078959672166e-27,5.0362077122716925e-27,1.782886368072457e-27,0.4348639892833201,1.275841810159545e-26,1.8190771519890148e-26,1.592530481385051e-26,3.5463794383291274e-27,4.878928266653094e-27,1.0494952489629082e-27,0.44107567113548407,0.0,1.7166103455993376e-26,1.5970071227337068e-26,3.791571168168736e-27,2.754593351686009e-27,1.3283544338988917e-27,0.0012811788244043746,0.0,1.5312067060856283e-26,1.8311923039572666e-26,2.972252495636346e-27,3.376549573785523e-27,1.3891283561852615e-27,1.6386079648399535e-28,0.0,9.058806534975607e-27,1.0461124746565247e-26,2.5933996596430226e-27,3.377689039895284e-27,9.852453481827332e-28,2.0195593242083585e-28,2.4299992692374013e-26,8.548600383536824e-27,1.3616112028206614e-26,3.374168069119752e-27,5.8919258314053844e-27,1.090977366689973e-27,0.35678124750481777,1.0435832058406688e-26,1.9674639478605676e-26,2.3114570564841707e-26,6.126825701332796e-27,2.9189697665014453e-27,1.3464924761794976e-27,141.762935232017,1.969943701411848e-26,1.3478077200377702e-26,2.0384180823841794e-26,4.305226849594585e-27,5.299695815066204e-27,1.2470132832510934e-27,0.3239136296565109,0.0,1.393856395481693e-26,1.3917698870589303e-26,4.732190588624079e-27,3.8571137431416554e-27,1.0492927717796545e-27,2.6301285121576646e-28,0.0,1.203682989810959e-26,2.2906495384791068e-26,3.171707585277777e-27,4.414204816636966e-27,2.0134315330852772e-27,0.0013177839692206908,2.4477242726642144e-26,1.8144020598443973e-26,1.1654485502574133e-26,7.012387432449221e-27,6.877269101484889e-27,2.3457214222074386e-27,11.6685608702918,1.0842965924144444e-26,1.989508113034793e-26,1.3092761196679215e-26,4.27305256396492e-27,5.523458001286145e-27,1.735921989678935e-27,0.3254188682728487,1.716375245118838e-26,1.0023827131701906e-26,1.9602067062826818e-26,5.211243220991706e-27,3.9604946323546e-27
9.621893939399404e-27,1.5252495265357573e-26,1.5173236287479196e-26,7.211978010952409e-27,2.7523895716117932e-27,0.06755890364938234,1105.9864024316269,1.6347967741617942e-26,1.3933747578912345e-26,1.900639905969557e-26,7.33534208139827e-27,4.113948573749186e-27,1.6410417850976537e-27,20.854749817782878,9.248962194156936e-27,1.3831740898037902e-26,1.2455874751543111e-26,4.777870705286564e-27,2.6319346369140342e-27,1.3381160935458848e-27,0.7871444138594533,8.768173178909281e-27,1.2084218785816935e-26,1.668236436435641e-26,6.479223879923912e-27,2.5286776557839736e-27,6.598464398465898e-06,880.2165942337411,1.6670200432736077e-26,1.1020423629854172e-26,1.3950501459955218e-26,5.7700230884961754e-27,3.403651036830609e-27,6.550874245397252e-28,21.52501290741319,9.846815283915314e-27,1.2328121215593571e-26,1.4787109546693585e-26,5.831437655411331e-27,4.374102541551527e-27,8.778800789220425e-28,25.607621532820822,0.0,1.1207355152678104e-26,1.1407565956815e-26,3.812031204011609e-27,3.183341326881572e-27,7.903906576009841e-28,1.399978968189936e-27,9.530350981929299e-27,1.6276003238524907e-26,1.6672132104377142e-26,6.325036943049175e-27,3.778111464765644e-27,1.8521568110127328e-27,20.463077928852183,0.0,1.8948473918970826e-26,1.5040960581284885e-26,6.562133646699657e-27,3.502027957442333e-27,1.283850931745e-27,1.4041552074074427e-27,1.441429098174754e-26,2.065028718942344e-26,2.0896702322646292e-26,5.284187141391602e-27,3.2662033467750746e-27,1.859090605027967e-27,0.005022326791705888,1.2237393273944102e-26,1.5321834345118936e-26,1.4534902804535843e-26,3.5766805346054615e-27,2.8174519174268388e-27,7.512044272999357e-28,1.049430085588328,0.0,1.0874159934129497e-26,1.0942399873017245e-26,2.7793247360757873e-27,2.9070053297232155e-27,9.533225764799796e-28,0.8434291679977383,1.863945706088985e-26,2.2802133959187195e-26,1.6901265570901255e-26,2.6197166446557934e-27,2.103985513501072e-27,4.399175592733505e-05,5484.365166189796,0.0,2.132220364634537e-26,2.1532538021146338e-26,5.341086272753819e-27,3.607215630507286e-27,1.9196314152085396e-27,0.9020910235849988,1.2382735129010871e-26,1.0774582740905185e-26,1.0882088614954535e-26,4.510194878251734e-27,5.8130227775524754e-27,6.541274990219748e-28,0.8436990375843577,0.0,1.1618981033028426e-26,1.5610982204643818e-26,3.940777887291224e-27,2.3138795856063063e-27,6.900808316158908e-28,0.006451930138024423,0.0,2.2277850465750801e-26,1.0864033118156087e-26,5.504279901683167e-27,6.448905360575854e-27,1.1484657102224627e-27,0.9739331495277508,1.4121200365560034e-26,9.11732142413086e-27,8.451812607384947e-27,5.301396080386373e-27,5.02087589904508e-27,1.762834203856317e-27,1.0121089196762258,1.2758418101595448e-26,1.8190771519885771e-26,1.592530481313505e-26,3.54637936342091e-27,4.878926867993266e-27,1.0494952397342738e-27,1.0178586499341242,0.0,1.4529389965152797e-26,1.545137721654092e-26,3.667576051712225e-27,2.861545457671285e-27,1.4055701487103491e-27,0.005387680229621033,0.0,1.5312067060856283e-26,1.8311923039571896e-26,2.9755853447895375e-27,3.427090171290631e-27,1.0073913620571267e-27,1.384376106566811e-28,0.0,9.058806534975606e-27,1.046112474656386e-26,2.5933996593042597e-27,3.3776890256572324e-27,9.852435391071715e-28,2.0195592163336983e-28,2.4299992692374013e-26,8.54860038353635e-27,1.361611202815904e-26,3.374168056320285e-27,5.8919251917365884e-27,1.0909773629223221e-27,0.8233346399999418,1.0435832058406681e-26,1.8619893923524045e-26,2.2697761972759163e-26,6.137698190951254e-27,3.0536201970736583e-27,1.3199099345635103e-27,206.57209397017255,1.969943701411848e-26,1.3634030287174887e-26,2.078853376585635e-26,4.3175193459295614e-27,5.380819226317475e-27,1.1399871074949143e-27,0.7538814016776701,0.0,1.393856395481693e-26,1.391769887058864e-26,4.732190588114613e-27,3.8571137277571565e-27,1.0492909161881078e-27,2.630128374036593e-28,0.0,1.2036829898109587e-26,2.290649538479021e-26,3.171707584863495e-27,4.4142048017479446e-27,2.0398946438228992e-27,0.005548350307388886,2.4477242726642138e-26,1.8144020598439438e-26,1.1721599741336613e-26,7.089177037326557e-27,6.885156982668952e-27,1.1641027318581231e-27,20.558096154847487,1.0842965924144439e-26,1.9895081130343284e-26,1.3092761196029597e-26,4.273052468460068e-27,5.523456545092055e-27,1.8040493048025773e-27,0.7572625508775362,1.7163752451188375e-26,1.0023827131695039e-26,1.9602067062033233e-26,5.2112429746912515e-27,3.960491678243707e-27
9.621893939399401e-27,1.5910639872524536e-26,1.5271421901860555e-26,7.244617814193218e-27,2.7048024450458295e-27,0.210010749436502,1386.3218860200557,1.6347967741617942e-26,1.3933747578908812e-26,1.900639905933428e-26,7.547489891618029e-27,4.1275472418599684e-27,1.66910090587911e-27,34.901546804615435,9.248962194156933e-27,1.3831740898036272e-26,1.2455874751421576e-26,4.7778706672136275e-27,2.6319342569838568e-27,1.3380881768371005e-27,1.696831379141704,8.768173178909277e-27,1.2605652379949881e-26,1.7028257480542108e-26,6.509956547316979e-27,2.8179383255294506e-27,4.714074054521134e-05,1103.7578869201286,1.6670200432736077e-26,1.1310219676363369e-26,1.3714749333055347e-26,5.7845421263087166e-27,3.511438355079337e-27,8.291918851839577e-28,36.231430043833,9.846815283915309e-27,1.2328121215592235e-26,1.4787109546377622e-26,5.831437610613199e-27,4.374101983197274e-27,8.778800755806953e-28,42.83112548601474,0.0,1.1207355152678104e-26,1.1407565956814778e-26,3.812031203604898e-27,3.1833413143182466e-27,7.903900760626659e-28,1.399978966274087e-27,9.530350981929296e-27,1.6276003238521245e-26,1.6540342138167048e-26,6.352001184562052e-27,3.80885727583204e-27,1.8776307765223485e-27,34.48478417538421,0.0,1.603798832501691e-26,1.4965443163019817e-26,6.57136628904217e-27,3.388208502020904e-27,1.3829017107012853e-27,1.3804849842109585e-27,1.4414290981747533e-26,1.9916653343451233e-26,2.0895139871544072e-26,5.31468486197692e-27,3.379161119356581e-27,1.8931969391909025e-27,0.016731624636196183,1.2237393273944102e-26,1.5321834345117274e-26,1.4534902804257923e-26,3.576680449732136e-27,2.8174509904442806e-27,7.511593229008748e-28,2.2622353256763237,0.0,1.0874159934129497e-26,1.0942399873016651e-26,2.7793247360713092e-27,2.9070053295708715e-27,9.53322554700085e-28,1.8181632914408232,1.863945706088985e-26,2.280213395918514e-26,1.6901265570594545e-26,2.6197166161531355e-27,2.103984705797857e-27,0.00021753162113526155,6035.787400423617,0.0,1.8047113166266723e-26,2.1013695582904926e-26,4.613743013016771e-27,3.747966537509433e-27,1.999031729632703e-27,1.9980351425678757,1.2382735129010871e-26,1.0774582740901819e-26,1.0882088614707915e-26,4.510194839119009e-27,5.813022149041854e-27,6.541274923218774e-28,1.8212672857718002,0.0,1.1618981033028426e-26,1.5610982204643514e-26,3.940777887096033e-27,2.313879574945487e-27,6.900802789119439e-28,0.021494275009475292,0.0,2.2277850465750801e-26,1.0864033118155866e-26,5.504279901455803e-27,6.448905352097749e-27,1.1484657101055829e-27,2.102399676598231,1.4121200365560028e-26,9.188673797600683e-27,8.445913851185161e-27,5.317894332310983e-27,5.011932587352706e-27,1.2657811288582097e-27,2.1935424803079724,1.2758418101595448e-26,1.8190771519883946e-26,1.592530481283694e-26,3.54637933220915e-27,4.8789262852172874e-27,1.0494952358890086e-27,2.1941774169122388,0.0,1.6040770007211585e-26,1.596458681979468e-26,3.6570370784895614e-27,2.9517879293534356e-27,1.4732688504603073e-27,0.01915223350141556,0.0,1.5312067060856283e-26,1.8311923039571578e-26,3.7444690847853664e-27,3.467443679171093e-27,8.570116542388051e-28,1.2892364214157448e-28,0.0,9.058806534975606e-27,1.0461124746563281e-26,2.5933996591631082e-27,3.377689019724706e-27,9.852427853260913e-28,2.0195591713859115e-28,2.4299992692374013e-26,8.548600383536155e-27,1.3616112028139215e-26,3.374168050987174e-27,5.891924925207723e-27,1.0909773613524668e-27,1.7748459216477257,1.0435832058406676e-26,1.960839048380715e-26,2.311395088039045e-26,6.172211814024645e-27,3.2697455424236916e-27,1.3072583354068394e-27,292.3336921410845,1.6673603488749883e-26,1.3469603290380976e-26,2.0384179958311066e-26,5.091427869247907e-27,5.443922946429571e-27,1.0932180931161142e-27,1.6338862819459037,0.0,1.393856395481693e-26,1.391769887058836e-26,4.732190587902336e-27,3.8571137213469434e-27,1.0492901430253582e-27,2.630128316486132e-28,0.0,1.2036829898109587e-26,2.2906495384789857e-26,3.1717075846908776e-27,4.414204795544182e-27,1.849281659168918e-27,0.01972889435247287,2.4477242726642138e-26,1.8144020598437547e-26,1.1912867694864068e-26,7.148917711178696e-27,6.891550305544679e-27,7.927019845799711e-28,34.645638804084854,1.0842965924144439e-26,1.9895081130341347e-26,1.309276119575892e-26,4.273052428666375e-27,5.523455938343419e-27,1.8595221470981317e-27,1.6411031355968915,1.7163752451188372e-26,1.0023827131692179e-26,1.960206706170257e-26,5.211242872066059e-27,3.9604904473621546e-27
9.621893939399398e-27,1.5215461935037638e-26,1.525120350556764e-26,7.269311517470977e-27,2.6822665123986894e-27,0.5759196553685404,1705.6042389375716,1.6347967741617942e-26,1.3933747578907334e-26,1.8993163076456374e-26,7.690975883919903e-27,4.1374317349037534e-27,1.69217790493503e-27,56.147851484477656,9.24896219415693e-27,1.383174089803559e-26,1.245587475137094e-26,4.777870651349903e-27,2.6319340986793234e-27,1.3380765449578549e-27,3.4412085451007743,8.768173178909275e-27,1.2054878087251374e-26,1.6682018829705265e-26,6.504657043519463e-27,3.0851083813495285e-27,0.0003642423150050405,1358.2890205525532,1.4109657646267816e-26,1.1280283225668855e-26,1.3955354792725767e-26,5.80972467429972e-27,3.5303182294780495e-27,9.746586542456713e-28,58.55645080799483,9.846815283915309e-27,1.2328121215591677e-26,1.4787109546245968e-26,5.831437591947308e-27,4.3741017505492394e-27,8.778800741884669e-28,68.88407369471064,0.0,1.1207355152678104e-26,1.1407565956814685e-26,3.812031203435436e-27,3.1833413090835232e-27,7.903898337550297e-28,1.3999789654758153e-27,9.530350981929293e-27,1.6276003238519716e-26,1.656227081594645e-26,6.369237343062877e-27,3.829036973273083e-27,1.898919550342117e-27,55.781257216088676,0.0,1.7706296184282743e-26,1.5036819026762136e-26,6.584005405500939e-27,3.337860296207811e-27,1.466238362484487e-27,1.3686417102242836e-27,1.4414290981747533e-26,2.0629815290918798e-26,2.0812449609064216e-26,5.345436657128159e-27,3.518684178370163e-27,1.9217971684425435e-27,0.050032950704488946,1.2237393273944102e-26,1.532183434511658e-26,1.4534902804142124e-26,3.57668041436825e-27,2.8174506042008584e-27,7.511405297957544e-28,4.587859247206955,0.0,1.0874159934129497e-26,1.0942399873016404e-26,2.779324736069444e-27,2.9070053295073945e-27,9.533225456251282e-28,3.6872721307520497,1.863945706088985e-26,2.2802133959184285e-26,1.6901265570466747e-26,2.6197166042770273e-27,2.1039843692546286e-27,0.001070529164773649,6582.659712256066,0.0,1.992441474064051e-26,2.1525593016422235e-26,4.3619040088714345e-27,3.873041416838264e-27,2.066154231654224e-27,4.136230785962084,1.2382735129010871e-26,1.0774582740900414e-26,1.088208861460516e-26,4.510194822813705e-27,5.8130218871619454e-27,6.5412748953016995e-28,3.6963907472816895,0.0,1.1618981033028426e-26,1.5610982204643388e-26,3.940777887014704e-27,2.3138795705034772e-27,6.900800486186347e-28,0.06427481044795202,0.0,2.2277850465750801e-26,1.0864033118155771e-26,5.504279901361068e-27,6.448905348565202e-27,1.145796613803719e-27,4.266968814724241,1.4121200365560028e-26,9.445048670927998e-27,8.331457072078686e-27,5.334890136375737e-27,5.007763717490294e-27,1.0781462935246445e-27,4.463847469688133,1.2758418101595448e-26,1.819077151988319e-26,1.592530481271273e-26,3.5463793192042486e-27,4.878926042393513e-27,1.049495234286814e-27,4.449836424150066,0.0,1.3767554055231744e-26,1.5447171564318513e-26,3.612155942973961e-27,3.022699887664812e-27,1.5315860485566099e-27,0.059474304480229744,0.0,1.5312067060856283e-26,1.8311923039571443e-26,4.3791848142652066e-27,3.5010845488854755e-27,7.937357892336999e-28,1.245883592197264e-28,0.0,9.058806534975606e-27,1.046112474656304e-26,2.5933996591042955e-27,3.377689017252819e-27,9.852424712506902e-28,2.0195591526576625e-28,2.4299992692374013e-26,8.548600383536072e-27,1.3616112028130956e-26,3.374168048765045e-27,5.891924814153942e-27,1.0909773606983604e-27,3.5994236238728603,1.0435832058406674e-26,1.8569994885804823e-26,2.269728074226121e-26,6.170994274472619e-27,3.496956793716987e-27,1.3161266514025001e-27,402.55974567704453,1.8408029476526272e-26,1.3630039456509565e-26,2.0788533382984484e-26,5.726746666924388e-27,5.49658140636187e-27,1.0727247113470228e-27,3.3249500344293983,0.0,1.393856395481693e-26,1.391769887058824e-26,4.732190587813888e-27,3.85711371867602e-27,1.0492898208742595e-27,2.630128292506767e-28,0.0,1.2036829898109587e-26,2.2906495384789714e-26,3.1717075846189542e-27,4.414204792959279e-27,9.178849865402424e-28,0.061267149698302756,2.4477242726642138e-26,1.8144020598436763e-26,1.2083455227995351e-26,7.195370503721317e-27,6.896708924289518e-27,6.589495324508531e-28,56.04532062807286,1.0842965924144439e-26,1.9895081130340543e-26,1.3092761195646143e-26,4.2730524120856684e-27,5.523455685531017e-27,1.904783175515919e-27,3.3395552865597247,1.7163752451188372e-26,1.0023827131690985e-26,1.9602067061564797e-26,5.2112428293055606e-27,3.960489934493922e-27
9.621893939399398e-27,1.5893611187976086e-26,1.5226916490429186e-26,7.295892659702545e-27,2.67237341659342e-27,1.4229481345890012,2063.8001647851365,1.6347967741617942e-26,1.393374757890672e-26,1.899536875335177e-26,7.811094583051116e-27,3.9686516215828865e-27,1.711121945328855e-27,87.07392945559388,9.24896219415693e-27,1.3831740898035308e-26,1.245587475134984e-26,4.777870644740017e-27,2.6319340327189776e-27,1.3380716983550906e-27,6.605354077813404,8.768173178909275e-27,1.2592160925198506e-26,1.7028100032560606e-26,4.842832092929247e-27,3.326117117599232e-27,0.002284904300842135,1643.7372333573874,1.5577376182145602e-26,1.1146552306170535e-26,1.377131937213097e-26,5.8052312716518926e-27,3.592554922364005e-27,1.0954920819233825e-27,91.14668975628621,9.846815283915309e-27,1.2328121215591445e-26,1.4787109546191116e-26,5.831437584169852e-27,4.374101653612378e-27,8.778800736083715e-28,106.81945468260217,0.0,1.1207355152678104e-26,1.1407565956814645e-26,3.8120312033648274e-27,3.1833413069023864e-27,7.90389732793498e-28,1.3999789651432014e-27,9.530350981929293e-27,1.6276003238519082e-26,1.6827082998146e-26,6.372652756333412e-27,3.693908583857234e-27,1.9168233402687738e-27,86.87834693472129,0.0,1.519705037385745e-26,1.496211445049111e-26,6.58741187880999e-27,3.3146840580042705e-27,1.5358579978635242e-27,1.362776414551836e-27,1.2200255886951116e-26,1.9900883476448022e-26,2.0650084281547587e-26,5.367954874781267e-27,3.664777086618241e-27,1.9455977224516114e-27,0.13582038183029155,1.2237393273944102e-26,1.5321834345116293e-26,1.453490280409387e-26,3.576680399633296e-27,2.8174504432658016e-27,7.511326994025183e-28,8.806334864568623,0.0,1.0874159934129497e-26,1.0942399873016299e-26,2.7793247360686668e-27,2.9070053294809455e-27,9.533225418438958e-28,7.077669860940582,1.863945706088985e-26,2.2802133959183926e-26,1.6901265570413497e-26,2.619716599328648e-27,2.1039842290281787e-27,0.004760495580269206,7100.047351077906,0.0,1.7100828503700277e-26,2.1008299862842845e-26,4.2239621433386985e-27,3.977620744940063e-27,2.1227617369334e-27,8.06538521643187,1.2382735129010871e-26,1.077458274089983e-26,1.0882088614562345e-26,4.5101948160198266e-27,5.813021778045112e-27,6.541274883669583e-28,7.098125978874569,0.0,1.1618981033028426e-26,1.5610982204643333e-26,3.9407778869808175e-27,2.3138795686526386e-27,6.900799526630742e-28,0.1744816001093297,0.0,2.2277850465750801e-26,1.0864033118155732e-26,5.504279901321593e-27,6.448905347093307e-27,1.1462412475220875e-27,8.193798833934185,1.1952183989410012e-26,9.42872046151484e-27,8.295601660261142e-27,5.346744487479064e-27,5.007891514157535e-27,1.002282827027115e-27,8.587261954703592,1.2758418101595448e-26,1.8190771519882876e-26,1.5925304812660973e-26,3.546379313785538e-27,4.8789259412167484e-27,1.049495233619233e-27,8.541401889667087,0.0,1.570452689536395e-26,1.596267342037901e-26,3.6339267775288015e-27,3.082085152643337e-27,1.5815218138556735e-27,0.16512737848694578,0.0,1.5312067060856283e-26,1.8311923039571388e-26,4.858711815933107e-27,3.527071119163359e-27,7.659829365848626e-28,1.017982637965866e-28,0.0,9.058806534975606e-27,1.0461124746562938e-26,2.5933996590797897e-27,3.377689016222864e-27,9.852423403859398e-28,2.019559144854223e-28,2.4299992692374013e-26,8.548600383536036e-27,1.3616112028127512e-26,3.374168047839158e-27,5.891924767881497e-27,1.0909773604258161e-27,6.909045819258902,1.0435832058406674e-26,1.9585640946353836e-26,2.3113731619250448e-26,4.056534897955102e-27,3.7200003695323524e-27,1.4349558379632784e-27,540.23495662791,1.5799337610004786e-26,1.3466438133071292e-26,2.0384179669113188e-26,6.187977166798786e-27,5.536095479395845e-27,1.0749227333203012e-27,6.396324499398876,0.0,1.393856395481693e-26,1.3917698870588195e-26,4.732190587777034e-27,3.857113717563133e-27,1.049289686644634e-27,2.630128282515362e-28,0.0,1.2036829898109587e-26,2.2906495384789648e-26,3.1717075845889857e-27,4.4142047918822344e-27,6.261317337968926e-28,0.1701011389328008,2.4477242726642138e-26,1.814402059843643e-26,1.223097443119258e-26,7.231472778062351e-27,6.900854737439514e-27,6.068659299428024e-28,87.30274431680677,1.0842965924144439e-26,1.9895081130340205e-26,1.309276119559915e-26,4.273052405177041e-27,5.523455580192318e-27,1.9417420268872037e-27,6.424391780622755,1.7163752451188372e-26,1.0023827131690486e-26,1.960206706150739e-26,5.211242811488686e-27,3.9604897207984284e-27
8.143971030307652e-27,1.5202524571315655e-26,1.51018003584638e-26,7.31368364253147e-27,2.6681204919634938e-27,3.2175854486737676,2458.814678825719,1.6347967741617942e-26,1.3933747578906464e-26,1.880347323140563e-26,7.885604093213501e-27,3.4096667949105926e-27,1.7265307310787737e-27,130.52071629999438,9.24896219415693e-27,1.3831740898035187e-26,1.2455874751341049e-26,4.777870641985899e-27,2.631934005235448e-27,1.338069678939307e-27,12.062541334228898,7.421381778628812e-27,1.2044628096609961e-26,1.6681897337712123e-26,4.194617514693972e-27,3.5337852058353766e-27,0.011211140066374699,1958.5989487003224,1.336983003496412e-26,1.0791377084889167e-26,1.4028193843837788e-26,3.885354271581351e-27,3.675817253342363e-27,1.195821481541852e-27,137.03848569146152,9.846815283915309e-27,1.232812121559135e-26,1.4787109546168258e-26,5.831437580929246e-27,4.374101613221943e-27,8.77880073366665e-28,160.14584185224788,0.0,1.1207355152678104e-26,1.1407565956814626e-26,3.812031203335406e-27,3.1833413059935787e-27,7.903896907261832e-28,1.3999789650046118e-27,9.530350981929293e-27,1.6276003238518815e-26,1.71040053088609e-26,6.379471175267065e-27,3.036229206014756e-27,1.9320082294258985e-27,130.67029269391233,0.0,1.7335140677058185e-26,1.50352725264335e-26,6.595780940214716e-27,3.304954067064105e-27,1.5936963965160919e-27,1.359911620297517e-27,1.346935412849964e-26,2.0622583519705516e-26,2.0710364644413403e-26,5.379498399358347e-27,3.805542790008259e-27,1.9651494417061927e-27,0.33832049084219434,1.2237393273944102e-26,1.5321834345116172e-26,1.453490280407377e-26,3.576680393493732e-27,2.8174503762094017e-27,7.511294367498185e-28,16.081920371797043,0.0,1.0874159934129497e-26,1.0942399873016258e-26,2.779324736068342e-27,2.9070053294699256e-27,9.53322540268382e-28,12.92507324238465,1.863945706088985e-26,2.2802133959183777e-26,1.690126557039131e-26,2.619716597266823e-27,2.1039841706004466e-27,0.018515192890623478,7592.260489025936,0.0,1.950676351746831e-26,2.1523125420826963e-26,4.201998222122704e-27,4.067230162268237e-27,2.169935117254018e-27,14.908608440976653,1.2382735129010871e-26,1.0774582740899587e-26,1.0882088614544503e-26,4.510194813189045e-27,5.813021732579679e-27,6.541274878822868e-28,12.965277486394339,0.0,1.1618981033028426e-26,1.5610982204643307e-26,3.940777886966697e-27,2.3138795678814554e-27,6.9007991268158176e-28,0.434623285521898,0.0,2.2277850465750801e-26,1.0864033118155716e-26,5.504279901305146e-27,6.448905346480017e-27,1.3627639058090341e-27,14.966608914215835,1.3195477230484427e-26,9.292421822918138e-27,8.321234055023461e-27,5.3431563404426025e-27,5.073353071740705e-27,9.703543373306096e-28,15.704303755272614,1.2758418101595448e-26,1.8190771519882744e-26,1.5925304812639412e-26,3.5463793115277425e-27,4.878925899059684e-27,1.0494952333410742e-27,15.598106041345902,0.0,1.3538862690795405e-26,1.5445715081447582e-26,4.2374886602865474e-27,3.127028841240776e-27,1.6235563561066248e-27,0.41701362232232597,0.0,1.5312067060856283e-26,1.8311923039571366e-26,5.243515879745371e-27,3.548742613182474e-27,7.537374217185732e-28,8.42052055269765e-29,0.0,9.058806534975606e-27,1.0461124746562898e-26,2.5933996590695795e-27,3.377689015793717e-27,9.852422858589567e-28,2.0195591416027893e-28,2.4299992692374013e-26,8.54860038353602e-27,1.361611202812608e-26,3.374168047453371e-27,5.891924748601296e-27,1.0909773603122558e-27,12.617136007110227,8.83288825423541e-27,1.8552956228831564e-26,2.269711125886165e-26,3.281682459200514e-27,3.923655016052316e-27,1.5449284541026461e-27,707.5954709623908,1.8022164389539333e-26,1.3628578529725926e-26,2.0788533255210682e-26,6.566758387384005e-27,5.5695045424430895e-27,1.2660934556733893e-27,11.69753797959213,0.0,1.393856395481693e-26,1.3917698870588175e-26,4.732190587761678e-27,3.8571137170994305e-27,1.0492896307156198e-27,2.630128278352275e-28,0.0,1.2036829898109587e-26,2.2906495384789622e-26,3.1717075845764986e-27,4.414204791433467e-27,5.21719527979192e-28,0.4295612553437343,2.4477242726642138e-26,1.8144020598436299e-26,1.2355684024929355e-26,7.259516332039441e-27,6.904174783989648e-27,5.857984327990103e-28,131.3422781703768,1.0842965924144439e-26,1.9895081130340064e-26,1.309276119557957e-26,4.273052402298445e-27,5.52345553630111e-27,1.97191356736821e-27,11.74891167615802,1.7163752451188372e-26,1.002382713169028e-26,1.9602067061483474e-26,5.211242804064987e-27,3.960489631758472e-27
8.991125336705438e-27,1.5887715248579047e-26,1.516462139648107e-26,7.324663481297863e-27,2.6672987229079726e-27,6.739575656277616,2885.476966446378,1.6347967741617942e-26,1.3933747578906358e-26,1.8914529633312353e-26,7.954665028578374e-27,3.1564160186138496e-27,2.992438187706138e-06,189.60694480824813,9.24896219415693e-27,1.383174089803514e-26,1.2455874751337384e-26,4.777870640838349e-27,2.631933993783956e-27,1.338068837516282e-27,21.04544928837665,8.193370714958556e-27,1.2587489701219597e-26,1.7028044931522327e-26,3.965405399970923e-27,3.7122000819966506e-27,0.04445134999545086,2298.8564355376648,1.5250846630287988e-26,1.0942628710654094e-26,1.3801098331117686e-26,3.1821878612444804e-27,3.7629633873908886e-27,1.3376940384599231e-06,199.57031273007564,9.846815283915309e-27,1.232812121559131e-26,1.478710954615873e-26,5.831437579578993e-27,4.3741015963925634e-27,8.77880073265954e-28,232.7309190642104,0.0,1.1207355152678104e-26,1.140756595681462e-26,3.812031203323148e-27,3.1833413056149087e-27,7.903896731981309e-28,3.3233787865741894e-06,9.530350981929293e-27,1.6276003238518706e-26,1.7216616151041076e-26,6.40426196188931e-27,2.7519451815301392e-27,5.483975059770863e-07,190.33435521533804,0.0,1.494461379932412e-26,1.49608917599267e-26,6.596047999735118e-27,3.3000008305384974e-27,1.6414407088678758e-27,1.9412661289687062e-07,1.1560546094096967e-26,1.9895361357037893e-26,2.0758401983195048e-26,5.3781094486700546e-27,3.935146062404979e-27,1.9810853277146642e-27,0.7807332405507121,1.2237393273944102e-26,1.5321834345116123e-26,1.4534902804065392e-26,3.57668039093558e-27,2.8174503482691813e-27,7.511280773129111e-28,28.058057359387472,0.0,1.0874159934129497e-26,1.0942399873016239e-26,2.779324736068207e-27,2.9070053294653335e-27,9.533225396119178e-28,22.55030156725664,1.863945706088985e-26,2.280213395918371e-26,1.6901265570382063e-26,2.619716596407729e-27,2.1039841462555385e-27,0.06293298822511158,8062.655957383796,0.0,1.6816768474750044e-26,2.1006400832550418e-26,4.158043177599416e-27,4.13898578499467e-27,2.209247213598367e-27,26.256599458927692,1.2382735129010871e-26,1.0774582740899484e-26,1.0882088614537069e-26,4.510194812009552e-27,5.813021713635713e-27,6.541274876803403e-28,22.622903686036842,0.0,1.1618981033028426e-26,1.56109822046433e-26,3.940777886960814e-27,2.3138795675601295e-27,6.900798960226222e-28,1.002968650463983,0.0,2.2277850465750801e-26,1.086403311815571e-26,5.5042799012982934e-27,6.448905346224479e-27,1.5353257997832302e-27,26.115123776497207,1.1325481630470318e-26,8.983576155953893e-27,8.4060247915654e-27,4.658470363967262e-27,5.156716062785651e-27,9.565674844273097e-28,27.424585612671162,1.2758418101595448e-26,1.8190771519882684e-26,1.5925304812630426e-26,3.546379310586995e-27,4.8789258814942075e-27,1.0494952332251744e-27,27.213936827805107,0.0,1.560249633171984e-26,1.5962016135197052e-26,4.746516813143212e-27,3.165008804341725e-27,1.6588959360640823e-27,0.9705883847732855,0.0,1.5312067060856283e-26,1.8311923039571354e-26,5.516607422556713e-27,3.564889089245243e-27,7.569595016002738e-28,1.0611835800559222e-06,0.0,9.058806534975606e-27,1.046112474656288e-26,2.5933996590653253e-27,3.377689015614905e-27,9.85242263139378e-28,2.6509365943315993e-06,2.4299992692374013e-26,8.548600383536015e-27,1.3616112028125483e-26,3.374168047292627e-27,5.891924740567872e-27,1.090977360264939e-27,22.013046491562104,9.751705290133348e-27,1.9577919729669775e-26,2.3113654817425146e-26,3.0061704640925304e-27,4.106506378697124e-27,1.6473700856474798e-27,906.0810209359284,1.5536896506761084e-26,1.3465294950644946e-26,2.038417957269502e-26,6.82186114720749e-27,5.5934508851250165e-27,1.4341393591057922e-27,20.427536639789718,0.0,1.393856395481693e-26,1.3917698870588166e-26,4.73219058775528e-27,3.857113716906221e-27,1.0492896074118613e-27,3.33702950724056e-06,0.0,1.2036829898109587e-26,2.290649538478961e-26,3.1717075845712956e-27,4.414204791246479e-27,4.8157393938380255e-28,0.9997672577976016,2.4477242726642138e-26,1.814402059843624e-26,1.2459293752691028e-26,7.28128817746382e-27,6.9068250769946e-27,1.3948333701919564e-06,191.3847947218856,1.0842965924144439e-26,1.9895081130340004e-26,1.3092761195571412e-26,4.273052401099031e-27,5.5234555180130726e-27,1.996516601492204e-27,20.517397599571954,1.7163752451188372e-26,1.0023827131690194e-26,1.9602067061473507e-26,5.211242800971779e-27,3.96048959465842e-27
7.716949001500825e-27,1.5198074428105257e-26,1.517288836069017e-26,7.321924998519339e-27,2.721651389839311e-27,13.202380692967136,3339.0103272925994,1.6347967741617942e-26,1.3933747578906315e-26,1.8743492939275346e-26,7.99124321064375e-27,3.0388017818557135e-27,6.766591890181602e-05,267.63197131756726,9.24896219415693e-27,1.383174089803512e-26,1.2455874751335856e-26,4.777870640360203e-27,2.6319339890124905e-27,1.3380684869233365e-27,35.200114109200825,7.032248087967785e-27,1.2041102345364209e-26,1.6681854969766224e-26,3.844986143941716e-27,3.8591151366733326e-27,0.14804868480506006,2660.4289140714163,1.3147745221589738e-26,1.1010178511292803e-26,1.3950389305114087e-26,2.9320456346520944e-27,3.848695900070421e-27,3.7853661960204694e-05,282.27936685763603,9.846815283915309e-27,1.2328121215591291e-26,1.4787109546154763e-26,5.831437579016387e-27,4.3741015893803084e-27,8.778800732239911e-28,328.6327597082925,0.0,1.1207355152678104e-26,1.140756595681462e-26,3.81203120331804e-27,3.1833413054571285e-27,7.90389665894774e-28,1.662301379527268e-05,9.530350981929293e-27,1.6276003238518657e-26,1.7387357571878985e-26,6.443587572337258e-27,2.626295301739413e-27,2.2916225624813028e-05,269.2308188812239,0.0,1.722251619712862e-26,1.503471409879552e-26,6.602117354718181e-27,3.298424420850903e-27,1.680675670934554e-27,1.6364240697362466e-06,1.318701247378429e-26,2.062007510109692e-26,2.0896352794857203e-26,3.546052504271098e-27,4.0499323025979145e-27,1.994021193185267e-27,1.683010941804103,1.2237393273944102e-26,1.53218343451161e-26,1.4534902804061903e-26,3.576680389869684e-27,2.8174503366274013e-27,7.511275108810733e-28,46.92872309547525,0.0,1.0874159934129497e-26,1.0942399873016232e-26,2.779324736068151e-27,2.9070053294634204e-27,9.533225393383912e-28,37.71718385219388,1.863945706088985e-26,2.280213395918369e-26,1.6901265570378212e-26,2.6197165960497732e-27,2.1039841361118193e-27,0.18903277534058593,8521.163633278165,0.0,1.9380030245602147e-26,2.1522265822879773e-26,4.174540520820876e-27,4.199521769841364e-27,2.2415574978114283e-27,44.23836209058737,1.2382735129010871e-26,1.0774582740899442e-26,1.0882088614533974e-26,4.5101948115180965e-27,5.813021705742379e-27,6.492946983791411e-28,37.84047703535578,0.0,1.1618981033028426e-26,1.56109822046433e-26,3.940777886958363e-27,2.313879567426244e-27,6.9007988908138735e-28,2.162079344574465,0.0,2.2277850465750801e-26,1.0864033118155706e-26,5.5042799012954386e-27,6.448905346118005e-27,1.6662064133784977e-27,43.68260100645503,1.2918876523392562e-26,9.106896856278374e-27,8.45162579628172e-27,4.3901697656731836e-27,5.242433210849001e-27,9.50559220648252e-28,45.896935913638565,1.2758418101595448e-26,1.819077151988266e-26,1.5925304812626684e-26,3.546379310195016e-27,4.878925874175245e-27,1.049495233176883e-27,45.51717389836963,0.0,1.3469366804333123e-26,1.5445217645680505e-26,5.0996920447704254e-27,3.1924778316470343e-27,1.688076153886372e-27,2.103594532749726,0.0,1.5312067060856283e-26,1.831192303957135e-26,5.739771596465949e-27,3.578577069398895e-27,8.75383173696137e-28,5.9923476548330625e-06,0.0,9.058806534975606e-27,1.0461124746562872e-26,2.5933996590635528e-27,3.3776890155404e-27,9.85242253672886e-28,1.3259564560198525e-05,2.4299992692374013e-26,8.548600383536015e-27,1.3616112028125233e-26,3.37416804722565e-27,5.891924737220609e-27,1.0909773602452238e-27,36.81871166361515,8.369743450734666e-27,1.8547200074161248e-26,2.2697052131970383e-26,2.8722432490390088e-27,4.26239652144338e-27,1.742123409201586e-27,1136.4422131768445,1.7905076393001577e-26,1.3628058323489566e-26,2.0788533212664634e-26,7.042259270157557e-27,5.352606134857454e-27,1.5814850097180283e-27,34.187233076129885,0.0,1.393856395481693e-26,1.3917698870588164e-26,4.7321905877526135e-27,3.8571137168257176e-27,1.049289597701961e-27,1.66912925360619e-05,0.0,1.2036829898109587e-26,2.2906495384789605e-26,3.171707584569129e-27,4.414204791168567e-27,4.657425039187863e-28,2.166794410923293,2.4477242726642138e-26,1.8144020598436215e-26,1.2544198629710322e-26,7.298181142834621e-27,6.90893463270421e-27,2.6899182451810646e-05,270.8497207357732,1.0842965924144439e-26,1.9895081130339984e-26,1.309276119556801e-26,4.273052400599274e-27,5.523455510393042e-27,2.0165433897520773e-27,34.33724753910109,1.7163752451188372e-26,1.0023827131690158e-26,1.9602067061469354e-26,5.211242799682942e-27,3.960489579200035e-27
8.802655334276205e-27,1.5885701721519702e-26,1.5271151515286192e-26,6.138731858324481e-27,2.9341338010898113e-27,24.375701263796373,3814.3940372303387,1.6347967741617942e-26,1.3933747578906295e-26,1.888893904524173e-26,8.032395247080731e-27,2.985821622149424e-27,0.0006164538220148404,367.7714562673227,9.24896219415693e-27,1.383174089803511e-26,1.2455874751335219e-26,4.777870640160976e-27,2.631933987024377e-27,1.3380683408429162e-27,56.609556456108194,8.021623070395337e-27,1.2585894427718904e-26,1.70280257972957e-26,3.822000958332352e-27,3.981883953008714e-27,0.42772274655435616,3039.044425602091,1.5151763576840672e-26,1.1302157650866514e-26,1.371466440307696e-26,2.8116129467202927e-27,3.92611820330233e-27,0.00041756407769673835,388.5602680775785,9.846815283915309e-27,1.2328121215591285e-26,1.478710954615311e-26,5.831437578781969e-27,4.374101586458529e-27,8.778800732065065e-28,451.69689490878943,0.0,1.1207355152678104e-26,1.140756595681462e-26,3.8120312033159114e-27,3.1833413053913876e-27,7.903896628517078e-28,8.49238507300144e-05,9.530350981929293e-27,1.6276003238518637e-26,1.742177944060308e-26,6.481457211465445e-27,2.5727205356928227e-27,0.0003122826540347284,370.58263079958436,0.0,1.4867902098530625e-26,1.4960455331178495e-26,6.600694341801774e-27,3.359403904855827e-27,1.7127228623400873e-27,1.6131939565588958e-05,1.1368515102296827e-26,1.989345885329306e-26,2.0894868601546204e-26,2.8975703588753068e-27,4.14817412746344e-27,2.0045808805988656e-27,3.4131804171159925,1.2237393273944102e-26,1.5321834345116095e-26,1.4534902804060448e-26,3.57668038942556e-27,2.8174503317766497e-27,7.511272748678057e-28,75.46837146414586,0.0,1.0874159934129497e-26,1.0942399873016229e-26,2.7793247360681283e-27,2.9070053294626225e-27,9.533225392244217e-28,60.65813781713567,1.863945706088985e-26,2.280213395918368e-26,1.6901265570376605e-26,2.6197165959006256e-27,2.1039841318852664e-27,0.5088720202330146,8981.391145739233,0.0,1.6730446878965024e-26,2.1005744057362698e-26,4.89410353426305e-27,4.2461954801256215e-27,2.2682152481756765e-27,71.55239275625804,1.2382735129010871e-26,1.0774582740899425e-26,1.0882088614532684e-26,4.510194811313323e-27,5.813021702453483e-27,6.500989188435073e-28,60.85779108064576,0.0,1.1618981033028426e-26,1.56109822046433e-26,3.940777886957341e-27,2.3138795673704576e-27,6.9007988618920535e-28,4.38474088067546,0.0,2.2277850465750801e-26,1.0864033118155706e-26,5.504279901294248e-27,6.4489053460736406e-27,1.7677498737407765e-27,70.2564507512993,1.1137355269274975e-26,9.180099837528513e-27,8.445771412833062e-27,4.290935834469387e-27,5.3230224605798514e-27,9.480599529306761e-28,73.83972627574714,1.2758418101595448e-26,1.8190771519882652e-26,1.592530481262512e-26,3.546379310031691e-27,4.878925871125671e-27,1.0494952331567616e-27,73.20032315774966,0.0,1.5571386650892617e-26,1.5961793099803366e-26,5.406190230444712e-27,3.0547742761245883e-27,1.6942674783439336e-27,4.280860491777826,0.0,1.5312067060856283e-26,1.8311923039571345e-26,5.8872836135004916e-27,3.588300308595795e-27,9.752407065293214e-28,3.703424985527185e-05,0.0,9.058806534975606e-27,1.0461124746562868e-26,2.5933996590628134e-27,3.377689015509356e-27,9.85242249728514e-28,6.774062124536235e-05,2.4299992692374013e-26,8.548600383536015e-27,1.3616112028125127e-26,3.374168047197743e-27,5.891924735825917e-27,1.0909773602370092e-27,59.21394428472014,9.547292177103156e-27,1.9575324716796223e-26,2.311362815089674e-26,2.839818544647527e-27,4.396197892989135e-27,1.8290426674509145e-27,1398.9523887121818,1.5457144579271327e-26,1.3464891839473586e-26,2.038417954062207e-26,7.175528135865144e-27,4.491492053077904e-27,1.709936524121667e-27,55.00291495965038,0.0,1.393856395481693e-26,1.3917698870588164e-26,4.732190587751502e-27,3.857113716792174e-27,1.0492895936561688e-27,8.527267397413805e-05,0.0,1.2036829898109587e-26,2.2906495384789605e-26,3.171707584568226e-27,4.414204791136104e-27,4.595491616249233e-28,4.409415288449935,2.4477242726642138e-26,1.8144020598436204e-26,1.2613006055335662e-26,7.311280466419488e-27,6.910609373480519e-27,0.00033260837303754635,373.02198304988406,1.0842965924144439e-26,1.9895081130339972e-26,1.3092761195566594e-26,4.273052400391042e-27,5.523455507218022e-27,2.032808835716331e-27,55.2407614284287,1.7163752451188372e-26,1.0023827131690144e-26,1.960206706146762e-26,5.211242799145928e-27,3.96048957275903e-27
7.588763588946136e-27,1.5196562585739538e-26,1.5250994422952755e-26,5.6772749524060794e-27,3.1192880039542683e-27,42.690960901897995,4307.661428184616,1.6347967741617942e-26,1.393374757890629e-26,1.8724510003097886e-26,8.048333720599208e-27,2.9604214014589797e-27,0.003613560671618871,492.72488048026634,9.24896219415693e-27,1.383174089803511e-26,1.2455874751334955e-26,4.7778706400779646e-27,2.6319339861959945e-27,1.33806827997606e-27,87.77949119392223,6.915436168883215e-27,1.2039904545686242e-26,1.6681840304116995e-26,3.78583600139131e-27,4.079587995735998e-27,1.098837717108194,3431.302649910586,1.3080256967219905e-26,1.127404880950664e-26,1.3955315807828626e-26,2.7747180657322968e-27,3.996165366222221e-27,0.0028391314337869716,521.297606564717,9.846815283915309e-27,1.2328121215591282e-26,1.4787109546152422e-26,5.831437578684294e-27,4.3741015852411204e-27,8.778800731992214e-28,605.1888100156002,0.0,1.1207355152678104e-26,1.140756595681462e-26,3.8120312033150246e-27,3.1833413053639958e-27,7.9038966158376305e-28,0.0004032617776058993,9.530350981929293e-27,1.627600323851863e-26,1.7537145921156962e-26,6.52248741079211e-27,2.5524250775708e-27,0.002390572106087459,497.1265395777473,0.0,1.7188176372875936e-26,1.5034517222642656e-26,5.507111727764623e-27,3.538579031187489e-27,1.7388103782013778e-27,0.00012674120551756768,1.3101337921188928e-26,2.0619217322424882e-26,2.0812328673382583e-26,2.654015729653647e-27,4.229376409980433e-27,2.0132265640603642e-27,6.5515544585658825,1.2237393273944102e-26,1.5321834345116092e-26,1.453490280405984e-26,3.576680389240509e-27,2.8174503297555004e-27,7.5112717652892805e-28,117.01026370068911,0.0,1.0874159934129497e-26,1.0942399873016229e-26,2.779324736068118e-27,2.9070053294622907e-27,9.533225391769345e-28,94.05929649432333,1.863945706088985e-26,2.2802133959183674e-26,1.690126557037594e-26,2.6197165958384805e-27,2.103984130124201e-27,1.2444072073356314,9458.553895637771,0.0,1.9341388572978453e-26,2.152197089315778e-26,5.4900223507743725e-27,4.285619846565323e-27,2.2898390255660894e-27,111.44842551519947,1.2382735129010871e-26,1.0774582740899418e-26,1.0882088614532147e-26,4.5101948112280004e-27,5.813021701083107e-27,8.280146876493278e-28,94.37048207113403,0.0,1.1618981033028426e-26,1.56109822046433e-26,3.940777886956915e-27,2.3138795673472132e-27,6.900798849841294e-28,8.41645185891421,0.0,2.2277850465750801e-26,1.0864033118155706e-26,5.504279901293754e-27,6.448905346055156e-27,1.8418380513544078e-27,108.95250473482605,1.2834944020228809e-26,9.438293839542864e-27,8.331395088113297e-27,4.2553715505416366e-27,5.395686407247442e-27,9.508444988311415e-28,114.52152655873151,1.2758418101595448e-26,1.8190771519882652e-26,1.5925304812624472e-26,3.546379309963639e-27,4.878925869855014e-27,1.0494952331483778e-27,113.50060138514098,0.0,1.3448167618102608e-26,1.544504963801987e-26,5.596357021247559e-27,2.340834021826405e-27,1.6140591702785852e-27,8.235318852796988,0.0,1.5312067060856283e-26,1.8311923039571345e-26,6.0156949400086614e-27,3.400661531043622e-27,1.0603469750114213e-27,0.00020942234485489292,0.0,9.058806534975606e-27,1.0461124746562868e-26,2.5933996590625057e-27,3.377689015496421e-27,9.852422480850256e-28,0.00032166703587702394,2.4299992692374013e-26,8.548600383536015e-27,1.361611202812508e-26,3.374168047186115e-27,5.891924735244793e-27,1.0909773602335865e-27,91.82245650760352,8.230714539567743e-27,1.8545272935755475e-26,2.269703167487698e-26,2.8039383491280473e-27,4.505318242035829e-27,1.9075661682070964e-27,1693.664338900902,1.7869375617950536e-26,1.3627876815315034e-26,2.0788533198530031e-26,7.304844948033604e-27,4.1092566691220065e-27,1.8214916252805745e-27,85.31318328221438,0.0,1.393856395481693e-26,1.3917698870588164e-26,4.73219058775104e-27,3.857113716778197e-27,1.0492895919704218e-27,0.00040491816836493055,0.0,1.2036829898109587e-26,2.2906495384789605e-26,3.1717075845678492e-27,4.566260910222646e-27,4.572316510453208e-28,8.482548833963637,2.4477242726642138e-26,1.81440205984362e-26,1.266825925339788e-26,7.321431461077159e-27,6.911935727826981e-27,0.0025026201838146437,500.69306233722307,1.0842965924144439e-26,1.9895081130339966e-26,1.3092761195566008e-26,4.2730524003042785e-27,5.523455505895096e-27,2.0459859438156876e-27,85.66914548771356,1.7163752451188372e-26,1.0023827131690137e-26,1.9602067061466898e-26,5.2112427989221705e-27,3.960489570075273e-27
8.745465462126274e-27,1.5885021662738896e-26,1.5226823515713495e-26,5.4994867384733e-27,3.2773693190759625e-27,71.30932159943303,4816.6424207329255,1.6347967741617942e-26,1.3933747578906284e-26,1.8880840844343256e-26,8.074346977454531e-27,2.949967556651233e-27,0.01603031287863693,644.491122297106,9.24896219415693e-27,1.383174089803511e-26,1.2455874751334844e-26,4.777870640043377e-27,2.6319339858508347e-27,1.3380682546148633e-27,131.58665603589068,7.969507477950802e-27,1.2585355632003742e-26,1.7028019199317184e-26,3.797373404388926e-27,4.160165052255062e-27,2.5583241486435844,3835.2829025275846,1.512155260810698e-26,1.1143799087116783e-26,1.3771289002303454e-26,2.739654699630511e-27,4.055174548597869e-27,0.014065383345648864,682.6348012144202,9.846815283915309e-27,1.2328121215591282e-26,1.4787109546152138e-26,5.831437578643596e-27,4.374101584733865e-27,8.77880073196186e-28,791.580369937319,0.0,1.1207355152678104e-26,1.140756595681462e-26,3.812031203314655e-27,3.1833413053525817e-27,7.903896610554527e-28,0.0017096294904296039,9.530350981929293e-27,1.6276003238518628e-26,1.7530725570628767e-26,6.55573658775081e-27,2.6131545573375848e-27,0.012690582827096149,650.8940354371284,0.0,1.4844501783577252e-26,1.4960302778581331e-26,5.0742235775542415e-27,3.7006848585876374e-27,1.759919512994158e-27,0.0007558176402969614,1.1310159754965393e-26,1.989281175300158e-26,2.065002794259487e-26,2.5556125533389748e-27,4.296103207320838e-27,2.0202525035852876e-27,11.964293742458038,1.2237393273944102e-26,1.5321834345116092e-26,1.453490280405959e-26,3.576680389163403e-27,2.8174503289133527e-27,7.511271355543864e-28,175.3742721729389,0.0,1.0874159934129497e-26,1.0942399873016229e-26,2.779324736068114e-27,2.9070053294621526e-27,9.533225391571479e-28,141.0056954591042,1.863945706088985e-26,2.2802133959183674e-26,1.690126557037566e-26,2.6197165958125865e-27,2.103984129390423e-27,2.797453971746584,9934.834958036923,0.0,1.670411513937702e-26,2.1005519993143476e-26,5.9155793006474e-27,4.314779357515778e-27,2.2852687256939432e-27,167.66040276936755,1.2382735129010871e-26,1.0774582740899415e-26,1.0882088614531922e-26,4.51019481119245e-27,5.813021700512117e-27,9.757459114454223e-28,141.4756178387262,0.0,1.1618981033028426e-26,1.56109822046433e-26,3.9407778869567386e-27,2.313879567337528e-27,6.900798844820142e-28,15.369429945069523,0.0,2.2277850465750801e-26,1.0864033118155706e-26,5.5042799012935466e-27,6.4489053460474546e-27,1.8994231688944637e-27,163.35327223663845,1.1080186480805777e-26,9.423492711874974e-27,8.295573550522465e-27,4.239899440451707e-27,5.460375593434843e-27,1.1234851494919506e-27,171.69290356688094,1.2758418101595448e-26,1.8190771519882652e-26,1.59253048126242e-26,3.5463793099352856e-27,4.8789258693255716e-27,1.0494952331448843e-27,170.13181044107426,0.0,1.5561887107439556e-26,1.5961718166803282e-26,5.7786898356962285e-27,2.0465648967945824e-27,1.1323801754087099e-27,15.060768546845628,0.0,1.5312067060856283e-26,1.8024508243096074e-26,6.0914863717536844e-27,2.981390449082754e-27,1.1333353800035178e-27,0.0010126700637412569,0.0,9.058806534975606e-27,1.0461124746562868e-26,2.593399659062378e-27,3.3776890154910315e-27,9.852422474002385e-28,0.00136370834324986,2.4299992692374013e-26,8.548600383536015e-27,1.3616112028125067e-26,3.37416804718127e-27,5.891924735002658e-27,1.09097736023216e-27,137.65902883429172,9.485264482248345e-27,1.9574459704069906e-26,2.3113618963137242e-26,2.8114203432969092e-27,4.596812007533158e-27,1.9777488861070186e-27,2018.549491134644,1.5432816866522228e-26,1.346475222441042e-26,2.038417952997766e-26,7.369417921972242e-27,3.931404386540882e-27,1.917548335767409e-27,127.91983299542824,0.0,1.393856395481693e-26,1.3917698870588164e-26,4.732190587750847e-27,3.8571137167723734e-27,1.0492895912680271e-27,0.0017166517639182154,0.0,1.2036829898109587e-26,2.2906495384789605e-26,3.1717075845676917e-27,4.582814909789723e-27,4.5646111142537485e-28,15.512250803389374,2.4477242726642138e-26,1.81440205984362e-26,1.2712289245577409e-26,7.329292336262373e-27,6.912983844328493e-27,0.01323459588910664,655.9338664179188,1.0842965924144439e-26,1.9895081130339966e-26,1.309276119556576e-26,4.2730524002681276e-27,5.5234555053438744e-27,1.8439224241192862e-27,128.4195584643201,1.7163752451188372e-26,1.0023827131690134e-26,1.96020670614666e-26,5.21124279882894e-27,3.960489568957038e-27
7.549809958585072e-27,1.519605414227762e-26,1.510175731148557e-26,5.424377754726514e-27,3.4098345719874615e-27,114.05383659673103,5341.25494619323,1.6347967741617942e-26,1.393374757890628e-26,1.8718505444723247e-26,8.079116439713247e-27,3.0319017256059963e-27,0.05819189489385027,824.3086270638616,9.24896219415693e-27,1.383174089803511e-26,1.24558747513348e-26,4.777870640028965e-27,2.6319339857070182e-27,1.3380682440476952e-27,191.19824840555407,6.879938773141359e-27,1.2039501717039052e-26,1.6681835261638425e-26,4.4452945794290966e-27,4.222373358772455e-27,5.4774643587632,4250.782490014399,1.3059670193734612e-26,1.0790125058072866e-26,1.4028179200004274e-26,2.7452319427710132e-27,4.105526368620639e-27,0.055369223351969026,873.9160656931429,9.846815283915309e-27,1.2328121215591282e-26,1.4787109546152017e-26,5.831437578626639e-27,4.3741015845225084e-27,4.4071653977338536e-05,1012.5180579656434,0.0,1.1207355152678104e-26,1.140756595681462e-26,3.8120312033145015e-27,3.1833413053478267e-27,7.903896608353233e-28,0.006409772661912765,9.530350981929293e-27,1.6276003238518628e-26,1.6947496292679855e-26,6.589072763179626e-27,2.8108909970697963e-27,0.052088618129939104,833.1569760479221,0.0,1.717769048411126e-26,1.503444904623211e-26,4.9054105573438294e-27,3.843214948192856e-27,1.7769647248360245e-27,0.0035569365090660832,1.307521527821742e-26,2.061892731531627e-26,2.0710338462993293e-26,2.5108891688186005e-27,4.350666563382775e-27,2.0258068146425845e-27,20.874046943386116,1.2237393273944102e-26,1.5321834345116092e-26,1.4534902804059483e-26,3.5766803891312756e-27,2.8174503285624572e-27,7.5112711848165625e-28,254.75621603564286,0.0,1.0874159934129497e-26,1.0942399873016229e-26,2.779324736068112e-27,2.9070053294620956e-27,9.533225391489037e-28,204.8954930734637,1.863945706088985e-26,2.2802133959183674e-26,1.6901265570375543e-26,2.619716595801798e-27,2.1039841290846816e-27,5.83983793956423,10276.711325894203,0.0,1.932958908682408e-26,2.1521870913382567e-26,6.271843186808572e-27,4.3399049040105704e-27,8.34329654494148e-06,244.30167451431166,1.2382735129010871e-26,1.0774582740899415e-26,1.088208861453183e-26,4.510194811177637e-27,5.813021700274204e-27,7.024333320243406e-06,205.586225320402,0.0,1.1618981033028426e-26,1.56109822046433e-26,3.940777886956664e-27,2.3138795673334927e-27,6.9007988427279925e-28,26.81287433495959,0.0,2.2277850465750801e-26,1.0864033118155706e-26,5.50427990129346e-27,6.448905346044243e-27,7.709755959499404e-06,237.4101603314193,1.2809352537723999e-26,9.290115326563321e-27,8.321220558612638e-27,4.219805803412137e-27,5.5169716839205096e-27,2.9437611677303147e-06,249.48061442450324,1.2758418101595448e-26,1.8190771519882652e-26,1.5925304812624087e-26,3.5463793099234696e-27,4.87892586910497e-27,4.882289074594571e-05,247.17887175243507,0.0,1.3441693419087666e-26,1.5444993409066777e-26,5.872993605574259e-27,1.9148587487923652e-27,9.395850553987445e-28,26.300984123885943,0.0,1.5312067060856283e-26,1.8191890588727007e-26,6.166688145985012e-27,2.7783787181034046e-27,1.1962358445570072e-27,0.0041634007413868255,0.0,9.058806534975606e-27,1.0461124746562868e-26,2.593399659062325e-27,3.377689015488785e-27,9.852422471149108e-28,0.005112839072045083,2.4299992692374013e-26,8.548600383536015e-27,1.361611202812506e-26,3.3741680471792516e-27,5.8919247349017694e-27,4.5754476536494336e-05,200.04643358883538,8.18846573210077e-27,1.8544632625335942e-26,2.269702464853583e-26,3.579138874336785e-27,4.6688687550325186e-27,5.424517319315195e-07,2369.190501793381,1.7858474154004673e-26,1.362781446194438e-26,2.0788533193845026e-26,7.448045069040673e-27,3.8536766732490116e-27,3.726007744777369e-06,185.91067718777572,0.0,1.393856395481693e-26,1.3917698870588164e-26,4.732190587750767e-27,3.8571137167699484e-27,1.0492895909753625e-27,0.00643610069198456,0.0,1.2036829898109587e-26,2.2906495384789605e-26,3.1717075845676268e-27,4.66139070559782e-27,4.56289043808706e-28,27.086858075947067,2.4477242726642138e-26,1.8738492423324649e-26,1.2747148384947723e-26,7.33537541526513e-27,6.913810394693942e-27,0.05427043423082365,840.0359866156822,1.0842965924144439e-26,1.9895081130339966e-26,1.3092761195565655e-26,4.2730524002530644e-27,5.5234555051142e-27,7.36493168420816e-06,186.56404893133794,1.7163752451188372e-26,1.0023827131690134e-26,1.9602067061466473e-26,5.211242798790093e-27
8.728027955112788e-27,1.5884794057882586e-26,1.5164601485324024e-26,5.391003450430598e-27,3.519857620381443e-27,175.24836548018644,5883.472073152828,1.6347967741617942e-26,1.393374757890628e-26,1.8878280485132105e-26,8.096950936624626e-27,3.172184512379509e-27,0.18089286234145818,1032.7469319730385,9.24896219415693e-27,1.383174089803511e-26,1.245587475133478e-26,4.77787064002296e-27,2.631933985647094e-27,1.338068239644707e-27,269.9760768704969,7.953617146768017e-27,1.2585175305648448e-26,1.7028016938606305e-26,4.977190504429483e-27,4.2736611931187764e-27,10.90882018935168,4679.289332909487,1.5112327492239074e-26,1.0942051671858345e-26,1.3801087040054368e-26,3.4522169135909105e-27,4.145349691706101e-27,0.18265286540173348,1095.7861659984414,9.846815283915309e-27,1.2328121215591282e-26,1.4787109546151963e-26,5.831437578619574e-27,4.374101584434443e-27,0.00021792670316760657,1268.9490555401123,0.0,1.1207355152678104e-26,1.140756595681462e-26,3.8120312033144384e-27,3.1833413053458454e-27,7.903896607436025e-28,0.021353829535657426,9.530350981929293e-27,1.5604526570573097e-26,1.659648398452029e-26,6.613461961344187e-27,2.9935845619107326e-27,0.17637232006685,1044.5231994398732,0.0,1.4837355363220682e-26,1.4960250298592802e-26,4.829631603000828e-27,3.9647493945875085e-27,1.7906417730145258e-27,0.013814593266717039,1.1292358904604312e-26,1.989259392523561e-26,2.075838114071452e-26,2.483989761633709e-27,4.3958689247541595e-27,2.005744026420694e-27,34.91311435926526,1.2237393273944102e-26,1.5321834345116092e-26,1.453490280405944e-26,3.5766803891178906e-27,2.8174503284162508e-27,7.511271113680168e-28,359.59773320082513,0.0,1.0874159934129497e-26,1.0942399873016229e-26,2.779324736068111e-27,2.907005329462071e-27,9.533225391454686e-28,289.3376586466863,1.863945706088985e-26,2.2802133959183674e-26,1.69012655703755e-26,2.619716595797302e-27,2.10398412895729e-27,11.417464934755248,10479.242256503157,0.0,1.6696073466425588e-26,2.1005444383924715e-26,6.504908292627521e-27,4.357491005459228e-27,5.9606168036064296e-05,345.7400754604829,1.2382735129010871e-26,1.0774582740899415e-26,1.088208861453179e-26,4.5101948111714656e-27,5.8130217001750725e-27,0.00010803840260677523,290.3280048420994,0.0,1.1618981033028426e-26,1.56109822046433e-26,3.9407778869566346e-27,2.3138795673318114e-27,6.9007988418562665e-28,44.842020502278224,0.0,2.2277850465750801e-26,1.0864033118155706e-26,5.504279901293425e-27,6.4489053460429066e-27,0.00011858060834714917,335.2650464197413,1.1062747581109322e-26,8.98252742668223e-27,8.406013774173357e-27,4.207160467306338e-27,5.565130938958312e-27,6.656521937914295e-05,352.262123190889,1.2758418101595448e-26,1.8190771519882652e-26,1.5925304812624044e-26,3.546379309918547e-27,4.878925869013052e-27,0.0002414207468783745,348.9729575138133,0.0,1.5558985047306514e-26,1.5961693197876784e-26,5.984142886754345e-27,1.8600173800741845e-27,8.575596991814077e-28,44.017619904038355,0.0,1.5312067060856283e-26,1.7937140514583053e-26,6.20270396257723e-27,2.6787544205068345e-27,1.2503581899383941e-27,0.014775840720917964,0.0,9.058806534975606e-27,1.0461124746562868e-26,2.5933996590623023e-27,3.37768901548785e-27,9.85242246996024e-28,0.017033161665229085,2.4299992692374013e-26,8.548600383536015e-27,1.3616112028125055e-26,3.374168047178411e-27,5.891924734859732e-27,0.00022624796954253377,282.5160284078141,9.46635189644599e-27,1.957417335998127e-26,2.3113615819123702e-26,4.222904925588836e-27,4.728794294776739e-27,2.2667765888778605e-05,2740.496611442597,1.542538722029886e-26,1.3464704540031654e-26,2.038417952645306e-26,7.474756308370171e-27,3.8146183876877775e-27,8.425361597170345e-05,262.543434204965,0.0,1.393856395481693e-26,1.3917698870588164e-26,4.732190587750732e-27,3.857113716768937e-27,1.0492895908534191e-27,0.021441540020231905,0.0,1.2036829898109587e-26,2.2906495384789605e-26,3.1717075845675992e-27,4.768749656585697e-27,4.563316361900715e-28,45.32666897250075,2.4477242726642138e-26,1.9180528519156767e-26,1.2774593520175809e-26,7.340079292835872e-27,6.914460975964777e-27,0.18371933277926955,1053.6069899123345,1.0842965924144439e-26,1.9895081130339966e-26,1.3092761195565615e-26,4.273052400246788e-27,5.523455505018501e-27,8.008443072815348e-05,263.35430146068956,1.7163752451188372e-26,1.0023827131690134e-26,1.9602067061466424e-26,5.211242798773906e-27
7.537927452922993e-27,1.519588457597822e-26,1.5172872584080985e-26,5.365574068312249e-27,3.609828096523697e-27,259.50446507346794,6419.9143708776555,1.6347967741617942e-26,1.387188862051894e-26,1.8716607928209196e-26,8.095693953865281e-27,3.315783670886982e-27,0.49606867847410063,1269.9033779481886,9.24896219415693e-27,1.383174089803511e-26,1.2455874751334771e-26,4.7778706400204576e-27,2.6319339856221256e-27,1.3380682378101282e-27,371.1494153224432,6.869110565295724e-27,1.2039367373364458e-26,1.6681833538435855e-26,5.36102932371212e-27,4.311969011719614e-27,20.39458293958603,5103.815690373257,1.3053383024634342e-26,1.1009723614410002e-26,1.3950384221336664e-26,4.042913599997182e-27,4.179035327106384e-27,0.5232999093262514,1348.398719142216,9.846815283915309e-27,1.2328121215591282e-26,1.4787109546151942e-26,5.83143757861663e-27,4.374101584397749e-27,0.001072473465265826,1561.3501430718954,0.0,1.1207355152678104e-26,1.140756595681462e-26,3.8120312033144104e-27,3.1833413053450203e-27,7.903896607053858e-28,0.06385483321196463,9.530350981929293e-27,1.599450235617181e-26,1.656159366424925e-26,6.589016631543031e-27,3.1569714575987208e-27,0.5138394259697928,1285.1352104101602,0.0,1.7174487100717748e-26,1.5034425764008532e-26,4.804493731066456e-27,4.067056616848008e-27,1.801611536487307e-27,0.04591711303672142,1.3067238559221335e-26,2.0618830173908766e-26,2.089633675568261e-26,2.4759341595178005e-27,4.432814870357685e-27,1.4091868601032399e-27,56.14594549753889,1.2237393273944102e-26,1.5321834345116092e-26,1.453490280405942e-26,3.576680389112312e-27,2.817450328355331e-27,7.511271084039996e-28,494.1632413631318,0.0,1.0874159934129497e-26,1.0942399873016229e-26,2.779324736068111e-27,2.9070053294620604e-27,9.533225391440375e-28,397.8015878312082,1.863945706088985e-26,2.2802133959183674e-26,1.6901265570375477e-26,2.6197165957954287e-27,2.1039841289042098e-27,21.056234340234383,10703.430287847525,0.0,1.932598440639621e-26,2.152183735043362e-26,6.713801254489043e-27,4.176978638959087e-27,0.00046055892170753567,476.17533395123513,1.2382735129010871e-26,1.0774582740899415e-26,1.0882088614531771e-26,4.510194811168894e-27,5.813021700133768e-27,0.0007890415000070552,399.17923637993886,0.0,1.1618981033028426e-26,1.56109822046433e-26,3.940777886956621e-27,2.313879567331111e-27,6.900798841493046e-28,72.10996538949709,0.0,2.2277850465750801e-26,1.0864033118155706e-26,5.5042799012934096e-27,6.448905346042349e-27,0.0008660348433922036,460.83846477029556,1.2801538012032369e-26,9.106413358431234e-27,8.451617233193048e-27,4.2049655936499445e-27,5.6034737142018626e-27,0.000606426167937115,484.2387268111362,1.2758418101595448e-26,1.8190771519882652e-26,1.592530481262402e-26,3.5463793099164966e-27,4.8789258689747536e-27,0.001188093708702407,479.6719870061869,0.0,1.3439715502524023e-26,1.54449747327949e-26,6.024521972416987e-27,1.83205409590274e-27,8.209601567860188e-28,70.82078633495375,0.0,1.5312067060856283e-26,1.8155292732097292e-26,6.248641099356131e-27,2.6329425775284048e-27,1.2968883170995042e-27,0.04614313469440746,0.0,9.058806534975606e-27,1.0461124746562868e-26,2.5933996590622926e-27,3.37768901548746e-27,9.85242246946488e-28,0.050934643614606506,2.4299992692374013e-26,8.548600383536015e-27,1.3616112028125055e-26,3.37416804717806e-27,5.891924734842217e-27,0.0011134245614590219,388.45729192879577,8.17557805797928e-27,1.8544421246454696e-26,2.269702225083499e-26,4.7055955988589234e-27,4.774425583488289e-27,0.00030889685800254533,3127.9719422381686,1.7855143814597795e-26,1.362779330342842e-26,2.0788533192295684e-26,7.525629671622415e-27,3.800439881908886e-27,0.0007675719834633646,360.9217930379238,0.0,1.393856395481693e-26,1.3917698870588164e-26,4.7321905877507194e-27,3.857113716768514e-27,1.0492895908026091e-27,0.06411711583224174,0.0,1.2036829898109587e-26,2.2906495384789605e-26,3.1717075845675888e-27,4.884882546726524e-27,6.572186806616384e-28,72.91602543143111,2.4477242726642138e-26,1.950796343832514e-26,1.2796097582195586e-26,7.343713924395707e-27,6.9149721413097e-27,0.5352274029756038,1296.7720462959373,1.0842965924144439e-26,1.9895081130339966e-26,1.3092761195565595e-26,4.2730524002441736e-27,5.523455504978627e-27,0.000644587025450954,361.9180871462888,1.7163752451188372e-26,1.0023827131690134e-26,1.96020670614664e-26,5.211242798767162e-27
8.722703298890576e-27,1.588471845862207e-26,1.5271139401033909e-26,5.3608007588638556e-27,3.68239935490983e-27,371.50596395053367,6926.828751165981,1.6347967741617942e-26,1.390795628859176e-26,1.8877471832589504e-26,6.055324501560176e-27,3.453162452757219e-27,1.2256570757444403,1535.6479993759458,9.24896219415693e-27,1.383174089803511e-26,1.2455874751334768e-26,4.777870640019415e-27,2.6319339856117224e-27,1.33806823704572e-27,497.465630895575,7.948764930752277e-27,1.2585115410005918e-26,1.7028016168472733e-26,5.677564037387623e-27,4.344010596127166e-27,36.05916214968598,5504.959959680284,1.5109509268277553e-26,1.1301806818509293e-26,1.3714660583427504e-26,4.486305373729453e-27,4.205215241504529e-27,1.3356094496193334,1631.673147338617,9.846815283915309e-27,1.2328121215591282e-26,1.4787109546151934e-26,5.831437578615403e-27,4.37410158438246e-27,0.004769141616457345,1889.9972334415345,0.0,1.1207355152678104e-26,1.140756595681462e-26,3.8120312033144004e-27,3.1833413053446756e-27,7.90389660689462e-28,0.17334152206577969,9.530350981929293e-27,1.5402174384320015e-26,1.6436727904901847e-26,5.16616698196603e-27,3.29885609507345e-27,1.3259722838037116,1554.9149694673772,0.0,1.483517207797391e-26,1.496023247041166e-26,4.7877831950685645e-27,4.151168679145434e-27,1.810346514017321e-27,0.13428189405044622,1.1286922552160417e-26,1.989252122387569e-26,2.0894856308100944e-26,2.4750551315898138e-27,4.462050453407013e-27,1.1627921002217721e-27,87.05339522723236,1.2237393273944102e-26,1.5321834345116092e-26,1.4534902804059415e-26,3.576680389109988e-27,2.8174503283299484e-27,7.511271071689919e-28,662.078914751402,0.0,1.0874159934129497e-26,1.0942399873016229e-26,2.779324736068111e-27,2.9070053294620565e-27,9.533225391434411e-28,533.2393780167816,1.863945706088985e-26,2.2802133959183674e-26,1.6901265570375469e-26,2.619716595794648e-27,2.103984128882093e-27,36.853282976333546,10948.05592525328,0.0,1.669361667476791e-26,2.10054190978228e-26,6.833405108001742e-27,3.542956459550612e-27,0.0028891016162842244,639.1753111098949,1.2382735129010871e-26,1.0774582740899415e-26,1.0882088614531767e-26,4.510194811167822e-27,5.813021700116558e-27,0.0040813192931706405,535.1039662655135,0.0,1.1618981033028426e-26,1.56109822046433e-26,3.940777886956615e-27,2.3138795673308195e-27,6.900798841341704e-28,111.81279327223675,0.0,2.2277850465750801e-26,1.0864033118155706e-26,5.5042799012934024e-27,6.4489053460421174e-27,0.004479567570099092,617.4591982637162,1.1057421767844193e-26,9.179718208355348e-27,8.445764932176439e-27,4.214168970766937e-27,5.6332131723778996e-27,0.003554780053981119,648.9852987486792,1.2758418101595448e-26,1.8190771519882652e-26,1.5925304812624012e-26,3.5463793099156414e-27,4.878925868958796e-27,0.005283288896121095,642.8142610996917,0.0,1.5558098360688282e-26,1.5961684935141146e-26,6.096114893365806e-27,1.8230557289806242e-27,8.048170446768692e-28,109.8528209030057,0.0,1.5312067060856283e-26,1.791048715662318e-26,6.262918792937221e-27,2.6097365889083853e-27,1.3366211041140812e-27,0.1290720624477358,0.0,9.058806534975606e-27,1.0461124746562868e-26,2.593399659062289e-27,3.377689015487298e-27,9.852422469258478e-28,0.13826813423388784,2.4299992692374013e-26,8.548600383536015e-27,1.3616112028125055e-26,3.3741680471779135e-27,5.8919247348349196e-27,0.004951245494473397,520.7584865826668,9.460576815318126e-27,1.9574079132416595e-26,2.3113614749793392e-26,5.1002837391151e-27,4.812619324943731e-27,0.002364653312818062,3528.5115857405135,1.5423117407416483e-26,1.3464688434600043e-26,2.038417952528863e-26,7.531714044731766e-27,3.9183305587637945e-27,0.004499392871008985,483.68476667477955,0.0,1.393856395481693e-26,1.3917698870588164e-26,4.732190587750713e-27,3.857113716768339e-27,1.0492895907814384e-27,0.1740535193622066,0.0,1.2036829898109587e-26,2.2906495384789605e-26,3.1717075845675834e-27,4.998117385301962e-27,8.278313950026135e-28,113.08828113689852,2.4477242726642138e-26,1.9749843663415442e-26,1.2812875887517951e-26,7.3465202009078e-27,6.9153730981652e-27,1.381186560057387,1569.4235785468577,1.0842965924144439e-26,1.9895081130339966e-26,1.309276119556559e-26,4.273052400243084e-27,5.523455504962012e-27,0.003676366887049029,484.9143969810994,1.7163752451188372e-26,1.0023827131690134e-26,1.9602067061466393e-26,5.211242798764353e-27
7.5342985538881e-27,1.5195828422223435e-26,1.525098516280007e-26,5.359575657290368e-27,3.739444947750913e-27,515.8325274407789,7408.719035719261,1.6347967741617942e-26,1.3853014721244507e-26,1.8716008906375343e-26,5.277969027286476e-27,3.5770430011278995e-27,2.7714688090992294,1828.9748458269069,9.24896219415693e-27,1.383174089803511e-26,1.2455874751334768e-26,4.777870640018981e-27,2.6319339856073875e-27,1.338068236727217e-27,650.9702354336026,6.865803647199648e-27,1.2039322883971303e-26,1.6681832952813538e-26,5.8889275100455114e-27,4.366925023992158e-27,60.667852827415665,5886.093539323314,1.305146224711837e-26,1.1273782443304554e-26,1.3955314083884126e-26,4.839373271241568e-27,4.228028063526097e-27,3.0943346079531535,1943.9629407992675,9.846815283915309e-27,1.2328121215591282e-26,1.4787109546151928e-26,5.8314375786148924e-27,4.3741015843760896e-27,0.018548820277742663,2252.4754549877484,0.0,1.1207355152678104e-26,1.140756595681462e-26,3.8120312033143954e-27,3.183341305344532e-27,7.903896606828271e-28,0.4317834189415201,9.530350981929293e-27,1.5908977996299104e-26,1.649496037082417e-26,4.6217112832456965e-27,3.4153073495288194e-27,3.09472361924606,1852.394430371445,0.0,1.717350834870784e-26,1.503441790121326e-26,4.78708029881973e-27,4.2201291521580995e-27,1.8173147762056787e-27,0.3528622934595975,1.3064801713881827e-26,2.061879788591984e-26,2.0812323274695797e-26,2.4817823759075826e-27,4.483785157238126e-27,1.0537755762582702e-27,130.4794920206856,1.2237393273944102e-26,1.5321834345116092e-26,1.453490280405941e-26,3.57668038910902e-27,2.817450328319371e-27,7.511271066544054e-28,866.0430687790704,0.0,1.0874159934129497e-26,1.0942399873016229e-26,2.779324736068111e-27,2.9070053294620547e-27,9.533225391431923e-28,697.8470935095926,1.863945706088985e-26,2.2802133959183674e-26,1.6901265570375466e-26,2.6197165957943224e-27,2.1039841288728774e-27,61.535880891146455,11250.878937355772,0.0,1.9324883043312102e-26,2.15218261742654e-26,6.95769791362629e-27,3.260250742806156e-27,0.014175702183328306,837.381063163958,1.2382735129010871e-26,1.0774582740899415e-26,1.0882088614531763e-26,4.510194811167375e-27,5.8130217001093865e-27,0.016871795371958827,700.3233428292604,0.0,1.1618981033028426e-26,1.56109822046433e-26,3.940777886956613e-27,2.313879567330698e-27,6.900798841278645e-28,167.628258475572,0.0,2.2277850465750801e-26,1.0864033118155706e-26,5.5042799012934e-27,6.448905346042021e-27,0.018518116806993806,807.6507169409322,1.2799150715886992e-26,9.437999236169003e-27,8.33139229542082e-27,4.511585761530371e-27,5.656625266979001e-27,0.01576955298623322,849.1682267993959,1.2758418101595448e-26,1.8190771519882652e-26,1.592530481262401e-26,3.546379309915286e-27,4.878925868952148e-27,0.020548514615579338,841.0385269162691,0.0,1.3439111168157734e-26,1.5444968569284843e-26,6.10680858061269e-27,1.8888568967138384e-27,8.063135558988085e-28,164.72567074282878,0.0,1.5312067060856283e-26,1.8144117403832573e-26,6.2929306092213205e-27,2.6005597035535348e-27,1.3704471468931425e-27,0.32831077010817117,0.0,9.058806534975606e-27,1.0461124746562868e-26,2.5933996590622872e-27,3.37768901548723e-27,9.852422469172478e-28,0.3444176964565954,2.4299992692374013e-26,8.548600383536015e-27,1.3616112028125055e-26,3.374168047177852e-27,5.891924734831878e-27,0.019257084442837486,681.5820024131779,8.171642182035981e-27,1.8544351852116486e-26,2.2697021437369795e-26,5.37500550996479e-27,4.840562126514149e-27,0.012552990410650033,3940.783170325631,1.7854126272834057e-26,1.3627786194791407e-26,2.078853319178446e-26,7.567519170140501e-27,4.1436981676104864e-27,0.019960001239959935,632.820001497532,0.0,1.393856395481693e-26,1.3917698870588164e-26,4.732190587750711e-27,3.857113716768266e-27,1.0492895907726173e-27,0.4335569618484163,0.0,1.2036829898109587e-26,2.2906495384789605e-26,3.1717075845675816e-27,5.102128764243278e-27,9.655059282741002e-28,169.56393605752865,2.4477242726642138e-26,1.9928169674741163e-26,1.2825918595767112e-26,7.348685221108307e-27,6.915687115540794e-27,3.223665468121477,1870.0660701291806,1.0842965924144439e-26,1.9895081130339966e-26,1.3092761195565586e-26,4.273052400242629e-27,5.64335950755698e-27,0.016193908232230967,634.3145879369077,1.7163752451188372e-26,1.0023827131690134e-26,1.9602067061466387e-26,5.211242798763182e-27
8.721076644660192e-27,1.5884693509156826e-26,1.5226819454667148e-26,5.368119688503878e-27,0.00011478068626649689,696.8441069586303,7868.975835504122,1.6347967741617942e-26,1.3900080382023726e-26,1.887721669484882e-26,4.9838819263732845e-27,3.6862845254377956e-27,5.805136807054132,2146.4220468677595,9.24896219415693e-27,1.383174089803511e-26,1.2455874751334768e-26,4.7778706400188e-27,2.6319339856055816e-27,1.3380682365945073e-27,832.9511111448481,7.947282604498833e-27,1.2585095643089662e-26,1.7028015907498546e-26,6.073266262863855e-27,4.1631147765343074e-27,97.56660594047759,6249.932771598567,1.510864819670794e-26,1.1143683871769764e-26,1.377128767583768e-26,5.08526460198772e-27,4.245165719670452e-27,6.601094441183607,2281.2080347230894,9.846815283915309e-27,1.2328121215591282e-26,1.4787109546151928e-26,5.831437578614679e-27,4.374101584373436e-27,0.0630472874371192,2643.8281136504133,0.0,1.1207355152678104e-26,1.140756595681462e-26,3.812031203314393e-27,3.1833413053444725e-27,7.903896606800624e-28,0.9964151655346088,9.530350981929293e-27,1.5340607952446154e-26,1.6763082172110583e-26,4.3942591762516596e-27,3.5072519212298324e-27,6.635079386128589,2173.7746883681803,0.0,1.483450499507957e-26,1.496022647516072e-26,4.780536394679925e-27,4.275401951679901e-27,1.8228233438570036e-27,0.8467486099040186,1.1285261705541437e-26,1.9892497132536478e-26,2.06500254867088e-26,3.1565661573352224e-27,4.500402307428941e-27,5.404820725352399e-05,189.54958248937632,1.2237393273944102e-26,1.5321834345116092e-26,1.453490280405941e-26,3.576680389108617e-27,2.8174503283149645e-27,7.511271064399943e-28,1107.7536832577816,0.0,1.0874159934129497e-26,1.0942399873016229e-26,2.779324736068111e-27,2.9070053294620547e-27,9.53322539143089e-28,893.0030328079341,1.863945706088985e-26,2.2802133959183674e-26,1.6901265570375466e-26,2.619716595794188e-27,2.103984128869038e-27,98.40302359864546,11638.911882094562,0.0,1.669286602448426e-26,2.1005410704393882e-26,7.013409142811488e-27,3.1273382510354044e-27,0.05620562185930496,1072.4287486940566,1.2382735129010871e-26,1.0774582740899415e-26,1.0882088614531763e-26,4.5101948111671895e-27,5.8130217001064e-27,0.058839582199213654,896.2602559194943,0.0,1.1618981033028426e-26,1.56109822046433e-26,3.940777886956612e-27,2.3138795673306473e-27,6.900798841252372e-28,243.6178533412365,0.0,2.2277850465750801e-26,1.0864033118155706e-26,5.5042799012934e-27,6.44890534604198e-27,0.06458104973526826,1033.1017110250468,1.105579469177692e-26,9.423268900532467e-27,8.295572305053938e-27,4.735546611052624e-27,5.676362449959185e-27,0.05724530624233011,1086.475637870458,1.2758418101595448e-26,1.8190771519882652e-26,1.592530481262401e-26,3.546379309915138e-27,4.878925868949376e-27,0.06984423203069227,1076.01435452111,0.0,1.5557827433705658e-26,1.5961682216894627e-26,6.156760107360156e-27,2.1010808659137844e-27,3.7209845268983005e-06,239.4220318730846,0.0,1.5312067060856283e-26,1.790234702777162e-26,6.295417724702406e-27,2.6933583869857694e-27,1.398975557917455e-27,0.7689118940287722,0.0,9.058806534975606e-27,1.0461124746562868e-26,2.593399659062286e-27,3.377689015487202e-27,9.852422469136644e-28,0.7948036005392222,2.4299992692374013e-26,8.548600383536015e-27,1.3616112028125055e-26,3.3741680471778274e-27,5.891924734830611e-27,0.06545467150411226,872.3091472266789,9.458812558668415e-27,1.9574048283110237e-26,2.3113614388080926e-26,5.606335494610923e-27,4.5541520593831624e-27,0.05152386874565159,4365.29205966798,1.5422423886792268e-26,1.3464683044402473e-26,2.038417952490478e-26,7.562434040844352e-27,4.3685821715841835e-27,0.07245711939813597,809.6275480577298,0.0,1.393856395481693e-26,1.3917698870588164e-26,4.7321905877507094e-27,3.857113716768235e-27,1.049289590768942e-27,1.0005079235508665,0.0,1.2036829898109587e-26,2.2906495384789605e-26,3.171707584567581e-27,5.1939961204189565e-27,3.0022177025919997e-06,246.45184603624364,2.4477242726642138e-26,2.0059451455183274e-26,1.2836024208290965e-26,7.350354205688377e-27,6.915932681593982e-27,6.911672404640001,2194.8206280899303,1.0842965924144439e-26,1.9895081130339966e-26,1.3092761195565586e-26,4.2730524002424394e-27,5.647263477384573e-27,0.0586720092467412,811.3448940444813,1.7163752451188372e-26,1.0023827131690134e-26,1.9602067061466387e-26,5.211242798762693e-27
7.533189897899561e-27,1.5195809937425334e-26,1.5101755472149747e-26,5.8692674705273805e-27,0.0017289905261201027,918.6278991061564,8317.36475735258,1.6347967741617942e-26,1.3847250259231427e-26,1.871581999366436e-26,4.8499480648171295e-27,3.778960028261842e-27,11.371877104769354,2483.836456135587,9.24896219415693e-27,1.383174089803511e-26,1.2455874751334768e-26,4.777870640018726e-27,2.631933985604829e-27,1.3380682365392114e-27,1044.032465143437,6.864793358813123e-27,1.2039308238869594e-26,1.6681832754797792e-26,6.183067802684178e-27,3.1635280443071414e-27,150.53669192296982,6604.266087516336,1.3050875371066956e-26,1.079007430387021e-26,1.402817857544272e-26,5.291823754260994e-27,4.259509480091431e-27,13.11173264537447,2638.5618716005606,9.846815283915309e-27,1.2328121215591282e-26,1.4787109546151928e-26,5.83143757861459e-27,4.3741015843723294e-27,0.1893760976247189,3058.4298328310724,0.0,1.1207355152678104e-26,1.140756595681462e-26,3.8120312033143925e-27,3.1833413053444474e-27,7.903896606789107e-28,2.1479521289389196,9.530350981929293e-27,1.5882891282659972e-26,1.7050694137509472e-26,4.3056332970437995e-27,3.579111537320744e-27,13.224740504570192,2514.4211470529563,0.0,1.717320929115658e-26,1.5034415269897162e-26,4.784060352540313e-27,4.319995429188458e-27,1.8163423051447674e-27,1.8790258480005266,1.3064057167575347e-26,2.0618787223891928e-26,2.0710337345325455e-26,3.69877183009286e-27,4.51345791167191e-27,0.0002672590328681015,267.5738650545889,1.2237393273944102e-26,1.5321834345116092e-26,1.453490280405941e-26,3.5766803891084495e-27,2.817450328313128e-27,7.5112710635065625e-28,1388.0337744668193,0.0,1.0874159934129497e-26,1.0942399873016229e-26,2.779324736068111e-27,2.9070053294620547e-27,9.533225391430458e-28,1119.3678357089218,1.863945706088985e-26,2.2802133959183674e-26,1.6901265570375466e-26,2.619716595794131e-27,2.1039841288674376e-27,151.18902002748462,12131.143726162289,0.0,1.9324546521962824e-26,2.1521822477961635e-26,7.090659385323882e-27,3.0698196300006406e-27,0.18719720313943314,1345.0706010587617,1.2382735129010871e-26,1.0774582740899415e-26,1.0882088614531763e-26,4.510194811167112e-27,5.8130217001051534e-27,0.17873075635341493,1123.640912625438,0.0,1.1618981033028426e-26,1.56109822046433e-26,3.940777886956612e-27,2.3138795673306258e-27,6.9007988412414225e-28,344.0147335857118,0.0,2.2277850465750801e-26,1.0864033118155706e-26,5.5042799012934e-27,6.448905346041965e-27,0.1961710031556998,1294.795705809519,1.2798421308690441e-26,9.29001862884018e-27,8.321219975536731e-27,4.891473399409118e-27,5.693471137167953e-27,0.17795033690994486,1361.7405954767014,1.2758418101595448e-26,1.8190771519882652e-26,1.592530481262401e-26,3.546379309915075e-27,4.8789258689482224e-27,0.20979218363295649,1348.563849922848,0.0,1.343892651314489e-26,1.5444966546390066e-26,6.1512912810322276e-27,2.2961523314080938e-27,8.414002944820852e-05,338.15861617215376,0.0,1.5312067060856283e-26,1.8140703406436985e-26,6.316811158279218e-27,2.764931427437351e-27,1.4229726883649385e-27,1.6750877964321358,0.0,9.058806534975606e-27,1.0461124746562868e-26,2.593399659062286e-27,3.37768901548719e-27,9.852422469121712e-28,1.7133421337988206,2.4299992692374013e-26,8.548600383536015e-27,1.3616112028125055e-26,3.374168047177816e-27,5.891924734830083e-27,0.19660719381654002,1093.638672941923,8.17043974228973e-27,1.854432917963842e-26,2.269702116282452e-26,5.753400387268997e-27,3.646808750278625e-27,0.17446007584269463,4802.81476965112,1.7853815363078484e-26,1.3627783826071593e-26,2.0788533191616133e-26,5.5655845216788134e-27,4.582510081335666e-27,0.2252371356673379,1014.8168261016077,0.0,1.393856395481693e-26,1.3917698870588164e-26,4.7321905877507094e-27,3.8571137167682236e-27,1.0492895907674105e-27,2.1567748050666458,0.0,1.2036829898109587e-26,2.2906495384789605e-26,3.17170758456758e-27,5.2729065532796685e-27,6.788705625583987e-05,348.0709154448937,2.4477242726642138e-26,2.0155998689856496e-26,1.284383125230285e-26,7.351639790008871e-27,6.916124449749142e-27,13.776251081845231,2539.800495375518,1.0842965924144439e-26,1.9895081130339966e-26,1.3092761195565586e-26,4.2730524002423605e-27,5.702139812339405e-27,0.18229474271634746,1016.5769803317122,1.7163752451188372e-26,1.0023827131690134e-26,1.9602067061466387e-26,5.211242798762491e-27
8.720579641678707e-27,1.5884685320518787e-26,1.5164600650889667e-26,6.249065397358617e-27,0.011940896037099956,1182.6309337197977,8767.209321052482,1.6347967741617942e-26,1.3897674299941347e-26,1.88771362758301e-26,4.808486902558304e-27,3.857314557534487e-27,20.996022275143567,2836.85168147009,9.24896219415693e-27,1.383174089803511e-26,1.2455874751334768e-26,4.7778706400186934e-27,2.631933985604515e-27,1.3380682365161714e-27,1284.371914326703,7.946829699048042e-27,1.2585089155410636e-26,1.702801581948747e-26,6.291577476869826e-27,2.7514488017202774e-27,223.60290347356195,6959.712284563189,1.510838509640014e-26,1.0942028900755272e-26,1.380108656311505e-26,5.428576518683993e-27,4.268983367352249e-27,24.46553463014106,3011.657412760736,9.846815283915309e-27,1.2328121215591282e-26,1.4787109546151928e-26,5.831437578614553e-27,4.374101584371868e-27,0.5097962361738833,3491.364566807307,0.0,1.1207355152678104e-26,1.140756595681462e-26,3.8120312033143925e-27,3.1833413053444377e-27,7.903896606784308e-28,4.356090600063518,9.530350981929293e-27,1.5321820579543774e-26,1.7172983402834052e-26,4.2892111418152956e-27,3.634063380886939e-27,24.7354971728278,2870.1032666018805,0.0,1.483430116718678e-26,1.4960224475909687e-26,5.2390402125143225e-27,4.3550315001660955e-27,1.2662530741649636e-27,3.894636615593765,1.1284754249004877e-26,1.9892489197750465e-26,2.0758380264135107e-26,4.115060291354296e-27,4.524748598272287e-27,0.0013152505724974297,367.726119288612,1.2237393273944102e-26,1.5321834345116092e-26,1.453490280405941e-26,3.576680389108379e-27,2.8174503283123637e-27,7.511271063134322e-28,1707.0929270496506,0.0,1.0874159934129497e-26,1.0942399873016229e-26,2.779324736068111e-27,2.9070053294620547e-27,9.533225391430277e-28,1377.0963636122385,1.863945706088985e-26,2.2802133959183674e-26,1.6901265570375466e-26,2.6197165957941075e-27,2.103984128866771e-27,223.88255310794955,12160.348622536578,0.0,1.6692636662486164e-26,2.1005407935892247e-26,7.11117891911827e-27,3.040098504794409e-27,0.5408254857482869,1655.4338217193358,1.2382735129010871e-26,1.0774582740899415e-26,1.0882088614531763e-26,4.5101948111670805e-27,5.813021700104635e-27,0.48355947627754303,1382.7037056907936,0.0,1.1618981033028426e-26,1.56109822046433e-26,3.940777886956612e-27,2.3138795673306175e-27,6.900798841236861e-28,472.80440781656534,0.0,2.2277850465750801e-26,1.0864033118155706e-26,5.5042799012934e-27,6.4489053460419574e-27,0.5307443972275125,1593.2437315566362,1.1055297553524431e-26,8.982484848441979e-27,8.406013306257911e-27,5.003684917791591e-27,5.707856318857255e-27,0.4879992904214623,1675.1967564875072,1.2758418101595448e-26,1.8190771519882652e-26,1.592530481262401e-26,3.54637930991505e-27,4.878925868947741e-27,0.5647558849096349,1658.9148289941427,0.0,1.5557744650931485e-26,1.5961681327187576e-26,4.613007097752097e-27,2.4728526356528567e-27,0.0007665371811942451,464.9659251261239,0.0,1.5312067060856283e-26,1.7899860135223165e-26,6.312928621189361e-27,2.8606867079106925e-27,1.4429394834284462e-27,3.422971088331876,0.0,9.058806534975606e-27,1.0461124746562868e-26,2.593399659062286e-27,3.3776890154871844e-27,9.852422469115491e-28,3.474692691322143,2.4299992692374013e-26,8.548600383536015e-27,1.3616112028125055e-26,3.374168047177812e-27,5.891924734829863e-27,0.5292621860389385,1345.7906206193975,9.458273513062638e-27,1.9574038228228516e-26,2.3113614266330407e-26,5.888374587329209e-27,3.2455795824483535e-27,0.5082683336686761,5234.341294320093,1.54222119808228e-26,1.3464681254063184e-26,2.0384179524778518e-26,4.792471559661821e-27,4.7730130842705405e-27,0.6176754946962898,1248.6923560879577,0.0,1.393856395481693e-26,1.3917698870588164e-26,4.7321905877507094e-27,3.857113716768218e-27,1.0492895907667723e-27,4.373983166675989,0.0,1.2036829898109587e-26,2.2906495384789605e-26,3.17170758456758e-27,5.339285554001931e-27,0.0006184684398512612,478.51923927565815,2.4477242726642138e-26,2.0226947308220848e-26,1.2849846731561249e-26,7.352629270016983e-27,6.916274007759166e-27,25.767339040831192,2900.9490237193554,1.0842965924144439e-26,1.9895081130339966e-26,1.3092761195565586e-26,4.2730524002423275e-27,5.780980329832297e-27,0.49987310727945233,1250.1211255993085,1.7163752451188372e-26,1.0023827131690134e-26,1.9602067061466387e-26,5.2112427987624055e-27
7.532851158173843e-27,1.5195803883906085e-26,1.5172871932028635e-26,6.52495949501781e-27,0.056663142292286764,1487.7729321745987,9233.378206045987,1.6347967741617942e-26,1.384548913510906e-26,1.8715760473809373e-26,4.777482483871477e-27,3.9212967581677946e-27,36.77188017457405,3201.933935761463,9.24896219415693e-27,1.383174089803511e-26,1.2455874751334768e-26,4.77787064001868e-27,2.6319339856043845e-27,1.3380682365065712e-27,1553.9039494755175,6.864484674411031e-27,1.203930344279854e-26,1.6681832688152397e-26,6.3442137974507554e-27,2.569566508934878e-27,320.8406396414947,7328.119009046443,1.305069605046092e-26,1.1009705995950953e-26,1.3950384009140198e-26,5.554373145495001e-27,4.0616811395026005e-27,43.19585379477951,3397.413832778309,9.846815283915309e-27,1.2328121215591282e-26,1.4787109546151928e-26,5.831437578614537e-27,4.374101584371676e-27,1.2466673060092026,3939.284204327129,0.0,1.1207355152678104e-26,1.140756595681462e-26,3.8120312033143925e-27,3.183341305344433e-27,7.903896606782308e-28,8.36145802596556,9.530350981929293e-27,1.5874924611893926e-26,1.7353353083280722e-26,4.3039432137736536e-27,3.676381435047489e-27,43.745464075790125,3237.7915714077712,0.0,1.7173117912979733e-26,1.5034414395974148e-26,5.591230172429451e-27,4.383059932504956e-27,1.0429789992564642e-27,7.6003666871093625,1.3063829671546773e-26,2.0618783722749412e-26,2.0896336086555028e-26,4.43777498306465e-27,4.534277170973721e-27,0.005848737935732822,492.7083374793006,1.2237393273944102e-26,1.5321834345116092e-26,1.453490280405941e-26,3.57668038910835e-27,2.817450328312045e-27,7.511271062979221e-28,2064.84994287072,0.0,1.0874159934129497e-26,1.0942399873016229e-26,2.779324736068111e-27,2.9070053294620547e-27,9.533225391430203e-28,1666.100131134294,1.863945706088985e-26,2.2802133959183674e-26,1.6901265570375466e-26,2.619716595794097e-27,2.1039841288664937e-27,320.54305314620444,11770.029585604145,0.0,1.9324443696579424e-26,2.1521821262563197e-26,7.162683467282088e-27,3.029975726600812e-27,1.3894034088693352,2003.342222106747,1.2382735129010871e-26,1.0774582740899415e-26,1.0882088614531763e-26,4.510194811167067e-27,5.81302170010442e-27,1.1851891739589238,1673.455602947028,0.0,1.1618981033028426e-26,1.56109822046433e-26,3.940777886956612e-27,2.3138795673306136e-27,6.900798841234961e-28,633.3770455207507,0.0,2.2277850465750801e-26,1.0864033118155706e-26,5.5042799012934e-27,6.4489053460419545e-27,1.300837941540752,1928.7571415154032,1.2798198438414966e-26,9.106394253722517e-27,8.451616872761415e-27,5.0894828564193875e-27,5.717866712347438e-27,1.2057197102287196,2026.793171976532,1.2758418101595448e-26,1.8190771519882652e-26,1.592530481262401e-26,3.5463793099150394e-27,4.87892586894754e-27,1.3810668805192874,2007.0128076472056,0.0,1.3438870091032887e-26,1.544496588562771e-26,3.994691903018194e-27,2.624193215338098e-27,0.004493327013929053,623.272845710514,0.0,1.5312067060856283e-26,1.8139660304636434e-26,4.212676551328789e-27,2.9653471716308212e-27,1.4595422235164386e-27,6.606564834460254,0.0,9.058806534975606e-27,1.0461124746562868e-26,2.593399659062286e-27,3.377689015487183e-27,9.852422469112898e-28,6.669626451570139,2.4299992692374013e-26,8.548600383536015e-27,1.3616112028125055e-26,3.37416804717781e-27,5.891924734829771e-27,1.2942697823619418,1628.757013884519,8.170072347792204e-27,1.8544321803176804e-26,2.2697021070602103e-26,5.962214433322574e-27,3.0595385912701145e-27,1.3115959755477753,5644.137319048793,1.7853720363415348e-26,1.3627783042212717e-26,2.0788533191560834e-26,4.517646257043261e-27,4.941425255084378e-27,1.5261159864338816,1511.3765971269202,0.0,1.393856395481693e-26,1.3917698870588164e-26,4.7321905877507094e-27,3.857113716768216e-27,1.0492895907665065e-27,8.395802569833624,0.0,1.2036829898109587e-26,2.2906495384789605e-26,4.0550233250715646e-27,5.39422297734084e-27,0.003625370061913711,641.2793461857862,2.4477242726642138e-26,2.0279055516645445e-26,1.2854470807001887e-26,7.353390249962035e-27,6.916390499862957e-27,45.570687352318416,3275.0472753783333,1.0842965924144439e-26,1.9895081130339966e-26,1.3092761195565586e-26,4.273052400242315e-27,5.8675452722614885e-27,1.2350975219140683,1511.866172900927,1.7163752451188372e-26,1.0023827131690134e-26,1.9602067061466387e-26,5.211242798762371e-27
8.720427782481374e-27,1.5884682645737145e-26,1.527113890410189e-26,6.736275182490203e-27,0.2107447561586676,1831.5596876934512,9675.003475190493,1.6347967741617942e-26,1.3896939149733976e-26,1.8877110951534246e-26,4.778356440660974e-27,3.974131103544086e-27,61.422319240135444,3576.984370065603,9.24896219415693e-27,1.383174089803511e-26,1.2455874751334768e-26,4.777870640018675e-27,2.6319339856043303e-27,1.3380682365025712e-27,1851.1241346791176,7.946691313845564e-27,1.2585087036239575e-26,1.7028015789937255e-26,6.4105743061865824e-27,2.4920816182965588e-27,446.2193415629442,7693.199750946668,1.5108304705096348e-26,1.1301793361571997e-26,1.371466042486063e-26,5.6257964798653505e-27,3.7401589769898555e-27,72.60047275424846,3794.435982371605,9.846815283915309e-27,1.2328121215591282e-26,1.4787109546151928e-26,5.8314375786145315e-27,4.3741015843715954e-27,2.8025347218207006,4400.813393615722,0.0,1.1207355152678104e-26,1.140756595681462e-26,3.8120312033143925e-27,3.1833413053444313e-27,7.903896606781474e-28,15.268267301672156,9.530350981929293e-27,1.5316082289428143e-26,1.7395461454488974e-26,4.8652394218366496e-27,3.710842985536647e-27,73.61016510613666,3616.0595992593435,0.0,1.4834238886721065e-26,1.496022381388691e-26,5.8512515828297984e-27,4.404684105524677e-27,9.46180921538029e-28,14.056002267296533,1.1284599195116664e-26,1.9892486597982564e-26,2.0894855799256597e-26,4.684896964448042e-27,4.541533932278261e-27,0.022747739016002216,644.5420613017405,1.2237393273944102e-26,1.5321834345116092e-26,1.453490280405941e-26,3.5766803891083376e-27,2.817450328311912e-27,7.511271062914597e-28,2459.2179912526394,0.0,1.0874159934129497e-26,1.0942399873016229e-26,2.779324736068111e-27,2.9070053294620547e-27,9.53322539143017e-28,1984.915417598214,1.863945706088985e-26,2.2802133959183674e-26,1.6901265570375466e-26,2.619716595794094e-27,2.1039841288663782e-27,445.14924336828375,11502.707785612207,0.0,1.6692566579967708e-26,2.1005407027675833e-26,7.164037168669124e-27,3.119230227875624e-27,3.2348218829551976,2387.1673190901734,1.2382735129010871e-26,1.0774582740899415e-26,1.0882088614531763e-26,4.510194811167061e-27,5.81302170010433e-27,2.667018846180611,1994.046423164207,0.0,1.1618981033028426e-26,1.56109822046433e-26,3.940777886956612e-27,2.313879567330612e-27,6.900798841234168e-28,828.3371132282197,0.0,2.2277850465750801e-26,1.0864033118155706e-26,5.5042799012934e-27,6.448905346041953e-27,2.9272620625846377,2298.9574077906864,1.1055145652398963e-26,9.179703410483715e-27,8.445764660824727e-27,5.1618245429899156e-27,5.616811292735511e-27,2.7263862262496503,2414.402140823992,1.2758418101595448e-26,1.8190771519882652e-26,1.592530481262401e-26,3.5463793099150344e-27,4.878925868947457e-27,3.104667834919013,2390.9384461407167,0.0,1.555771935623886e-26,1.5961681037264605e-26,3.7914446586343156e-27,2.7550380933698713e-27,0.0199330921617174,815.6521516595747,0.0,1.5312067060856283e-26,1.789910028584451e-26,3.444412995350599e-27,3.0666856833437773e-27,1.4731761227998248e-27,12.111679303903495,0.0,9.058806534975606e-27,1.0461124746562868e-26,2.593399659062286e-27,3.377689015487182e-27,9.85242246911182e-28,12.179277824531644,2.4299992692374013e-26,8.548600383536015e-27,1.3616112028125055e-26,3.3741680471778095e-27,5.891924734829732e-27,2.9095461050343014,1940.8701747472417,9.458108807746836e-27,1.9574034963798356e-26,2.3113614225532947e-26,6.04291083037676e-27,2.977410477764232e-27,3.0611703532685923,6037.146866637108,1.5422147232066947e-26,1.3464680663218383e-26,2.0384179524737078e-26,4.375658380586249e-27,5.08268464228305e-27,3.45086969199785,1800.8677554694818,0.0,1.393856395481693e-26,1.3917698870588164e-26,4.7321905877507094e-27,3.857113716768214e-27,1.0492895907663956e-27,15.330527440592029,0.0,1.2036829898109587e-26,2.2906495384789605e-26,4.77166529603544e-27,5.439104493391954e-27,0.016082701156721668,838.9870244031446,2.4477242726642138e-26,2.031731080645242e-26,1.2858017687132038e-26,7.353975042270912e-27,6.916481127983949e-27,76.68191153205873,3660.2889660189217,1.0842965924144439e-26,1.9895081130339966e-26,1.3092761195565586e-26,4.273052400242308e-27,5.952422116074961e-27,2.792966576105725,1800.7465202076232,1.7163752451188372e-26,1.0023827131690134e-26,1.9602067061466387e-26,5.211242798762355e-27
7.532747655887866e-27,1.519580191035112e-26,1.5250984785710674e-26,6.894072683263008e-27,0.6546125781938282,2211.147418432895,9987.575735097129,1.6347967741617942e-26,1.3844951036188748e-26,1.871574173820937e-26,5.577198690504406e-27,4.016067098554808e-27,98.24069197929519,3961.5793819526193,9.24896219415693e-27,1.383174089803511e-26,1.2455874751334768e-26,4.777870640018672e-27,2.6319339856043074e-27,5.094273881364215e-05,2172.193131296491,6.864390355561378e-27,1.2039301879194057e-26,1.6681832665816925e-26,6.431731701675391e-27,0.00013458789320802667,603.5018472686601,7954.714533193709,1.3050641258299243e-26,1.127377231871392e-26,1.395531401315128e-26,5.692840338392711e-27,3.569517764940049e-27,116.67013265848091,4203.0999660324715,9.846815283915309e-27,1.2328121215591282e-26,1.4787109546151928e-26,5.8314375786145286e-27,4.374101584371562e-27,5.850444282812001,4876.609551311288,0.0,1.1207355152678104e-26,1.140756595681462e-26,3.8120312033143925e-27,3.1833413053444302e-27,7.903896606781126e-28,26.632945840162936,9.530350981929293e-27,1.587249075000169e-26,1.7517214409366305e-26,5.310616607923808e-27,3.7407414790261835e-27,118.38952376466017,4005.179515415415,0.0,1.7173089991918633e-26,1.5034414107580795e-26,6.051313030900295e-27,4.4219590203222556e-27,9.028063410016416e-28,24.761839833188805,1.3063760159266464e-26,2.0618782578613893e-26,2.0812323053364098e-26,4.878333664461775e-27,4.5457749662451216e-27,0.07731937766454153,824.5185591116859,1.2237393273944102e-26,1.5321834345116092e-26,1.453490280405941e-26,3.5766803891083325e-27,2.8174503283118564e-27,4.118069291161383e-05,2885.0972183192475,0.0,1.0874159934129497e-26,1.0942399873016229e-26,2.779324736068111e-27,2.9070053294620547e-27,5.279558747791136e-05,2329.5027242389483,1.863945706088985e-26,2.2802133959183674e-26,1.6901265570375466e-26,2.6197165957940924e-27,2.1039841288663294e-27,601.4985047256049,11945.333528402105,0.0,1.9324412277766843e-26,2.152182086492213e-26,7.201566907858382e-27,3.2839773625240904e-27,6.925870429761107,2802.128963444788,1.2382735129010871e-26,1.0774582740899415e-26,1.0882088614531763e-26,4.510194811167058e-27,5.813021700104292e-27,5.569911895726368,2340.1848294586925,0.0,1.1618981033028426e-26,1.56109822046433e-26,3.940777886956612e-27,2.3138795673306114e-27,6.90079884123384e-28,1059.4907425883105,0.0,2.2277850465750801e-26,1.0864033118155706e-26,5.5042799012934e-27,6.448905346041952e-27,6.113414536851962,2698.7770192767625,1.2798130339551184e-26,9.437987923752577e-27,8.331392179278443e-27,5.2200275365951704e-27,5.2936190702942444e-27,5.710706532321162,2832.9318467414337,1.2758418101595448e-26,1.8190771519882652e-26,1.592530481262401e-26,3.546379309915033e-27,4.878925868947422e-27,6.481163656388901,2805.7481295945377,0.0,1.3438852850966734e-26,1.5444965670694437e-26,3.667521997684566e-27,2.8618777938055294e-27,0.07235943632329499,1043.764668831097,0.0,1.5312067060856283e-26,1.8139341585068143e-26,3.1644142642724454e-27,3.161072093099401e-27,1.4844018438380214e-27,21.18739940006637,0.0,9.058806534975606e-27,1.0461124746562868e-26,2.593399659062286e-27,3.377689015487182e-27,9.852422469111368e-28,21.24639641570276,2.4299992692374013e-26,8.548600383536015e-27,1.3616112028125055e-26,3.3741680471778095e-27,5.891924734829717e-27,6.07383638933733,2278.01496275466,8.169960090010015e-27,1.8544319412136326e-26,2.2697021039756497e-26,6.076049045949676e-27,2.936630229001781e-27,6.5631412711900285,6415.655957378932,1.7853691335790915e-26,1.3627782784341465e-26,2.0788533191542702e-26,4.346838066137538e-27,0.00013652007486408398,7.228214367628127,2113.1922467508125,0.0,1.393856395481693e-26,1.3917698870588164e-26,4.7321905877507094e-27,3.857113716768214e-27,1.0492895907663495e-27,26.740303318184495,0.0,1.2036829898109587e-26,2.2906495384789605e-26,5.334243312279655e-27,5.475384671024646e-27,0.058382070419126623,1073.3944211034807,2.4477242726642138e-26,2.0345387596929106e-26,1.2860732988351863e-26,7.354424093326303e-27,6.916551553975908e-27,123.33016461405514,4056.5042770236355,1.0842965924144439e-26,1.9895081130339966e-26,1.3092761195565586e-26,4.273052400242306e-27,6.030547371123282e-27,5.850453109480815,2113.294643354648,1.7163752451188372e-26,1.0023827131690134e-26,1.9602067061466387e-26
8.720381381323701e-27,1.5884681775673896e-26,1.522681929075724e-26,7.019235943660561e-27,1.7643463651799294,2624.174779639595,10185.835872467957,1.6347967741617942e-26,1.3896714524382294e-26,1.8877102983825807e-26,6.214799485741339e-27,4.0502970545769244e-27,150.94565319254633,4356.949750100452,9.24896219415693e-27,1.383174089803511e-26,1.2455874751334768e-26,4.777870640018671e-27,2.6319339856042977e-27,0.0002519030287741166,2513.3819302393713,7.946649029718474e-27,1.2585086346907471e-26,1.7028015780055753e-26,6.475029123198767e-27,0.0011361286910990672,796.200681834885,8112.319790735052,1.510828014112952e-26,1.114367953861257e-26,1.3771287621885046e-26,5.719433261418031e-27,3.479733564943598e-27,179.9156289418486,4625.4259621263745,9.846815283915309e-27,1.2328121215591282e-26,1.4787109546151928e-26,5.831437578614527e-27,4.3741015843715495e-27,11.438201392405347,5361.257449035827,0.0,1.1207355152678104e-26,1.140756595681462e-26,3.8120312033143925e-27,3.1833413053444302e-27,7.9038966067809825e-28,44.531839591301,9.530350981929293e-27,1.5314329137372693e-26,1.7515695730000757e-26,5.65248118095096e-27,3.766970140419684e-27,182.66760086663393,4407.008729078177,0.0,1.4834219856604842e-26,1.4960223595975902e-26,6.194470092362931e-27,4.435024652152793e-27,8.83006539162388e-28,41.7254059122096,1.128455181775218e-26,1.9892485750060374e-26,2.0650025387569764e-26,5.022587673712371e-27,4.289202290955716e-27,0.2322453924363788,1033.2927659027937,1.2237393273944102e-26,1.5321834345116092e-26,1.453490280405941e-26,3.5766803891083304e-27,2.817450328311833e-27,0.00020363140092272692,3336.473065896096,0.0,1.0874159934129497e-26,1.0942399873016229e-26,2.779324736068111e-27,2.9070053294620547e-27,0.00026106504481941337,2695.6343806779005,1.863945706088985e-26,2.2802133959183674e-26,1.6901265570375466e-26,2.6197165957940914e-27,2.1039841288663093e-27,793.1033355183464,12327.75657948084,0.0,1.6692545165894193e-26,2.1005406731133614e-26,7.192544090735427e-27,3.449114590767861e-27,13.793439851806102,3242.839766138581,1.2382735129010871e-26,1.0774582740899415e-26,1.0882088614531763e-26,4.5101948111670575e-27,5.813021700104275e-27,10.891394588193382,2706.8533743073626,0.0,1.1618981033028426e-26,1.56109822046433e-26,3.940777886956612e-27,2.3138795673306114e-27,6.9007988412337e-28,1327.9823680408722,0.0,2.2277850465750801e-26,1.0864033118155706e-26,5.5042799012934e-27,6.448905346041952e-27,11.95415856633925,3122.4038304498213,1.1055099238374332e-26,9.423260384784648e-27,8.295572253856041e-27,5.26229561941817e-27,5.1417017069697876e-27,11.18689447388151,3276.3962838922293,1.2758418101595448e-26,1.8190771519882652e-26,1.592530481262401e-26,3.546379309915032e-27,4.878925868947408e-27,12.671320599823368,3246.6361960019976,0.0,1.5557711627309102e-26,1.5961680943156243e-26,3.657013629051237e-27,2.9520353971910655e-27,0.22493348219391363,1308.481379640389,0.0,1.5312067060856283e-26,1.78988681128624e-26,3.03426002837078e-27,3.243725013843005e-27,1.4935061667912774e-27,35.502697539770836,0.0,9.058806534975606e-27,1.0461124746562868e-26,2.593399659062286e-27,3.377689015487182e-27,9.852422469111181e-28,35.52996421108998,2.4299992692374013e-26,8.548600383536015e-27,1.3616112028125055e-26,3.3741680471778095e-27,5.891924734829711e-27,11.874955214917172,2636.35896569063,9.458058481408608e-27,1.9574033907634673e-26,2.311361421191778e-26,6.126844659461635e-27,2.921156999096013e-27,13.081356703550503,6787.1748921199805,1.5422127447751993e-26,1.3464680469300145e-26,2.0384179524723497e-26,4.305226498037276e-27,0.002056460226392275,14.159591445926223,2443.88397009157,0.0,1.393856395481693e-26,1.3917698870588164e-26,4.7321905877507094e-27,3.857113716768214e-27,1.0492895907663305e-27,44.71101788582754,0.0,1.2036829898109587e-26,2.2906495384789605e-26,5.766720120082547e-27,5.50445571183064e-27,0.18148403393292548,1345.5024751261233,2.4477242726642138e-26,2.0365989564458555e-26,1.2862807957776527e-26,7.354768649081118e-27,6.916606221368815e-27,190.30006373217134,4465.131597565101,1.0842965924144439e-26,1.9895081130339966e-26,1.3092761195565586e-26,4.273052400242305e-27,6.099592709007423e-27,11.461090790349763,2445.4634028683126,1.7163752451188372e-26,1.0023827131690134e-26,1.9602067061466387e-26
7.532716030331204e-27,1.519580126947167e-26,1.5101755398972587e-26,7.110029577499997e-27,4.234994326867742,3069.2975605126803,10415.13251313582,1.6347967741617942e-26,1.3844786619159898e-26,1.8715735845695666e-26,6.691255699381312e-27,4.076790208193651e-27,223.4897884129229,4751.1422917563905,9.24896219415693e-27,1.383174089803511e-26,1.2455874751334768e-26,4.777870640018671e-27,2.6319339856042937e-27,0.00123967971915995,2870.7823857225717,6.86436153604212e-27,1.203930137143927e-26,1.668183265836064e-26,6.479044783307723e-27,0.008712353060147183,1025.5791374998555,8288.559124247684,1.3050624516272787e-26,1.0790072426969482e-26,1.4028178550469775e-26,5.762314606048983e-27,3.436528313135977e-27,267.1394068426357,5043.5509617866355,9.846815283915309e-27,1.2328121215591282e-26,1.4787109546151928e-26,5.831437578614527e-27,4.374101584371542e-27,21.09447677970423,5835.020184019257,0.0,1.1207355152678104e-26,1.140756595681462e-26,3.8120312033143925e-27,3.1833413053444302e-27,7.903896606780921e-28,71.59262869255068,9.530350981929293e-27,1.5871747107195862e-26,1.69411255981159e-26,5.918394445265783e-27,3.790693573790848e-27,271.31517942464546,4805.967440213672,0.0,1.7173081460487825e-26,1.503441401293353e-26,6.3062561039008635e-27,4.445535215490623e-27,8.739728217427851e-28,67.49169498275646,1.3063738919439926e-26,2.0618782206301317e-26,2.071033730083248e-26,5.124829652242067e-27,3.682176140405587e-27,0.6251994228301132,1271.0754634076445,1.2237393273944102e-26,1.5321834345116092e-26,1.453490280405941e-26,3.576680389108329e-27,2.8174503283118234e-27,0.0010021225990675948,3807.9761986844255,0.0,1.0874159934129497e-26,1.0942399873016229e-26,2.779324736068111e-27,2.9070053294620547e-27,0.001284768361140083,3078.891265500621,1.863945706088985e-26,2.2802133959183674e-26,1.6901265570375466e-26,2.6197165957940906e-27,2.1039841288663007e-27,1021.1652532856344,12943.590820079704,0.0,1.9324402677579202e-26,2.1521820735393957e-26,5.340663099610165e-27,3.607287191648323e-27,25.787523141544224,3703.6925789406123,1.2382735129010871e-26,1.0774582740899415e-26,1.0882088614531763e-26,4.5101948111670575e-27,5.8130217001042695e-27,20.0866173175745,3089.581718109659,0.0,1.1618981033028426e-26,1.56109822046433e-26,3.940777886956612e-27,2.3138795673306114e-27,6.9007988412336425e-28,1634.5247654615966,0.0,2.2277850465750801e-26,1.0864033118155706e-26,5.5042799012934e-27,6.406936542363774e-27,22.046635674733317,3564.7170423581906,1.2798109531601168e-26,9.290014988681114e-27,8.321219951995217e-27,5.281182294573856e-27,5.071856578493178e-27,20.654486801021505,3739.4534059347534,1.2758418101595448e-26,1.8190771519882652e-26,1.592530481262401e-26,3.546379309915032e-27,4.878925868947402e-27,23.36861093726138,3708.55803358548,0.0,1.343884758317095e-26,1.5444965601037874e-26,3.6121455103356185e-27,3.0228834878098213e-27,0.6168427753986724,1610.12568392121,0.0,1.5312067060856283e-26,1.813924419909188e-26,2.99767655624788e-27,3.3159093705720306e-27,1.4837618603485859e-27,57.17666836893839,0.0,9.058806534975606e-27,1.0461124746562868e-26,2.593399659062286e-27,3.377689015487182e-27,9.852422469111102e-28,57.13068944269333,2.4299992692374013e-26,8.548600383536015e-27,1.3616112028125055e-26,3.3741680471778095e-27,5.891924734829707e-27,21.89994374530079,3011.886595001772,8.169925789174841e-27,1.8544318639642286e-26,2.2697021029479962e-26,6.1377118744166144e-27,3.0545522243586472e-27,24.467312734461967,7162.159812578493,1.785368246624371e-26,1.3627782699937828e-26,2.078853319153677e-26,4.3175191990698915e-27,0.014202494112493427,26.143010047207934,2789.068403169257,0.0,1.393856395481693e-26,1.3917698870588164e-26,4.7321905877507094e-27,3.857113716768214e-27,1.0492895907663225e-27,71.88808999519186,0.0,1.2036829898109587e-26,2.2906495384789605e-26,6.094582095150209e-27,5.527579004026087e-27,0.4976898685328802,1655.804180382098,2.4477242726642138e-26,2.0381104300036883e-26,1.2864390994173442e-26,7.355032827714529e-27,6.916648611944052e-27,282.6961475882238,4868.977173899993,1.0842965924144439e-26,1.9895081130339966e-26,1.3092761195565586e-26,4.273052400242304e-27,6.1588992782668604e-27,21.16134601568912,2793.0059628635604,1.7163752451188372e-26,1.0023827131690134e-26,1.9602067061466387e-26
8.720367203216814e-27,1.5884681493697413e-26,1.51646006181213e-26,7.174923127224365e-27,9.226321473419757,3546.445149120031,10665.390744423767,1.6347967741617942e-26,1.3896645889220267e-26,1.8877100479052523e-26,7.06523133923581e-27,4.098387959913527e-27,319.8676527409369,5128.956269927641,9.24896219415693e-27,1.383174089803511e-26,1.2455874751334768e-26,4.777870640018671e-27,2.631933985604292e-27,0.005512684771420486,3241.2971254189356,7.94663610959097e-27,1.2585086123503665e-26,1.7028015776763726e-26,6.509824805269487e-27,0.048662173879461715,1290.6671214825421,8480.77618024861,1.510827263547697e-26,1.0942028071143037e-26,1.3801086544178564e-26,5.775979621937737e-27,3.412777586925806e-27,383.2056165952247,5440.048763958314,9.846815283915309e-27,1.2328121215591282e-26,1.4787109546151928e-26,5.831437578614527e-27,4.37410158437154e-27,36.92021609555676,6287.744067386128,0.0,1.1207355152678104e-26,1.140756595681462e-26,3.8120312033143925e-27,3.1833413053444302e-27,7.903896606780898e-28,110.98046122820337,9.530350981929293e-27,1.5313793472036783e-26,1.6593702752539446e-26,6.117175968171188e-27,3.811705042989422e-27,389.25190796728344,5183.840579360513,0.0,1.4834214041849543e-26,1.496022352461729e-26,6.383089864283733e-27,4.453282362118063e-27,8.697912786749757e-28,105.12773694755921,1.1284537341355097e-26,1.989248547461095e-26,2.0758380229592465e-26,5.1907729733482815e-27,3.395017556774066e-27,1.528876882316338,1537.8689136392331,1.2237393273944102e-26,1.5321834345116092e-26,1.453490280405941e-26,3.576680389108329e-27,2.8174503283118195e-27,0.004456301015168927,4295.870770659318,0.0,1.0874159934129497e-26,1.0942399873016229e-26,2.779324736068111e-27,2.9070053294620547e-27,0.005713187745025453,3475.748242492409,1.863945706088985e-26,2.2802133959183674e-26,1.6901265570375466e-26,2.6197165957940906e-27,2.103984128866298e-27,1284.7635076025192,13769.357078621908,0.0,1.6692538622707803e-26,2.1005406634708272e-26,4.613576438793366e-27,3.748019961776095e-27,45.5942875200859,4180.193798284044,1.2382735129010871e-26,1.0774582740899415e-26,1.0882088614531763e-26,4.5101948111670575e-27,5.8130217001042666e-27,35.15534079404647,3485.2510052839066,0.0,1.1618981033028426e-26,1.56109822046433e-26,3.940777886956612e-27,2.3138795673306114e-27,6.900798841233617e-28,1979.6621438907407,0.0,2.2277850465750801e-26,1.0864033118155706e-26,5.5042799012934e-27,6.431401693929199e-27,38.58573986120133,4022.187066992407,1.105508505633069e-26,8.982483272580147e-27,8.406013287600113e-27,5.291208089097788e-27,5.0397647027767026e-27,36.173723944541415,4218.378664004721,1.2758418101595448e-26,1.8190771519882652e-26,1.592530481262401e-26,3.546379309915032e-27,4.8789258689473995e-27,40.90047715650325,4187.511098776849,0.0,1.5557709265692063e-26,1.5961680912714002e-26,3.633922103668121e-27,3.0822210770551086e-27,1.5240585529705077,1948.7674333403581,0.0,1.5312067060856283e-26,1.789879717141821e-26,2.9657008661389237e-27,3.375793364896572e-27,1.0612413812279683e-27,88.77503069014304,0.0,9.058806534975606e-27,1.0461124746562868e-26,2.593399659062286e-27,3.377689015487182e-27,9.852422469111072e-28,88.57997921274566,2.4299992692374013e-26,8.548600383536015e-27,1.3616112028125055e-26,3.3741680471778095e-27,5.891924734829706e-27,38.32996968832043,3401.425328867348,9.458043103943078e-27,1.9574033566982205e-26,2.3113614207390983e-26,6.172221774293427e-27,3.270452787850928e-27,43.2711719023906,7552.380917070745,1.542212140254718e-26,1.3464680405958305e-26,2.0384179524719055e-26,5.091427752185145e-27,0.06739510521665919,45.78617893717402,3146.1342533800225,0.0,1.393856395481693e-26,1.3917698870588164e-26,4.7321905877507094e-27,3.857113716768214e-27,1.0492895907663189e-27,111.46898817519326,0.0,1.2036829898109587e-26,2.2906495384789605e-26,6.340775055699727e-27,5.545856489650137e-27,1.229662616011137,2004.5721880833055,2.4477242726642138e-26,2.0392192002807057e-26,1.286559689446137e-26,7.35523523000422e-27,6.916681449774461e-27,405.70469649781245,5250.899685229674,1.0842965924144439e-26,1.9895081130339966e-26,1.3092761195565586e-26,4.273052400242304e-27,6.20877591750499e-27,37.062197275075214,3152.4961594309093,1.7163752451188372e-26,1.0023827131690134e-26,1.9602067061466387e-26
7.532706366979913e-27,1.5195801062082485e-26,1.5172871906664704e-26,7.211984826595931e-27,18.509034142659022,4044.1041249967616,10972.948843308159,1.6347967741617942e-26,1.384473638081803e-26,1.8715733993948946e-26,7.332287731949448e-27,4.114654486748292e-27,443.9610160257256,5488.767912805403,9.24896219415693e-27,1.383174089803511e-26,1.2455874751334768e-26,4.777870640018671e-27,2.631933985604292e-27,0.021440713507032298,3623.2054753321727,6.864352730089971e-27,1.2039301207129349e-26,1.6681832655880453e-26,6.504560400412662e-27,0.20554186411414255,1589.2394464315832,8718.158399296974,1.3050619400655733e-26,1.1009705360925281e-26,1.3950384000787883e-26,5.810971356035878e-27,3.4038258215744324e-27,532.8532961407013,5818.8217258028635,9.846815283915309e-27,1.2328121215591282e-26,1.4787109546151928e-26,5.831437578614527e-27,4.3741015843715395e-27,61.64764266973303,6719.108139191737,0.0,1.1207355152678104e-26,1.140756595681462e-26,3.8120312033143925e-27,3.1833413053444302e-27,7.903896606780887e-28,166.3391181704244,9.530350981929293e-27,1.587151988647991e-26,1.6560371795234827e-26,6.223866459000153e-27,3.830664384991423e-27,541.254788136221,5543.734166426566,0.0,1.7173078853662165e-26,1.503441398201915e-26,6.44553385708177e-27,4.459632917083408e-27,8.679147067709833e-28,158.16191455333285,1.3063732429496373e-26,2.0618782085598257e-26,2.0896336060333606e-26,5.243020050718344e-27,3.2592795938167924e-27,3.4369478748878852,1831.9772322835124,1.2237393273944102e-26,1.5321834345116092e-26,1.453490280405941e-26,3.576680389108329e-27,2.8174503283118177e-27,0.017332076352828917,4798.538064672021,0.0,1.0874159934129497e-26,1.0942399873016229e-26,2.779324736068111e-27,2.9070053294620547e-27,0.02222053803766167,3884.194835758702,1.863945706088985e-26,2.2802133959183674e-26,1.6901265570375466e-26,2.6197165957940906e-27,2.1039841288662964e-27,1581.80191758091,14786.303712888559,0.0,1.932439974418901e-26,2.1521820693363287e-26,4.361835381049993e-27,3.8730811919453816e-27,76.71025504023085,4669.724933804147,1.2382735129010871e-26,1.0774582740899415e-26,1.0882088614531763e-26,4.5101948111670575e-27,5.813021700104265e-27,58.698094543250335,3892.4849593702775,0.0,1.1618981033028426e-26,1.56109822046433e-26,3.940777886956612e-27,2.3138795673306114e-27,6.900798841233609e-28,2360.875618585645,0.0,2.2277850465750801e-26,1.0864033118155706e-26,5.5042799012934e-27,6.3941400693349764e-27,64.4257559516424,4493.305133871578,1.2798103173619813e-26,9.106393557172913e-27,8.451616858484114e-27,5.30132275359842e-27,5.022355548050261e-27,60.423182325130924,4711.540373798336,1.2758418101595448e-26,1.8190771519882652e-26,1.592530481262401e-26,3.546379309915032e-27,4.878925868947398e-27,68.2936956338437,4681.268127064656,0.0,1.343884597356689e-26,1.5444965578537043e-26,4.2374847541523855e-27,3.1271292197743105e-27,3.4462174015788056,2322.299901101966,0.0,1.5312067060856283e-26,1.8139214442317947e-26,2.969188743724791e-27,3.426441748043829e-27,8.870529983903429e-28,133.27185822261404,0.0,9.058806534975606e-27,1.0461124746562868e-26,2.593399659062286e-27,3.377689015487182e-27,9.852422469111057e-28,132.79252459644783,2.4299992692374013e-26,8.548600383536015e-27,1.3616112028125055e-26,3.3741680471778095e-27,5.891924734829706e-27,64.00158300188421,3803.2317862273826,8.169915308378459e-27,1.8544318390800162e-26,2.2697021026068508e-26,6.171001499397818e-27,3.4974931497232456e-27,72.81207721450978,7913.884716473285,1.7853679756104727e-26,1.3627782672433777e-26,2.0788533191534827e-26,5.726746575828581e-27,0.250659678242124,76.47945348765795,3514.0462388490696,0.0,1.393856395481693e-26,1.3917698870588164e-26,4.7321905877507094e-27,3.857113716768214e-27,1.0492895907663174e-27,167.15169544710852,0.0,1.2036829898109587e-26,2.2906495384789605e-26,6.524414614793764e-27,5.560226099522925e-27,2.780526179331443,2389.3985207801575,2.4477242726642138e-26,2.0400324901126847e-26,1.2866514218125244e-26,7.355390189516508e-27,6.916706863075875e-27,564.3983031527891,5614.6412063053585,1.0842965924144439e-26,1.9895081130339966e-26,1.3092761195565586e-26,4.946477184543925e-27,6.2500440749624854e-27,61.90818364281012,3521.915070485469,1.7163752451188372e-26,1.0023827131690134e-26,1.9602067061466387e-26
8.720362871019787e-27,1.5884681402611203e-26,1.527113888487225e-26,0.005011599391551873,34.58212725995018,4543.645735656498,11363.805897840704,1.6347967741617942e-26,1.389662491739901e-26,1.8877099692256373e-26,7.545116684953901e-27,0.00010997347279713506,599.4410044078622,5832.109750305627,9.24896219415693e-27,1.383174089803511e-26,1.2455874751334768e-26,4.777870640018671e-27,2.631933985604292e-27,0.07287680871849561,4016.38509014292,7.946632161776328e-27,1.2585086051338049e-26,1.7028015775670766e-26,4.842797313516924e-27,0.6981871005978288,1918.7540290222187,9021.589317913202,1.5108270342083508e-26,1.1301792879294969e-26,1.371466041864382e-26,5.8145943404654574e-27,3.5115153213265485e-27,720.5760744209074,6182.221886304797,9.846815283915309e-27,1.2328121215591282e-26,1.4787109546151928e-26,5.831437578614527e-27,4.3741015843715395e-27,98.58205900886342,7135.7727196999585,0.0,1.1207355152678104e-26,1.140756595681462e-26,3.8120312033143925e-27,3.1833413053444302e-27,4.11951931363881e-05,241.69660986532375,9.530350981929293e-27,1.5313629798386103e-26,1.643617379773501e-26,6.2773670946455946e-27,1.725799042696585e-05,731.8372161380859,5888.009333784011,0.0,1.4834212265118984e-26,1.4960223501354335e-26,6.485695070981374e-27,4.4641385521072764e-27,2.637591503573171e-06,230.4878551164941,1.128453291801339e-26,1.989248538544631e-26,2.0894855779424438e-26,5.2843927030319304e-27,0.000792819750829729,7.174816386181144,2149.50644379847,1.2237393273944102e-26,1.5321834345116092e-26,1.453490280405941e-26,3.576680389108329e-27,2.8174503283118177e-27,0.0589115848521178,5316.572561435602,0.0,1.0874159934129497e-26,1.0942399873016229e-26,2.779324736068111e-27,2.9070053294620547e-27,0.0755274258788837,4303.978235900736,1.863945706088985e-26,2.2802133959183674e-26,1.6901265570375466e-26,2.6197165957940906e-27,0.0006882209800111106,1909.909192801504,11101.63218449111,0.0,1.6692536623401105e-26,2.100540660346809e-26,4.223933150605935e-27,3.9776502663041224e-27,123.36611319770182,5171.839502611144,1.2382735129010871e-26,1.0774582740899415e-26,1.0882088614531763e-26,4.5101948111670575e-27,5.813021700104265e-27,93.86048623758231,4311.7242349129365,0.0,1.1618981033028426e-26,1.56109822046433e-26,3.940777886956612e-27,2.3138795673306114e-27,4.2619150577956536e-05,2772.9133865952244,0.0,2.2277850465750801e-26,1.0864033118155706e-26,5.5042799012934e-27,6.426058100244587e-27,103.02061306748966,4978.654291001853,1.1055080722930273e-26,9.179702876761293e-27,8.44576465011711e-27,5.3178404235217004e-27,5.012548523414108e-27,96.64230388039863,5219.492772268825,1.2758418101595448e-26,1.8190771519882652e-26,1.592530481262401e-26,3.546379309915032e-27,4.878925868947398e-27,109.2096626872967,5189.665220443938,0.0,1.5557708544086892e-26,1.5961680902896762e-26,4.7465136877419074e-27,3.1650828436315183e-27,7.218469649498907,2725.731899197147,0.0,1.5312067060856283e-26,1.7898775494893863e-26,3.736794678954059e-27,3.466898484455364e-27,1.6919201869914843e-05,193.98196131048286,0.0,9.058806534975606e-27,1.0461124746562868e-26,2.593399659062286e-27,3.377689015487182e-27,5.4729703684578696e-05,192.9900446383507,2.4299992692374013e-26,8.548600383536015e-27,1.3616112028125055e-26,3.3741680471778095e-27,5.891924734829706e-27,102.3459813503669,4217.220604726446,9.45803840527555e-27,1.9574033457413567e-26,2.3113614205891062e-26,4.056537303665847e-27,3.7204060427647445e-27,117.10572328907476,8169.348928139737,1.5422119555401498e-26,1.3464680385354426e-26,2.0384179524717609e-26,6.187977097316799e-27,0.7785957819978834,122.3232054958058,3893.3861545200375,0.0,1.393856395481693e-26,1.3917698870588164e-26,4.7321905877507094e-27,3.857113716768214e-27,5.485085703962086e-05,243.0467806565185,0.0,1.2036829898109587e-26,2.2906495384789605e-26,6.660749689763245e-27,5.57147076715093e-27,5.824108434350668,2805.027537461706,2.4477242726642138e-26,2.0406290057098642e-26,1.2867211114889619e-26,7.355508742361862e-27,2.2066646509743207e-05,763.6071876960948,5962.707594727651,1.0842965924144439e-26,1.9895081130339966e-26,1.3092761195565586e-26,5.471626282364382e-27,6.283750464827205e-27,99.01870515700811,3900.8838750719724,1.7163752451188372e-26,1.0023827131690134e-26,1.9602067061466387e-26
7.532703414290476e-27,1.5195800995179847e-26,1.5250984771192552e-26,0.045269071337499606,60.73227472331511,5045.07184560012,11856.238482597182,1.6347967741617942e-26,1.3844721030231753e-26,1.8715733412475725e-26,7.689143097001601e-27,0.0016565774153779673,789.727958903376,6165.665375377892,9.24896219415693e-27,1.383174089803511e-26,1.2455874751334768e-26,4.777870640018671e-27,2.631933985604292e-27,0.21890118042297443,4422.286155251442,6.864350039383495e-27,1.2039301154123852e-26,1.668183265505822e-26,4.194604003720928e-27,2.001472008970421,2277.0868782919124,9405.75181956562,1.305061783755072e-26,1.1273771957825566e-26,1.3955314010401632e-26,5.831803186788399e-27,3.530376585005979e-27,950.5696951065505,6537.659185702828,9.846815283915309e-27,1.2328121215591282e-26,1.4787109546151928e-26,5.831437578614527e-27,4.3741015843715395e-27,151.46561006474317,7548.561401798881,0.0,1.1207355152678104e-26,1.140756595681462e-26,3.8120312033143925e-27,3.1833413053444302e-27,0.00020370310202523712,341.22954471075104,9.530350981929293e-27,1.5871450458252228e-26,1.6494709501443753e-26,6.31429813775785e-27,0.0005393393603794003,965.1994269593336,6223.856438051144,0.0,1.7173078057132143e-26,1.5034413971963696e-26,6.521063368231691e-27,4.343297744788787e-27,2.8129120619819052e-05,326.1493764681349,1.3063730446458388e-26,2.0618782046595943e-26,2.0812323044794945e-26,5.323149633214405e-27,0.0038505919094305244,14.027480788044485,2485.9208467962712,1.2237393273944102e-26,1.5321834345116092e-26,1.453490280405941e-26,3.576680389108329e-27,2.8174503283118177e-27,0.17695362477424115,5852.616247984733,0.0,1.0874159934129497e-26,1.0942399873016229e-26,2.779324736068111e-27,2.9070053294620547e-27,0.22686287956241286,4736.574882283104,1.863945706088985e-26,2.2802133959183674e-26,1.6901265570375466e-26,2.6197165957940906e-27,0.0033425733084455917,2267.1393421270473,9853.539534000489,0.0,1.9324398847875384e-26,2.152182067977117e-26,4.201985803411612e-27,4.067252025293574e-27,190.34905846913728,5688.226194087954,1.2382735129010871e-26,1.0774582740899415e-26,1.0882088614531763e-26,4.5101948111670575e-27,5.7156526638461534e-27,144.20291044460632,4744.012399331039,0.0,1.1618981033028426e-26,1.56109822046433e-26,3.940777886956612e-27,2.3138795673306114e-27,0.00021074432518547229,3209.7791661651645,0.0,2.2277850465750801e-26,1.0864033118155706e-26,5.5042799012934e-27,6.390232587375178e-27,158.2829914838446,5475.552172725046,1.2798101230903605e-26,9.43798751807183e-27,8.331392174717882e-27,5.3348504999952e-27,5.008020242566434e-27,148.49381113698817,5744.81115201115,1.2758418101595448e-26,1.8190771519882652e-26,1.592530481262401e-26,3.546379309915032e-27,4.878925868947398e-27,167.78775444037865,5714.569836782398,0.0,1.3438845481743445e-26,1.5444965571289966e-26,5.099689595777016e-27,3.192532349485338e-27,14.140502190897625,3154.471707505455,0.0,1.5312067060856283e-26,1.813920534997522e-26,4.372010934349293e-27,3.500633218883271e-27,0.00010090836057410407,274.33108069388607,0.0,9.058806534975606e-27,1.0461124746562868e-26,2.593399659062286e-27,3.377689015487182e-27,0.0002706289147998522,272.53265994978693,2.4299992692374013e-26,8.548600383536015e-27,1.3616112028125055e-26,3.3741680471778095e-27,5.891924734829706e-27,157.24715033029418,4644.936764880199,8.169912105914237e-27,1.854431831085326e-26,2.2697021024939764e-26,3.2816833366665066e-27,3.923960542297571e-27,180.69563862901103,8337.974574021295,1.7853678928006744e-26,1.3627782663506018e-26,2.0788533191534196e-26,6.566758334876195e-27,2.0985124387659315,187.95838881732422,4279.503014295345,0.0,1.393856395481693e-26,1.3917698870588164e-26,4.7321905877507094e-27,3.857113716768214e-27,0.0002712279971772765,343.4211591863607,0.0,1.2036829898109587e-26,2.2906495384789605e-26,6.761624717456553e-27,5.5802342483100726e-27,11.409041261492048,3245.393829393296,2.4477242726642138e-26,2.0410665059011332e-26,1.286773991098229e-26,7.355599378773033e-27,0.0006896174305226629,1007.8590556996843,6302.428119554528,1.0842965924144439e-26,1.9895081130339966e-26,1.3092761195565586e-26,5.873570353992322e-27,6.310992722511107e-27,152.1427297544938,4290.641785391218,1.7163752451188372e-26,1.0023827131690134e-26,1.9602067061466387e-26
8.720361547293132e-27,1.588468137327392e-26,1.5226819284485757e-26,0.23181544710789417,101.01553063014826,5544.07832077552,11705.43034335227,1.6347967741617942e-26,1.3896618509345672e-26,1.8877099445292643e-26,7.809707615539248e-27,0.011440790678490746,1016.1690528518599,6499.0607775605185,9.24896219415693e-27,1.383174089803511e-26,1.2455874751334768e-26,4.777870640018671e-27,2.631933985604292e-27,0.5892771013520304,4823.279478819122,7.946630955499826e-27,1.2585086028094762e-26,1.702801577530906e-26,3.9653999160280866e-27,5.0133593500657065,2663.005536070385,9459.106743624527,1.5108269641324426e-26,1.1143679385147466e-26,1.377128761980107e-26,5.821411813903133e-27,3.592599395519427e-27,1224.3534615814522,6895.388284026941,9.846815283915309e-27,1.2328121215591282e-26,1.4787109546151928e-26,5.831437578614527e-27,4.3741015843715395e-27,224.29640440354163,7970.389335161965,0.0,1.1207355152678104e-26,1.140756595681462e-26,3.8120312033143925e-27,3.1833413053444302e-27,0.0010024754586702015,468.85463138556383,9.530350981929293e-27,1.5313579787167302e-26,1.6762885130961844e-26,6.332288896818069e-27,0.0057260329768826276,1242.879505346575,6561.175601509641,0.0,1.4834211722229112e-26,1.4960223493800423e-26,6.541212149679109e-27,3.7576351017076085e-27,0.00028351270796610716,448.94112238578134,1.1284531566436933e-26,1.989248535667393e-26,2.065002538377315e-26,5.351572048147243e-27,0.017954125387474675,25.86965883968637,2837.19653585762,1.2237393273944102e-26,1.5321834345116092e-26,1.453490280405941e-26,3.576680389108329e-27,2.8174503283118177e-27,0.47635521598930386,6382.98205620608,0.0,1.0874159934129497e-26,1.0942399873016229e-26,2.779324736068111e-27,2.9070053294620547e-27,0.6107098180768303,5165.100030802971,1.863945706088985e-26,2.2802133959183674e-26,1.6901265570375466e-26,2.6197165957940906e-27,0.015585390949814008,2652.419178786878,11281.977064453094,0.0,1.669253601250186e-26,2.1005406593379547e-26,4.158037751641625e-27,4.139001937526303e-27,282.76764373772846,6201.958859012851,1.2382735129010871e-26,1.0774582740899415e-26,1.0882088614531763e-26,4.5101948111670575e-27,5.772351326874078e-27,213.52776685065894,5170.4713728088445,0.0,1.1618981033028426e-26,1.56109822046433e-26,3.940777886956612e-27,2.3138795673306114e-27,0.0010371271323414348,3666.1998665547276,0.0,2.2277850465750801e-26,1.0864033118155706e-26,5.5042799012934e-27,6.424425778470412e-27,234.3966955856107,5963.079190927342,1.1055079398835874e-26,9.423260081057443e-27,8.295572251862548e-27,5.346715358266996e-27,5.007998398655128e-27,219.8818218745633,6264.545562131169,1.2758418101595448e-26,1.8190771519882652e-26,1.592530481262401e-26,3.546379309915032e-27,4.878925868947398e-27,248.4382142855058,6233.279968962779,0.0,1.5557708323596426e-26,1.5961680899739552e-26,5.406188348795187e-27,3.054813378914221e-27,26.107765344851156,3603.7241679539143,0.0,1.5312067060856283e-26,1.7898768871514037e-26,4.852330229315476e-27,3.526702204268885e-27,0.0006242374650427914,377.5184639331536,0.0,9.058806534975606e-27,1.0461124746562868e-26,2.593399659062286e-27,3.377689015487182e-27,0.0013318346298909452,374.5855515264635,2.4299992692374013e-26,8.548600383536015e-27,1.3616112028125055e-26,3.3741680471778095e-27,5.891924734829706e-27,232.85369069342292,5067.276645190432,9.458036969571815e-27,1.95740334222597e-26,2.3113614205395635e-26,3.0061708038905314e-27,4.106735591356934e-27,268.4299569129421,8534.904423751383,1.5422118990995895e-26,1.3464680378677024e-26,2.0384179524717135e-26,6.821861107947054e-27,5.037099544866726,278.34190323918045,4656.8044020778725,0.0,1.393856395481693e-26,1.3917698870588164e-26,4.7321905877507094e-27,3.857113716768214e-27,0.001334782868651678,472.2737108379689,0.0,1.2036829898109587e-26,2.2906495384789605e-26,6.836081571980972e-27,5.5870395348408764e-27,21.06463886809464,3705.1304017215343,2.4477242726642138e-26,2.041387369178378e-26,1.2868140701304824e-26,7.355668625079699e-27,0.007321498185901656,1298.787056408116,6643.827707285847,1.0842965924144439e-26,1.9895081130339966e-26,1.3092761195565586e-26,6.177382685276717e-27,6.3328198618935724e-27,225.26720457862635,4678.499898254947,1.7163752451188372e-26,1.0023827131690134e-26,1.9602067061466387e-26
7.53270251207993e-27,1.5195800973657625e-26,1.5101755396201166e-26,0.8839734891163995,160.1576473304413,6043.154757662193,10947.625655503978,1.6347967741617942e-26,1.3844716339776533e-26,1.8715733230017825e-26,7.884557893088346e-27,0.05428999198530898,1277.811666271836,6843.274582028331,9.24896219415693e-27,1.383174089803511e-26,1.2455874751334768e-26,4.777870640018671e-27,2.631933985604292e-27,1.441031620690273,5203.019615954185,6.864349217223289e-27,1.2039301137072266e-26,1.6681832654786472e-26,3.844983886143504e-27,11.251555625270775,3076.3972187056193,9152.61086338688,1.3050617359935319e-26,1.0790072361187177e-26,1.402817854951739e-26,3.89086791267649e-27,3.6758512097024156e-27,1540.766919494804,7266.924034017685,9.846815283915309e-27,1.2328121215591282e-26,1.4787109546151928e-26,5.831437578614527e-27,4.3741015843715395e-27,321.1447706138454,8414.820890782988,0.0,1.1207355152678104e-26,1.140756595681462e-26,3.8120312033143925e-27,3.1833413053444302e-27,0.004457870133166008,627.9049121551457,9.530350981929293e-27,1.5871429244101833e-26,1.705054353962034e-26,6.349824055626283e-27,0.035222073673991064,1563.701278224564,6911.060003718603,0.0,1.7173077813747972e-26,1.5034413968704988e-26,6.561863379635769e-27,3.502577484032994e-27,0.0020056780128443405,602.0887773776102,1.3063729840530143e-26,2.0618782034030534e-26,2.0710337299145563e-26,5.3674689436089654e-27,0.0731409555518927,45.2778897838557,3200.548615709238,1.2237393273944102e-26,1.5321834345116092e-26,1.453490280405941e-26,3.576680389108329e-27,2.8174503283118177e-27,1.1648898749779428,6887.202437938987,0.0,1.0874159934129497e-26,1.0942399873016229e-26,2.779324736068111e-27,2.9070053294620547e-27,1.493443673435734,5569.982766816552,1.863945706088985e-26,2.2802133959183674e-26,1.6901265570375466e-26,2.6197165957940906e-27,0.06349127914159058,3065.760439649154,12807.065609966912,0.0,1.932439857400178e-26,2.1521820675389037e-26,4.1745381345902476e-27,4.199533685663281e-27,405.81381035306146,6693.4225532285,1.2382735129010871e-26,1.0774582740899415e-26,1.0882088614531763e-26,4.5101948111670575e-27,5.6860650447759816e-27,305.7041738510001,5575.4464093054885,0.0,1.1618981033028426e-26,1.56109822046433e-26,3.940777886956612e-27,2.3138795673306114e-27,0.0046119613478562424,4138.544023809745,0.0,2.2277850465750801e-26,1.0864033118155706e-26,5.5042799012934e-27,6.389038872769673e-27,335.62546270020977,6427.306307508381,1.2798100637295903e-26,9.290014859685216e-27,8.321219951090692e-27,5.343134973155659e-27,5.067358149211704e-27,314.76824934630906,6757.701424336444,1.2758418101595448e-26,1.8190771519882652e-26,1.592530481262401e-26,3.546379309915032e-27,4.878925868947398e-27,355.63324620513475,6724.439255407842,0.0,1.343884533146406e-26,1.5444965568961968e-26,5.596355592378958e-27,2.340848281819739e-27,45.724452294152485,4069.711948913899,0.0,1.5312067060856283e-26,1.813920257175984e-26,5.23829036585088e-27,3.548444149682096e-27,0.0033057624676272393,506.25161928419004,0.0,9.058806534975606e-27,1.0461124746562868e-26,2.593399659062286e-27,3.377689015487182e-27,0.005922484952183405,501.8420290924318,2.4299992692374013e-26,8.548600383536015e-27,1.3616112028125055e-26,3.3741680471778095e-27,5.891924734829706e-27,333.3878432462643,5466.758920818319,8.169911127383627e-27,1.854431828522977e-26,2.2697021024567434e-26,2.8722433798703702e-27,4.2625677708966894e-27,385.2355886828613,8748.66677397187,1.785367867497681e-26,1.362778266061806e-26,2.0788533191533992e-26,7.042259240899057e-27,10.973780861928413,398.51867105136535,5017.636229206134,0.0,1.393856395481693e-26,1.3917698870588164e-26,4.7321905877507094e-27,3.857113716768214e-27,0.005935595363418791,632.9974687113462,0.0,1.2036829898109587e-26,2.2906495384789605e-26,6.890942385032815e-27,5.592307372949726e-27,36.89205346744453,4180.516666089623,2.4477242726642138e-26,2.041622684942763e-26,1.2868444151339354e-26,7.355721493951852e-27,0.045036127027016905,1635.132539397713,6998.106550506113,1.0842965924144439e-26,1.9895081130339966e-26,1.3092761195565586e-26,6.405047082868797e-27,6.350181049287571e-27,322.4246691559861,5049.819546925284,1.7163752451188372e-26,1.0023827131690134e-26,1.9602067061466387e-26
8.720361142821116e-27,1.5884681363849773e-26,1.516460061689187e-26,2.733890732939309,243.38663487894067,6549.225715559151,11085.4925164374,1.6347967741617942e-26,1.3896616551329668e-26,1.8877099367828955e-26,7.953884139166934e-27,0.2019184016266114,1572.391280957856,7208.924889358618,9.24896219415693e-27,1.383174089803511e-26,1.2455874751334768e-26,4.777870640018671e-27,2.631933985604292e-27,3.239469851145878,5565.419734927969,7.946630586915356e-27,1.2585086020628216e-26,1.702801577518971e-26,3.8220000169970725e-27,23.0491112349136,3508.651027074955,8889.61667030828,1.5108269427203602e-26,1.094202804234088e-26,1.3801086543460221e-26,3.1842665558983462e-27,3.762989299623268e-27,1897.1410414680147,7611.985085471459,9.846815283915309e-27,1.2328121215591282e-26,1.4787109546151928e-26,5.831437578614527e-27,4.3741015843715395e-27,446.0014948651382,8780.279642349244,0.0,1.1207355152678104e-26,1.140756595681462e-26,3.8120312033143925e-27,3.1833413053444302e-27,0.01733817918853095,820.9598359838793,9.530350981929293e-27,1.5313564505977846e-26,1.7172868987365325e-26,6.3824572401404e-27,0.1538875125359058,1924.962008032436,7260.042727827285,0.0,1.4834211556346098e-26,1.496022349135607e-26,6.571165832746258e-27,3.388433596738059e-27,0.010387274942208303,788.0788171362029,1.1284531153455254e-26,1.9892485347415588e-26,2.0758380228292462e-26,5.3692876644922486e-27,0.2552574019770816,75.602893629071,3574.7832367071906,1.2237393273944102e-26,1.5321834345116092e-26,1.453490280405941e-26,3.576680389108329e-27,2.8174503283118177e-27,2.6186973108116245,7370.728267394556,0.0,1.0874159934129497e-26,1.0942399873016229e-26,2.779324736068111e-27,2.9070053294620547e-27,3.3572932647808598,5954.663241566696,1.863945706088985e-26,2.2802133959183674e-26,1.6901265570375466e-26,2.6197165957940906e-27,0.22158062934228415,3496.1312483483152,14428.80517054194,0.0,1.6692535825838206e-26,2.1005406590131044e-26,4.894101560376703e-27,4.2462042552276875e-27,564.5674052188454,7160.54339417785,1.2382735129010871e-26,1.0774582740899415e-26,1.0882088614531763e-26,4.5101948111670575e-27,5.759952745973462e-27,424.5234864906304,5963.774424193932,0.0,1.1618981033028426e-26,1.56109822046433e-26,3.940777886956612e-27,2.3138795673306114e-27,0.017937492540394766,4625.258631517732,0.0,2.2277850465750801e-26,1.0864033118155706e-26,5.5042799012934e-27,6.4239270548407246e-27,466.15434406159073,6875.362990190801,1.1055078994251491e-26,8.982483217319935e-27,8.406013286889942e-27,4.658462044189397e-27,5.1522834568026e-27,437.0228560602639,7229.356814497403,1.2758418101595448e-26,1.8190771519882652e-26,1.592530481262401e-26,3.546379309915032e-27,4.878925868947398e-27,493.7367700154891,7193.018364897307,0.0,1.5557708256224336e-26,1.5961680898726727e-26,5.7786887600234675e-27,2.046570451519935e-27,76.37634770260453,4550.371438492804,0.0,1.5312067060856283e-26,1.7898766847703784e-26,5.512403181043819e-27,3.564649736787003e-27,0.014435557851272028,662.6093845630551,0.0,9.058806534975606e-27,1.0461124746562868e-26,2.593399659062286e-27,3.377689015487182e-27,0.02303456634556721,656.3713865459486,2.4299992692374013e-26,8.548600383536015e-27,1.3616112028125055e-26,3.3741680471778095e-27,5.891924734829706e-27,462.98796429510986,5847.412380919885,9.458036530884581e-27,1.9574033411006577e-26,2.3113614205232475e-26,2.839818595559561e-27,4.396325431483251e-27,535.9327759787599,9009.069239109713,1.5422118818538634e-26,1.3464680376520055e-26,2.038417952471698e-26,7.175528114202165e-27,22.014633376112585,553.4336483311805,5361.772772302416,0.0,1.393856395481693e-26,1.3917698870588164e-26,4.7321905877507094e-27,3.857113716768214e-27,0.02308555721170807,828.2008493004685,0.0,1.2036829898109587e-26,2.2906495384789605e-26,6.931312996772194e-27,5.5963735222706835e-27,61.61726270693269,4669.934045421494,2.4477242726642138e-26,2.0417952584560076e-26,1.286867367468856e-26,7.355761832417578e-27,0.19676574487310614,2014.0004632446826,7334.201930038002,1.0842965924144439e-26,1.9895081130339966e-26,1.3092761195565586e-26,6.574619246640796e-27,6.363904583255451e-27,447.5377858626987,5403.346403128556,1.7163752451188372e-26,1.0023827131690134e-26,1.9602067061466387e-26
7.532702236404494e-27,1.5195800966751472e-26,1.5172871905719677e-26,7.187968336035471,355.50943189389494,7071.800326897117,11366.74012633657,1.6347967741617942e-26,1.384471490658204e-26,1.8715733172804552e-26,7.990661554609228e-27,0.6271962723193755,1897.2861969512417,7474.857601148693,9.24896219415693e-27,1.383174089803511e-26,1.2455874751334768e-26,4.777870640018671e-27,0.0007001626857093105,6.762570227021385,5912.83221563716,6.864348966007678e-27,1.2039301131600671e-26,1.6681832654696915e-26,0.0016421969498961427,43.708925246205844,3943.2543865576895,9200.114737049156,1.3050617213997284e-26,1.1009705339031992e-26,1.3950384000473114e-26,2.9328769400885354e-27,4.322783552945424e-05,2290.4224534075033,7856.967282026934,9.846815283915309e-27,1.2328121215591282e-26,1.4787109546151928e-26,5.831437578614527e-27,0.0008968022251369017,602.6767274423026,8991.457512702638,0.0,1.1207355152678104e-26,1.140756595681462e-26,3.8120312033143925e-27,3.1833413053444302e-27,0.05893232834043402,1049.8445498776273,9.530350981929293e-27,1.5871422762003154e-26,1.7353267238926914e-26,6.427533721857288e-27,0.529763831025214,2323.571995828438,7511.012173166154,0.0,1.7173077739380586e-26,1.5034413967652378e-26,6.58385733090021e-27,3.337953335986383e-27,0.04225873915912691,1008.654291059501,1.3063729655385406e-26,2.0618782029993095e-26,2.0896336059350785e-26,5.374287363759602e-27,0.7709041819848311,120.89799506785249,3960.3624137047414,1.2237393273944102e-26,1.5321834345116092e-26,1.453490280405941e-26,3.576680389108329e-27,0.0006769027033563637,5.4666736476684665,7836.215701060136,0.0,1.0874159934129497e-26,1.0942399873016229e-26,2.779324736068111e-27,0.0007114656788650724,7.008533037514081,6321.902836920708,1.863945706088985e-26,2.2802133959183674e-26,1.6901265570375466e-26,2.6197165957940906e-27,0.6691967891381136,3927.6242812659684,16147.195746178182,0.0,1.9324398490318176e-26,2.152182067398009e-26,5.4900207814352176e-27,4.285626302890799e-27,763.8671764913296,7605.541261328859,1.2382735129010871e-26,1.0774582740899415e-26,1.0882088614531763e-26,4.5101948111670575e-27,0.00034971945612640565,573.6034232172383,6337.714699465148,0.0,1.1618981033028426e-26,1.56109822046433e-26,3.940777886956612e-27,2.3138795673306114e-27,0.06096938949009562,5126.938994949591,0.0,2.2277850465750801e-26,1.0864033118155706e-26,5.5042799012934e-27,0.00036903330178162714,629.9831978356499,7309.540112695983,1.2798100455915777e-26,9.106393532978895e-27,8.4516168579434e-27,4.390166397414862e-27,0.00014489034158643996,590.3256463303172,7682.351440512629,1.2758418101595448e-26,1.8190771519882652e-26,1.592530481262401e-26,3.546379309915032e-27,0.0008758795399852053,666.894181059359,7642.072741378856,0.0,1.343884528554536e-26,1.5444965568215928e-26,5.872992802071704e-27,1.914860987171005e-27,122.15939337230171,5045.622736494704,0.0,1.5312067060856283e-26,1.8139201722860741e-26,5.736510368548772e-27,3.578386498487528e-27,0.05283549074772998,848.044880352649,0.0,9.058806534975606e-27,1.0461124746562868e-26,2.593399659062286e-27,3.377689015487182e-27,0.07829430139667919,839.6080111765473,2.4299992692374013e-26,8.548600383536015e-27,1.3616112028125055e-26,3.3741680471778095e-27,0.0008878543870878473,625.6038462018914,6211.810690133394,8.169910828388172e-27,1.8544318277035147e-26,2.269702102444496e-26,2.8039383677128394e-27,2.3011506125543576e-05,725.1127763658841,9337.46011329977,1.7853678597662104e-26,1.362778265968673e-26,2.0788533191533926e-26,0.0047494084674826135,41.13196005399448,747.8068788859696,5694.531377117526,0.0,1.393856395481693e-26,1.3917698870588164e-26,4.7321905877507094e-27,3.857113716768214e-27,0.07846761893095468,1059.7046961268204,0.0,1.2036829898109587e-26,2.2906495384789605e-26,6.960993050754393e-27,5.599504105590378e-27,98.53493429534753,5173.945390817984,2.4477242726642138e-26,2.0419218170010211e-26,1.2868847119916926e-26,7.355792590624012e-27,0.6773738369068907,2432.0679678755473,7572.5954321506215,1.0842965924144439e-26,1.9895081130339966e-26,1.3092761195565586e-26,6.700380215347998e-27,0.00013961748599697918,604.3204805400915,5740.682383261019,1.7163752451188372e-26,1.0023827131690134e-26
8.720361019232445e-27,1.5884681360829622e-26,1.527113888415852e-26,16.590242544642724,500.6605016042671,7621.604462172132,11876.452818726713,1.6347967741617942e-26,1.389661595304703e-26,1.8877099343547607e-26,8.031964336916819e-27,1.6904524908066005,2250.2712253420855,7621.587976460915,9.24896219415693e-27,1.383174089803511e-26,1.2455874751334768e-26,4.777870640018671e-27,0.0034005721603888915,13.221498479048202,6252.411004969555,7.946630474292324e-27,1.2585086018235415e-26,1.7028015775150437e-26,0.017540396802032135,77.57842872403855,4377.859508158962,9486.58923564858,1.5108269361777793e-26,1.1301792862730065e-26,1.3714660418410223e-26,2.8119521202581005e-27,0.0008543240687852146,2718.05491051029,8021.302124968928,9.846815283915309e-27,1.2328121215591282e-26,1.4787109546151928e-26,5.831437578614527e-27,0.004355617262129006,794.3513934284406,9203.470238930626,0.0,1.1207355152678104e-26,1.140756595681462e-26,3.8120312033143925e-27,3.1833413053444302e-27,0.17701593230606819,1315.768365735537,9.530350981929293e-27,1.5313559836727032e-26,1.7395397324158485e-26,6.469639490784302e-27,1.5274155574198183,2756.947942575322,7664.059490772707,0.0,1.483421150565962e-26,1.4960223490567567e-26,6.58730255131831e-27,3.314722668715005e-27,0.14259161818801924,1264.9480297022112,1.1284531027266409e-26,1.9892485344444026e-26,2.0894855778684066e-26,5.380873421712303e-27,2.0510076150264887,185.743079836002,4359.275611253384,1.2237393273944102e-26,1.5321834345116092e-26,1.453490280405941e-26,3.576680389108329e-27,0.0032876023462934316,10.687891569583984,8292.775003365326,0.0,1.0874159934129497e-26,1.0942399873016229e-26,2.779324736068111e-27,0.0034554688931602243,13.702380276303073,6679.586623554925,1.863945706088985e-26,2.2802133959183674e-26,1.6901265570375466e-26,2.6197165957940906e-27,1.7804128483772597,4353.568309074111,17962.237336875634,0.0,1.6692535768802087e-26,2.1005406589087755e-26,5.915578077663923e-27,4.314784101929744e-27,1008.2501178725578,8037.293900372895,1.2382735129010871e-26,1.0774582740899415e-26,1.0882088614531763e-26,4.5101948111670575e-27,0.003248703276587461,756.3336292452894,6704.689030354759,0.0,1.1618981033028426e-26,1.56109822046433e-26,3.940777886956612e-27,2.3138795673306114e-27,0.18313468391026327,5640.394099675816,0.0,2.2277850465750801e-26,1.0864033118155706e-26,5.5042799012934e-27,0.0034281183836518533,830.4049816809978,7738.06080641159,1.1055078870628487e-26,9.179702858352436e-27,8.445764649712764e-27,4.290934444649646e-27,0.0021825451308740574,778.1228732703615,8125.8129573178485,1.2758418101595448e-26,1.8190771519882652e-26,1.592530481262401e-26,3.546379309915032e-27,0.00425399930661642,878.9834920066309,8080.867609193377,0.0,1.555770823563842e-26,1.5961680898402548e-26,5.984142288385433e-27,1.860018299122716e-27,187.7119555387223,5554.930100546991,0.0,1.5312067060856283e-26,1.7898766229317342e-26,5.8847751025561966e-27,3.5881495452390565e-27,0.16639088643292432,1063.5024914997985,0.0,9.058806534975606e-27,1.0461124746562868e-26,2.593399659062286e-27,3.377689015487182e-27,0.23517378570085898,1052.4593150936944,2.4299992692374013e-26,8.548600383536015e-27,1.3616112028125055e-26,3.3741680471778095e-27,0.004312159120775125,824.9466317212831,6567.550137847493,9.458036396841261e-27,1.9574033407411774e-26,2.311361420517889e-26,2.8114203499595755e-27,0.0007191457804811701,956.9301702344062,9748.862735915567,1.5422118765843355e-26,1.3464680375825337e-26,2.0384179524716937e-26,0.042900737654293704,72.23492872865025,985.7955965948823,6024.533694297847,0.0,1.393856395481693e-26,1.3917698870588164e-26,4.7321905877507094e-27,3.857113716768214e-27,0.23569438221856515,1328.6843841473062,0.0,1.2036829898109587e-26,2.2906495384789605e-26,6.982798724045809e-27,5.6019088341359694e-27,151.37772125480666,5688.499863314685,2.4477242726642138e-26,2.04201462909346e-26,1.2868978073503277e-26,7.355816029205838e-27,1.953004860068455,2886.533974570664,7724.744189272217,1.0842965924144439e-26,1.9895081130339966e-26,1.3092761195565586e-26,6.793362142984555e-27,0.0021031178538926188,796.2366049922838,6068.463920531979,1.7163752451188372e-26,1.0023827131690134e-26
7.532702152170333e-27,1.5195800964540446e-26,1.5250984770655717e-26,34.41557563572467,682.2790160819225,8061.12849472145,12591.2985111439,1.6347967741617942e-26,1.3844714468661515e-26,1.871573315487592e-26,8.048014978534334e-27,4.0576254468465995,2630.0078262241536,7775.480749655762,9.24896219415693e-27,1.383174089803511e-26,1.2455874751334768e-26,4.777870640018671e-27,0.015855821752301803,24.383255993757867,6594.00230034888,6.864348889247353e-27,1.2039301129848925e-26,1.668183265466748e-26,0.12374330308499483,130.01922924800482,4808.604655208325,9954.126999761553,1.3050617169405104e-26,1.127377194547459e-26,1.3955314010298977e-26,2.774858454553692e-27,0.0073296964317346065,3178.5476772647685,8214.240399564553,9.846815283915309e-27,1.2328121215591282e-26,1.4787109546151928e-26,5.831437578614527e-27,0.020308903229288265,1021.9659415389408,9427.042382251771,0.0,1.1207355152678104e-26,1.140756595681462e-26,3.8120312033143925e-27,3.1833413053444302e-27,0.4765229464769947,1619.5479845977495,9.530350981929293e-27,1.5871420781362156e-26,1.751716675561026e-26,6.51378635728505e-27,3.8359181549352437,3223.5889261348198,7834.679002413081,0.0,1.7173077716657221e-26,1.5034413967313362e-26,6.595700404727595e-27,3.3049701223409725e-27,0.4148220351298529,1557.7002028121926,1.30637295988134e-26,2.0618782028698932e-26,2.0812323044476606e-26,5.394074631189902e-27,4.8928174874135095,275.01214260185753,4754.171677002671,1.2237393273944102e-26,1.5321834345116092e-26,1.453490280405941e-26,3.576680389108329e-27,0.01532907826584942,19.710745842286215,8753.16765596158,0.0,1.0874159934129497e-26,1.0942399873016229e-26,2.779324736068111e-27,0.016111788327499606,25.270104332755633,7038.457609110941,1.863945706088985e-26,2.2802133959183674e-26,1.6901265570375466e-26,2.6197165957940906e-27,4.247295356455063,4774.106484512462,19873.9299426343,0.0,1.9324398464748192e-26,2.1521820673528198e-26,6.271842250751743e-27,4.339908388721411e-27,1299.3800586175294,8468.465501329263,1.2382735129010871e-26,1.0774582740899415e-26,1.0882088614531763e-26,4.5101948111670575e-27,0.018003479438916208,973.890474033944,7075.030115592189,0.0,1.1618981033028426e-26,1.56109822046433e-26,3.940777886956612e-27,2.3138795673306114e-27,0.49299448949128,6143.843502109775,0.0,2.2277850465750801e-26,1.0864033118155706e-26,5.5042799012934e-27,0.01899775189658883,1068.3725246553397,8172.510956472514,1.2798100400494069e-26,9.437987504131892e-27,8.331392174546301e-27,4.255370972083898e-27,0.01507327201065325,1001.6470602004288,8572.410275739374,1.2758418101595448e-26,1.8190771519882652e-26,1.592530481262401e-26,3.546379309915032e-27,0.01983508996685753,1131.40734946491,8522.149517771824,0.0,1.3438845271514643e-26,1.544496556797736e-26,6.024521529434589e-27,1.8320544758844404e-27,277.99184662223826,6055.992992456926,0.0,1.5312067060856283e-26,1.813920146347491e-26,6.013799001624773e-27,3.4005495008140295e-27,0.46184209377690894,1309.6033566903845,0.0,9.058806534975606e-27,1.0461124746562868e-26,2.593399659062286e-27,3.377689015487182e-27,0.6330825922638369,1295.4881676695852,2.4299992692374013e-26,8.548600383536015e-27,1.3616112028125055e-26,3.3741680471778095e-27,0.02010627128663391,1062.3121501724488,6925.035405081362,8.169910737028451e-27,1.8544318274419638e-26,2.2697021024404785e-26,3.5791388790998744e-27,0.007634993395114618,1232.749014213644,9677.895101947583,1.7853678574038172e-26,1.3627782659387214e-26,2.078853319153391e-26,0.21968760097692167,120.1478075504108,1268.7253666759811,6362.06028460518,0.0,1.393856395481693e-26,1.3917698870588164e-26,4.7321905877507094e-27,3.857113716768214e-27,0.6344840264924303,1635.9005558883098,0.0,1.2036829898109587e-26,2.2906495384789605e-26,6.998811223770213e-27,5.6037521444939384e-27,224.1426763856815,6192.330272821799,2.4477242726642138e-26,2.0420826926351338e-26,1.2869076863663108e-26,7.355833879143198e-27,4.904733857803835,3375.732874957934,7900.589306845351,1.0842965924144439e-26,1.9895081130339966e-26,1.3092761195565586e-26,6.861956104528715e-27,0.014524724842447184,1024.623272780377,6396.197031455843,1.7163752451188372e-26,1.0023827131690134e-26
8.720360981469243e-27,1.5884681359863848e-26,1.5226819284254923e-26,65.32932284501521,903.2315363680495,8371.065030841055,13492.796141350065,1.6347967741617942e-26,1.3896615770238444e-26,1.8877099335941337e-26,8.074111826136617e-27,8.839907188027814,3036.2847400522064,7943.173063173996,9.24896219415693e-27,1.383174089803511e-26,1.2455874751334768e-26,4.777870640018671e-27,0.06459295170306475,42.676340816804206,6948.635800117947,7.946630439879733e-27,1.2585086017470256e-26,1.702801577513755e-26,0.5780243303219987,207.26855486600633,5237.661067040849,10584.474585494498,1.5108269341786574e-26,1.1143679379917889e-26,1.3771287619723646e-26,2.7397128232329724e-27,0.04058347888638411,3671.7499718153545,8423.37151329594,9.846815283915309e-27,1.2328121215591282e-26,1.4787109546151928e-26,5.831437578614527e-27,0.08273377601770061,1284.6404313909643,9696.67846123009,0.0,1.1207355152678104e-26,1.140756595681462e-26,3.8120312033143925e-27,3.1833413053444302e-27,1.1653000469258528,1961.3718034042347,9.530350981929293e-27,1.531355841001165e-26,1.7515660447705443e-26,6.549334307622067e-27,8.6194839814121,3723.3544334470107,8019.963841155546,0.0,1.483421149017209e-26,1.4960223490313918e-26,6.595988702579779e-27,3.300007511397692e-27,1.0697898653503815,1887.270569457211,1.1284530988708705e-26,1.9892485343492467e-26,2.065002538363325e-26,5.403676030542398e-27,10.627863544893856,393.639445101328,5128.96480207683,1.2237393273944102e-26,1.5321834345116092e-26,1.453490280405941e-26,3.576680389108329e-27,0.06244712053064619,34.49836672896175,9231.796064216127,0.0,1.0874159934129497e-26,1.0942399873016229e-26,2.779324736068111e-27,0.06563570034691932,44.22853064647983,7410.498419391693,1.863945706088985e-26,2.2802133959183674e-26,1.6901265570375466e-26,2.6197165957940906e-27,9.22570187818879,5194.022542707243,21882.273563454175,0.0,1.6692535751374387e-26,2.1005406588753483e-26,6.504907583892636e-27,4.3574935626722336e-27,1635.9803221245447,8913.443113226624,1.2382735129010871e-26,1.0774582740899415e-26,1.0882088614531763e-26,4.5101948111670575e-27,0.07718856566344492,1225.3996256754776,7460.368976308584,0.0,1.1618981033028426e-26,1.56109822046433e-26,3.940777886956612e-27,2.3138795673306114e-27,1.2055799326887537,6622.59416869568,0.0,2.2277850465750801e-26,1.0864033118155706e-26,5.5042799012934e-27,0.08145143413544124,1342.9711530175193,8625.99710553155,1.105507883285479e-26,9.423260070658506e-27,8.295572251788022e-27,4.239899198540136e-27,0.07152720818407753,1259.9763517670683,9036.386350248533,1.2758418101595448e-26,1.8190771519882652e-26,1.592530481262401e-26,3.546379309915032e-27,0.0808035703396446,1423.128527737254,8980.194699380354,0.0,1.555770822934828e-26,1.5961680898299e-26,6.096114565422414e-27,1.8230558868892573e-27,398.0494627710606,6530.7394733787305,0.0,1.5312067060856283e-26,1.789876604036593e-26,6.090060426783691e-27,2.981344587368833e-27,1.1523367516769587,1586.3822017725656,0.0,9.058806534975606e-27,1.0461124746562868e-26,2.593399659062286e-27,3.377689015487182e-27,1.5481545640711738,1569.1218568895456,2.4299992692374013e-26,8.548600383536015e-27,1.3616112028125055e-26,3.3741680471778095e-27,0.08190830033502298,1336.7401638378738,7295.89702151369,9.458036355883583e-27,1.9574033406265592e-26,2.3113614205161334e-26,4.2229049290277406e-27,0.04696450421240535,1551.4373756457712,9022.213304149738,1.5422118749742024e-26,1.3464680375602168e-26,2.0384179524716923e-26,0.8377268105899507,190.49140334309578,1595.4776960203728,6717.905262760641,0.0,1.393856395481693e-26,1.3917698870588164e-26,4.7321905877507094e-27,3.857113716768214e-27,1.551581663194949,1981.9589672287354,0.0,1.2036829898109587e-26,2.2906495384789605e-26,7.010565378634454e-27,5.605162416274561e-27,320.91408934420747,6672.579748208325,2.4477242726642138e-26,2.0421326066199468e-26,1.2869151331905203e-26,7.355847464886121e-27,11.021161873862573,3899.4322218975854,8092.174061729586,1.0842965924144439e-26,1.9895081130339966e-26,1.3092761195565586e-26,6.912477333962844e-27,0.0689241869242247,1288.5212410942124,6734.700240736382,1.7163752451188372e-26,1.0023827131690134e-26
7.53270212643212e-27,1.519580096383405e-26,1.510175539609994e-26,115.08382372201157,1165.9974862164015,8684.435193071393,14168.639179344123,1.6347967741617942e-26,1.384471433485247e-26,1.8715733149261205e-26,8.078943179721753e-27,17.733843811156326,3463.783636141113,8152.4156601996965,9.24896219415693e-27,1.383174089803511e-26,1.2455874751334768e-26,4.777870640018671e-27,0.22542539830585187,71.25894936033998,7268.447160544718,6.864348865792811e-27,1.2039301129289261e-26,1.6681832654657827e-26,2.015241113017554,316.2124132060364,5671.138536059672,11363.069449869849,1.3050617155779719e-26,1.0790072358961411e-26,1.402817854948235e-26,2.7452561852639335e-27,0.16778341163656446,4186.211688498735,8677.42273901124,9.846815283915309e-27,1.2328121215591282e-26,1.4787109546151928e-26,5.831437578614527e-27,0.28873575088922815,1580.5518242485975,10037.231129447586,0.0,1.1207355152678104e-26,1.140756595681462e-26,3.8120312033143925e-27,3.1833413053444302e-27,2.6196193861082073,2338.244355331315,9.530350981929293e-27,1.587142017616632e-26,1.694111096729979e-26,6.58436204369889e-27,17.667255368595256,4245.49253164212,8247.628978340479,0.0,1.7173077709713967e-26,1.5034413967204465e-26,6.602073747076835e-27,3.298427202229359e-27,2.496144926073857,2250.8751758395997,1.306372958152751e-26,2.0618782028285007e-26,2.071033729908387e-26,5.405710421144692e-27,21.29053286853627,546.429962766198,5487.439710657097,1.2237393273944102e-26,1.5321834345116092e-26,1.453490280405941e-26,3.576680389108329e-27,0.21793658050164555,57.60375235323684,9649.074018269477,0.0,1.0874159934129497e-26,1.0942399873016229e-26,2.779324736068111e-27,0.2290645264487336,73.85072303056391,7784.020536466298,1.863945706088985e-26,2.2802133959183674e-26,1.6901265570375466e-26,2.6197165957940906e-27,18.48161751825137,5620.962489936006,23987.26819933526,0.0,1.9324398456935138e-26,2.1521820673383588e-26,6.713800722250336e-27,4.176980473600637e-27,2015.1018708867468,9385.703025410696,1.2382735129010871e-26,1.0774582740899415e-26,1.0882088614531763e-26,4.5101948111670575e-27,0.273694511972822,1508.844339523543,7789.546078153235,0.0,1.1618981033028426e-26,1.56109822046433e-26,3.940777886956612e-27,2.3138795673306114e-27,2.710169429329373,7083.918111411276,0.0,2.2277850465750801e-26,1.0864033118155706e-26,5.5042799012934e-27,0.2888097521125896,1652.327335207087,9005.868834666411,1.2798100383559656e-26,9.290014855287766e-27,8.32121995105722e-27,4.219805702287545e-27,0.2660280287617658,1550.981422040376,9458.41931604007,1.2758418101595448e-26,1.8190771519882652e-26,1.592530481262401e-26,3.546379309915032e-27,0.28199945269699994,1751.740580284473,9387.867341608648,0.0,1.343884526722748e-26,1.5444965567901222e-26,6.106808339035353e-27,1.888856963664976e-27,552.8399338378202,6985.055952812277,0.0,1.5312067060856283e-26,1.813920138421813e-26,6.165624753417459e-27,2.778359400937655e-27,2.6254338982440966,1891.291133346745,0.0,9.058806534975606e-27,1.0461124746562868e-26,2.593399659062286e-27,3.377689015487182e-27,3.4802845150755273,1871.2469651459207,2.4299992692374013e-26,8.548600383536015e-27,1.3616112028125055e-26,3.3741680471778095e-27,0.285854891915414,1646.009979354614,7630.664291668899,8.169910709112983e-27,1.854431827358636e-26,2.2697021024391638e-26,4.70559560123608e-27,0.20519094922188094,1910.498224165003,9104.07071345439,1.7853678566819744e-26,1.362778265929113e-26,2.0788533191533897e-26,2.5908622740439315,289.48390792345754,1963.6219225271323,7013.734331421315,0.0,1.393856395481693e-26,1.3917698870588164e-26,4.7321905877507094e-27,3.857113716768214e-27,3.4879887070785713,2364.0969048700413,0.0,1.2036829898109587e-26,2.2906495384789605e-26,7.019191360037247e-27,5.606239499123571e-27,445.7154830944575,7137.2526740410785,2.4477242726642138e-26,2.042169210596504e-26,1.286920742480444e-26,7.355857799104291e-27,22.589946417216513,4446.503475356164,8327.114779513844,1.0842965924144439e-26,1.9895081130339966e-26,1.3092761195565586e-26,6.949644004024218e-27,0.25634672521076907,1585.6658868585575,7085.220256778413,1.7163752451188372e-26,1.0023827131690134e-26
8.720360969930488e-27,1.5884681359555628e-26,0.22439224937752614,190.26703330437113,1472.8514205466108,8997.497228443965,9948.520155432321,1.6347967741617942e-26,1.389661571438027e-26,1.887709933356007e-26,0.005907077439251884,33.13376801612968,3895.61096235863,8423.055566312349,9.24896219415693e-27,1.383174089803511e-26,1.2455874751334768e-26,4.777870640018671e-27,0.6808083955002588,113.9513698233947,7493.377787432879,7.946630429364775e-27,1.258508601722606e-26,1.7028015775133327e-26,5.692514120365476,463.17398107431694,6117.441686916423,8676.474951101545,1.5108269335678145e-26,1.0942028041372721e-26,1.3801086543433902e-26,3.452236849421607e-27,0.5602093696235619,4702.7764982792,8996.980059485355,9.846815283915309e-27,1.2328121215591282e-26,1.4787109546151928e-26,5.831437578614527e-27,0.8720123143344409,1907.7426305786755,10466.314891789674,0.0,1.1207355152678104e-26,1.140756595681462e-26,3.8120312033143925e-27,0.0006977532917820799,5.468598530206133,2745.081441648421,9.530350981929293e-27,1.531355797407085e-26,1.659369659365011e-26,0.0006940735734709875,33.511610010341066,4770.368035243185,8537.521097127967,0.0,1.4834211485439786e-26,1.496022349023253e-26,6.600662288153012e-27,4.089646910860693e-05,5.351142922148265,2643.5410710773563,1.1284530976927182e-26,1.9892485343188397e-26,2.075838022824519e-26,5.397322884108032e-27,39.75340084389519,737.938072774533,5831.732177011571,1.2237393273944102e-26,1.5321834345116092e-26,1.453490280405941e-26,3.576680389108329e-27,0.6581913786432598,92.11529196152597,9942.734884132977,0.0,1.0874159934129497e-26,1.0942399873016229e-26,2.779324736068111e-27,0.6917989449707266,118.09588442503636,8052.198964503445,1.863945706088985e-26,2.2802133959183674e-26,1.6901265570375466e-26,0.01189750593977754,34.50863132375481,6064.080952229987,26188.91385027756,0.0,1.6692535746049254e-26,2.100540658864661e-26,6.833404711030663e-27,9.90380784244266e-05,2433.3477032180854,9728.174521738865,1.2382735129010871e-26,1.0774582740899415e-26,1.0882088614531763e-26,4.5101948111670575e-27,0.8307123573773932,1821.9316626347609,8020.596166304412,0.0,1.1618981033028426e-26,1.56109822046433e-26,3.940777886956612e-27,0.000695457575649388,5.65762669051652,7530.316207174564,0.0,2.2277850465750801e-26,1.0864033118155706e-26,5.5042799012934e-27,0.8765898456701715,1994.4430172755851,9271.935529653401,1.1055078821312824e-26,8.98248321544952e-27,8.406013286863855e-27,4.207160424986223e-27,0.8263327494063692,1872.2316332237376,9756.463007785824,1.2758418101595448e-26,1.8190771519882652e-26,1.592530481262401e-26,3.546379309915032e-27,0.8516679857968079,2114.4931425309583,9674.641406081473,0.0,1.5557708227426295e-26,1.5961680898265988e-26,6.156759929104241e-27,0.00011304431938195976,747.0973865111059,7421.818954893606,0.0,1.5312067060856283e-26,1.7898765982630778e-26,6.20191358565315e-27,0.00026754178505822735,5.530569585919398,2220.1220151349844,0.0,9.058806534975606e-27,1.0461124746562868e-26,2.593399659062286e-27,0.0008313090662847496,7.2652839892578225,2197.7095906353065,2.4299992692374013e-26,8.548600383536015e-27,1.3616112028125055e-26,3.3741680471778095e-27,0.8633118174500612,1987.5914182236172,7865.350125732097,9.458036343368736e-27,1.9574033405900776e-26,2.3113614205155592e-26,5.100283740800846e-27,0.7063779351565087,2307.1385381372847,9326.018758712742,1.542211874482217e-26,1.346468037553065e-26,2.0384179524716914e-26,6.811916717986171,422.84401083188305,2370.475146506519,7222.326315698429,0.0,1.393856395481693e-26,1.3917698870588164e-26,4.7321905877507094e-27,0.0008499337666872507,7.2813669108026575,2777.0359674786214,0.0,1.2036829898109587e-26,2.2906495384789605e-26,7.025520450435372e-27,0.00011749740421954991,602.4085024024126,7588.608824223198,2.4477242726642138e-26,2.04219605372114e-26,1.2869249647003309e-26,0.000866794989797193,42.84907070703944,4996.124445908655,8625.17774398864,1.0842965924144439e-26,1.9895081130339966e-26,1.3092761195565586e-26,6.976962895338727e-27,0.7962608121808845,1913.4430294934705,7338.662902383901,1.7163752451188372e-26,1.0023827131690134e-26
7.532702118567665e-27,1.5195800963608795e-26,1.0154457901964677,297.9558639161847,1826.004602773319,9345.841635569996,9867.89565964721,1.6347967741617942e-26,1.3844714293966374e-26,1.8715733147503884e-26,0.05335779839953139,58.18870211910378,4325.352325853273,8769.041487991213,9.24896219415693e-27,1.383174089803511e-26,1.2455874751334768e-26,4.777870640018671e-27,1.8113057837484776,175.0750955275339,7652.963849904019,6.864348858626145e-27,1.2039301129110796e-26,1.6681832654654673e-26,13.730557602767147,653.5492778370408,6586.05556866827,7627.049172976649,1.3050617151616402e-26,1.1009705338299664e-26,1.3950384000461637e-26,4.042929420910864e-27,1.5869049539345983,5213.004219751858,9396.539985659238,9.846815283915309e-27,1.2328121215591282e-26,1.4787109546151928e-26,5.831437578614527e-27,2.3200080358780277,2264.7328146728228,10996.17373625925,0.0,1.1207355152678104e-26,1.140756595681462e-26,3.8120312033143925e-27,0.0033888701401582656,10.691654906701366,3176.457394292892,9.530350981929293e-27,1.587141999124537e-26,1.6560369179350235e-26,0.015424119343089333,59.48532693501333,5288.771310598992,8903.607643069265,0.0,1.7173077707592418e-26,1.503441396716957e-26,5.507099489780947e-27,0.0006003970198246641,10.665249292235847,3059.8560508667715,1.306372957624571e-26,2.061878202815288e-26,2.0896336059315153e-26,3.552550251380603e-27,69.79577376083304,972.4157625904423,6168.7624496435565,1.2237393273944102e-26,1.5321834345116092e-26,1.453490280405941e-26,3.576680389108329e-27,1.7511327105093715,141.52165097108832,10170.871105300157,0.0,1.0874159934129497e-26,1.0942399873016229e-26,2.779324736068111e-27,1.8405463835325495,181.44396972240787,8211.18209051416,1.863945706088985e-26,2.2802133959183674e-26,1.6901265570375466e-26,0.0561894852653873,60.58743588068804,6533.069718830323,28487.210516281073,0.0,1.9324398454547814e-26,2.1521820673337398e-26,6.957697618491068e-27,0.0008360336113971762,2887.8372385940716,9916.06472470468,1.2382735129010871e-26,1.0774582740899415e-26,1.0882088614531763e-26,4.5101948111670575e-27,2.2133487412703223,2162.768054337212,8207.864569841196,0.0,1.1618981033028426e-26,1.56109822046433e-26,3.940777886956612e-27,0.0033777202338186366,11.061223791036962,7970.372367904314,0.0,2.2277850465750801e-26,1.0864033118155706e-26,5.5042799012934e-27,2.335584651286203,2367.8247085578205,9495.013212430371,1.2798100378385255e-26,9.106393532165363e-27,8.451616857923614e-27,4.204965575908862e-27,2.2271756324434704,2221.704071266283,9965.063720171835,1.2758418101595448e-26,1.8190771519882652e-26,1.592530481262401e-26,3.546379309915032e-27,2.265881500144566,2509.094744775922,9883.442180090766,0.0,1.3438845265917513e-26,1.5444965567876966e-26,6.151291150087603e-27,0.0017028348897467275,985.109453208395,7849.886009534166,0.0,1.5312067060856283e-26,1.8139201360000783e-26,6.2480558825177805e-27,0.0017329119261087918,10.87979809264325,2568.4196640868304,0.0,9.058806534975606e-27,1.0461124746562868e-26,2.593399659062286e-27,0.0040375280276784935,14.204353964415038,2543.8474799580104,2.4299992692374013e-26,8.548600383536015e-27,1.3616112028125055e-26,3.3741680471778095e-27,2.2968601716150485,2359.387531294988,8028.6416852614775,8.169910700583256e-27,1.8544318273321322e-26,2.2697021024387348e-26,5.375005511133246e-27,2.0366295024108423,2739.0962578858534,9736.219361654568,1.7853678564614113e-26,1.3627782659260377e-26,2.0788533191533897e-26,15.722293875271664,595.5206008995366,2813.915788740881,7402.062238147435,0.0,1.393856395481693e-26,1.3917698870588164e-26,4.7321905877507094e-27,0.0041279850585617135,14.235797678210963,3214.8979845871804,0.0,1.2036829898109587e-26,2.2906495384789605e-26,7.030163596083027e-27,0.0017699136095710522,794.2231070296705,8035.0562396615705,2.4477242726642138e-26,2.0422157387913285e-26,1.286928140736831e-26,0.019262438276921777,76.05993800605822,5545.7166762654415,9000.264215431785,1.0842965924144439e-26,1.9895081130339966e-26,1.3092761195565586e-26,6.997030808194297e-27,2.1461241603129855,2269.642165540229,7483.733209240418,1.7163752451188372e-26,1.0023827131690134e-26
8.720360966404754e-27,1.5884681359457442e-26,3.8751115640052367,445.34278329851486,2212.9484203400875,9755.548836778311,11275.753805176997,1.6347967741617942e-26,1.3896615697312494e-26,1.8877099332815004e-26,0.27323648414307367,96.78482566345158,4748.794173675157,8808.299200715723,9.24896219415693e-27,1.383174089803511e-26,1.2455874751334768e-26,4.777870640018671e-27,4.320992544761169,259.23979915317034,7845.11531995593,7.94663042615187e-27,1.2585086017148268e-26,1.702801577513195e-26,29.284125658843184,891.7798483822077,6967.869825185668,8733.145291765668,1.510826933381168e-26,1.1301792862177435e-26,1.371466041840173e-26,4.48631759532117e-27,3.9434142595169326,5716.759089234336,9280.931107208344,9.846815283915309e-27,1.2328121215591282e-26,1.4787109546151928e-26,5.831437578614527e-27,5.534536198558769,2650.8974927861213,10716.959143980483,0.0,1.1207355152678104e-26,1.140756595681462e-26,3.8120312033143925e-27,0.01580125883224859,19.717686236559217,3627.860209087923,9.530350981929293e-27,1.5313557840866717e-26,1.643617267369852e-26,0.12301708663628379,99.69830123569045,5800.144015795004,8896.873794208335,0.0,1.48342114839938e-26,1.4960223490206476e-26,5.074218654780359e-27,0.005719181921450652,19.948106729721143,3495.2365464644618,1.1284530973327275e-26,1.9892485343091422e-26,2.0894855778657307e-26,2.900017102479897e-27,116.08269327155223,1251.3795286615607,6508.147275797014,1.2237393273944102e-26,1.5321834345116092e-26,1.453490280405941e-26,3.576680389108329e-27,4.177445605754815,209.53346510830104,10451.5940485903,0.0,1.0874159934129497e-26,1.0942399873016229e-26,2.779324736068111e-27,4.390747974686375,268.67653695720935,8387.123111736557,1.863945706088985e-26,2.2802133959183674e-26,1.6901265570375466e-26,0.24203257067987172,100.76760176838255,6913.885688256363,30882.158197345794,0.0,1.669253574442213e-26,2.1005406588612507e-26,7.013408924468206e-27,0.006411087097528299,3376.831314651881,10113.600203509292,1.2382735129010871e-26,1.0774582740899415e-26,1.0882088614531763e-26,4.5101948111670575e-27,5.281682470984121,2530.2924107106983,8441.664995530413,0.0,1.1618981033028426e-26,1.56109822046433e-26,3.940777886956612e-27,0.015749270249407386,20.39924988294641,8416.108927671354,0.0,2.2277850465750801e-26,1.0864033118155706e-26,5.5042799012934e-27,5.57337227621794,2771.86997770192,9721.06622494848,1.1055078817786115e-26,9.179702857736468e-27,8.445764649698002e-27,4.214168963278937e-27,5.345932269582668,2598.2397458340342,10214.022411802354,1.2758418101595448e-26,1.8190771519882652e-26,1.592530481262401e-26,3.546379309915032e-27,5.40541368403006,2934.2297920776177,10137.23827904767,0.0,1.555770822683902e-26,1.596168089825548e-26,4.613007050373464e-27,0.011760257838112813,1268.2951221701155,8281.470161086754,0.0,1.5312067060856283e-26,1.7898765964989478e-26,6.262486601119422e-27,0.010427139173616437,20.15003908091792,2932.4931734598886,0.0,9.058806534975606e-27,1.0461124746562868e-26,2.593399659062286e-27,0.01882575099346631,26.195850605673257,2905.6137101388626,2.4299992692374013e-26,8.548600383536015e-27,1.3616112028125055e-26,3.3741680471778095e-27,5.479315401604003,2760.21136102138,8224.89838352701,9.458036339544754e-27,1.957403340578484e-26,2.3113614205153723e-26,5.606335495441377e-27,5.114746962752868,3205.1648434015015,10315.345837999177,1.542211874331888e-26,1.3464680375507784e-26,2.0384179524716914e-26,32.61506229191506,811.6627520055905,3292.8949225551296,7584.535786947116,0.0,1.393856395481693e-26,1.3917698870588164e-26,4.7321905877507094e-27,0.019247524298155162,26.253839503383663,3672.6061736814095,0.0,1.2036829898109587e-26,2.2906495384789605e-26,7.033569544381852e-27,0.012223522389076515,1022.1222229008233,8488.4946337958,2.4477242726642138e-26,2.0422301745697646e-26,1.2869305283069873e-26,0.15363010267422225,127.47759829210105,6090.481354351765,8977.923304056438,1.0842965924144439e-26,1.9895081130339966e-26,1.3092761195565586e-26,7.011765593916015e-27,5.151382870762089,2652.9452734461092,7639.993466301,1.7163752451188372e-26,1.0023827131690134e-26
7.532702116164639e-27,1.5195800963537092e-26,11.879561869125627,639.3972335383239,2622.1105474456745,10245.452457771336,12777.458870194834,1.6347967741617942e-26,1.3844714281473398e-26,1.871573314695418e-26,1.0419228367013627,153.44996832515844,5167.958122800116,8529.465856500576,9.24896219415693e-27,1.383174089803511e-26,1.2455874751334768e-26,4.777870640018671e-27,9.385782172002035,371.1278632534093,8053.024528206242,6.864348856436331e-27,1.203930112905399e-26,1.668183265465364e-26,56.585681422497906,1181.5258524873805,7234.9299889043805,9914.109097444034,1.305061715034428e-26,1.1273771945063604e-26,1.3955314010295263e-26,4.839382579703027e-27,8.80369033330057,6219.580495667087,8676.531060578624,9.846815283915309e-27,1.2328121215591282e-26,1.4787109546151928e-26,5.831437578614527e-27,12.021763667635193,3066.632891292904,10086.594777871442,0.0,1.1207355152678104e-26,1.140756595681462e-26,3.8120312033143925e-27,0.06437067498257353,34.510514025101145,4096.445346970953,9.530350981929293e-27,1.5871419934741749e-26,1.6494709016325572e-26,0.5912367717267941,158.93138189194434,6309.865065005058,8306.980431644788,0.0,1.7173077706944168e-26,1.503441396715841e-26,4.9054085286292595e-27,0.03442087535893091,35.27906272163403,3946.699066669228,1.3063729574631828e-26,2.061878202811078e-26,2.0812323044465143e-26,2.6549913022204886e-27,184.05015708093913,1573.7137052945072,6860.704005726613,1.2237393273944102e-26,1.5321834345116092e-26,1.453490280405941e-26,3.576680389108329e-27,9.073978740958182,299.9041896253033,10752.679453372888,0.0,1.0874159934129497e-26,1.0942399873016229e-26,2.779324736068111e-27,9.53730043170981,384.6547614244225,8579.050015151217,1.863945706088985e-26,2.2802133959183674e-26,1.6901265570375466e-26,0.8755590181938896,159.7679413825711,7181.554159532892,33373.75689347173,0.0,1.9324398453818356e-26,2.1521820673322676e-26,7.090659223875037e-27,0.0358086309108965,3900.0370382786555,10329.428334237611,1.2382735129010871e-26,1.0774582740899415e-26,1.0882088614531763e-26,4.5101948111670575e-27,11.471837961807855,2924.4826433643398,8692.044970027417,0.0,1.1618981033028426e-26,1.56109822046433e-26,3.940777886956612e-27,0.06415888551666207,35.7034081352647,8881.092221248287,0.0,2.2277850465750801e-26,1.0864033118155706e-26,5.5042799012934e-27,12.105389524049,3207.0354319058415,9988.176360635995,1.2798100376804188e-26,9.437987503666697e-27,8.331392174540055e-27,4.511585755793526e-27,11.646601125621455,3001.762915275166,10483.186073935287,1.2758418101595448e-26,1.8190771519882652e-26,1.592530481262401e-26,3.546379309915032e-27,11.74129204397159,3389.807526774658,10411.477466135142,0.0,1.3438845265517248e-26,1.544496556786925e-26,3.994691884556853e-27,0.05580595972067294,1595.507427032215,8730.262430153707,0.0,1.5312067060856283e-26,1.813920135260103e-26,6.2926118476891656e-27,0.04971627310653965,35.370838845594655,3310.019599785861,0.0,9.058806534975606e-27,1.0461124746562868e-26,2.593399659062286e-27,0.07669175673713906,45.848800862362125,3280.27319416524,2.4299992692374013e-26,8.548600383536015e-27,1.3616112028125055e-26,3.3741680471778095e-27,11.901816603109523,3190.014101812637,8437.957373457251,8.16991069797695e-27,1.8544318273237155e-26,2.2697021024385944e-26,5.75340038785164e-27,11.493070950354733,3705.438230326249,11048.100619245544,1.785367856394017e-26,1.3627782659250557e-26,2.0788533191533897e-26,61.9115006714294,1074.7564921104924,3807.6703422307537,7799.332890031322,0.0,1.393856395481693e-26,1.3917698870588164e-26,4.7321905877507094e-27,0.07840996365980185,45.95029485327591,4146.749764705789,0.0,1.2036829898109587e-26,2.2906495384789605e-26,7.036067764039609e-27,0.058004289317417336,1285.220342232182,8962.410351298435,2.4477242726642138e-26,2.042240760839711e-26,1.2869323220743096e-26,0.738367071020959,203.21500572947508,6633.220393985893,8368.732654510948,1.0842965924144439e-26,1.9895081130339966e-26,1.3092761195565586e-26,7.022580953541317e-27,11.222757512752377,3063.1658091622635,7810.248943425865,1.7163752451188372e-26,1.0023827131690134e-26
8.72036096532745e-27,1.588468135942622e-26,30.184854959911608,886.6018486003184,3047.545504611702,10535.800342911241,14373.01085470072,1.6347967741617942e-26,1.389661569209734e-26,1.8877099332582012e-26,3.2223853121918844,233.19318206444228,5588.94714033931,8324.187424948097,9.24896219415693e-27,1.383174089803511e-26,1.2455874751334768e-26,4.777870640018671e-27,18.802302361695144,515.3178122333319,8303.925965508366,7.946630425170152e-27,1.2585086017123531e-26,1.7028015775131502e-26,100.83929491149257,1525.9249606879368,7503.789606796764,11169.940590011749,1.5108269333241373e-26,1.1143679379744403e-26,1.3771287619720857e-26,5.0852715994426606e-27,17.97159544918931,6730.526106336021,8783.418385700941,9.846815283915309e-27,1.2328121215591282e-26,1.4787109546151928e-26,5.831437578614527e-27,24.082898074705913,3497.515337420268,10251.553095632906,0.0,1.1207355152678104e-26,1.140756595681462e-26,3.8120312033143925e-27,0.22464966632690078,57.6118278868131,4581.361565044392,9.530350981929293e-27,1.5313557800165457e-26,1.6762884762903158e-26,2.0779997510124786,242.46257912173718,6827.016104866923,8331.83151700029,0.0,1.4834211483551975e-26,1.4960223490198147e-26,4.829630755290921e-27,0.14957262101564087,59.35997065672669,4413.20434206386,1.1284530972227306e-26,1.989248534306054e-26,2.065002538362825e-26,2.5560114128646255e-27,279.7122806082467,1936.8369298054554,7178.354396341015,1.2237393273944102e-26,1.5321834345116092e-26,1.453490280405941e-26,3.576680389108329e-27,18.177674357287675,416.28524667828304,11110.4001806393,0.0,1.0874159934129497e-26,1.0942399873016229e-26,2.779324736068111e-27,19.10583509664843,534.1370052091138,8816.560042409026,1.863945706088985e-26,2.2802133959183674e-26,1.6901265570375466e-26,2.66143668061044,242.80911226036542,7451.272717667196,35962.00660465888,0.0,1.6692535743924953e-26,2.1005406588601647e-26,7.111178800212508e-27,0.15125038940989066,4448.507086795808,10599.525748446811,1.2382735129010871e-26,1.0774582740899415e-26,1.0882088614531763e-26,4.5101948111670575e-27,22.977764219308416,3334.72297380444,8988.182795337001,0.0,1.1618981033028426e-26,1.56109822046433e-26,3.940777886956612e-27,0.2239105342164944,59.61081932238721,9268.856340916973,0.0,2.2277850465750801e-26,1.0864033118155706e-26,5.5042799012934e-27,24.246749927301916,3658.587767584643,10323.819415978181,1.1055078816708512e-26,9.423260070312373e-27,8.295572251785323e-27,4.735546606700165e-27,23.36438617504175,3422.240441306076,10808.146901945993,1.2758418101595448e-26,1.8190771519882652e-26,1.592530481262401e-26,3.546379309915032e-27,23.521036295329736,3865.644766225952,10741.305298318495,0.0,1.5557708226659577e-26,1.596168089825214e-26,3.791444651102522e-27,0.20755667436989214,1964.1945538866257,9109.860040852689,0.0,1.5312067060856283e-26,1.7898765959599084e-26,6.295183141103679e-27,0.18989428806718295,59.161129413194416,3700.301054426382,0.0,9.058806534975606e-27,1.0461124746562868e-26,2.593399659062286e-27,0.26764947805327705,76.5456534150254,3666.727054177117,2.4299992692374013e-26,8.548600383536015e-27,1.3616112028125055e-26,3.3741680471778095e-27,23.842611124372052,3638.23588162131,8696.299097913745,9.458036338376319e-27,1.957403340574805e-26,2.3113614205153112e-26,5.888374587746412e-27,23.557212924483657,4224.934263705613,11922.131979820171,1.5422118742859544e-26,1.3464680375500486e-26,2.0384179524716914e-26,109.06300447257166,1387.8338735782222,4340.5036144184405,8067.815077777864,0.0,1.393856395481693e-26,1.3917698870588164e-26,4.7321905877507094e-27,0.2736459137277587,76.7034128508488,4635.982597822807,0.0,1.2036829898109587e-26,2.2906495384789605e-26,7.037900073712514e-27,0.21573282585176554,1581.6674253137428,9348.10691624272,2.4477242726642138e-26,2.0422485241217764e-26,1.286933668950655e-26,2.5951136044129117,310.020801548851,7181.692733177755,8385.833082715579,1.0842965924144439e-26,1.9895081130339966e-26,1.3092761195565586e-26,7.0305175144293e-27,22.514108420863806,3494.2883389085805,8021.637117968344,1.7163752451188372e-26,1.0023827131690134e-26
7.532702115430381e-27,1.5195800963514302e-26,66.04642882671689,1185.8002876138733,3487.9680813772025,10263.10858898721,16062.40975869466,1.6347967741617942e-26,1.38447142776561e-26,1.8715733146782315e-26,8.472322361486002,340.62361912535135,6020.251073039453,8638.282196306436,9.24896219415693e-27,1.383174089803511e-26,1.2455874751334768e-26,0.011810141416610782,35.10740981392696,696.1685946226415,8617.340864562226,6.864348855767222e-27,1.2039301129035933e-26,0.02772380809794453,167.98305274650895,1927.8459409823388,7772.381144445273,12500.63976946881,1.3050617149955577e-26,1.0790072358887953e-26,1.40281785494811e-26,0.002111794062922281,34.00101888516844,7260.525872069713,9005.470359760357,9.846815283915309e-27,1.2328121215591282e-26,1.4787109546151928e-26,0.013396251639596473,44.96726815425517,3928.8682046849817,10521.645959138717,0.0,1.1207355152678104e-26,1.140756595681462e-26,3.8120312033143925e-27,0.6784656033929919,92.08873267151012,5083.758362131411,9.530350981929293e-27,1.5871419917476756e-26,1.7050543263443946e-26,5.884517987602156,355.1394770925723,7362.671075903315,8522.468749659645,0.0,1.7173077706746094e-26,1.5034413967154845e-26,4.804493374913492e-27,0.5141425009623282,95.45815981489837,4895.681315917783,1.3063729574138698e-26,2.061878202809739e-26,2.0710337299081677e-26,0.011325147409892558,408.60102660990265,2337.81448508872,7402.785587222768,1.2237393273944102e-26,1.5321834345116092e-26,1.453490280405941e-26,0.013629396719626093,33.94111268125965,562.1338489399162,11550.809185305321,0.0,1.0874159934129497e-26,1.0942399873016229e-26,0.011306198261080746,35.674162114414194,721.6585213564692,9120.827537932515,1.863945706088985e-26,2.2802133959183674e-26,1.6901265570375466e-26,6.956662646368171,354.6917200080925,7720.501431676167,38646.907330907256,0.0,1.9324398453595469e-26,2.1521820673317998e-26,7.162683379623736e-27,0.513769159881405,5000.795966830237,10949.6089775311,1.2382735129010871e-26,1.0774582740899415e-26,1.0882088614531763e-26,0.01321673056852487,42.89719949381946,3745.9290869690626,9351.043725738127,0.0,1.1618981033028426e-26,1.56109822046433e-26,3.940777886956612e-27,0.6762333467354542,95.30969504266328,9539.79451412325,0.0,2.2277850465750801e-26,1.0864033118155706e-26,0.013351752634451777,45.266269545676806,4110.674654758159,10747.495932917986,1.2798100376321085e-26,9.290014855141846e-27,8.321219951056018e-27,0.004552899960653841,43.65382708942594,3844.1604241324435,11214.422299322068,1.2758418101595448e-26,1.8190771519882652e-26,1.592530481262401e-26,0.010538790352565166,43.91816728522933,4343.7754062641925,11151.923588937547,0.0,1.3438845265394944e-26,1.54449655678668e-26,3.667521994570221e-27,0.6447098006477812,2371.497470884861,9374.89604334113,0.0,1.5312067060856283e-26,1.813920135034e-26,6.316638513040591e-27,0.6040182070290556,94.68765167869523,4104.264984349272,0.0,9.058806534975606e-27,1.0461124746562868e-26,2.593399659062286e-27,0.8083295541645686,122.37361030888019,4065.5550959713514,2.4299992692374013e-26,8.548600383536015e-27,1.3616112028125055e-26,0.010886668542067502,44.51860754471763,4087.9957873561175,9020.321741798954,8.169910697180581e-27,1.8544318273210463e-26,2.269702102438549e-26,0.0007052558380813926,44.68380152919203,4745.104827707153,8489.84726478142,1.7853678563734246e-26,1.3627782659247426e-26,0.20023345206085633,180.31286790037876,1753.6790701916073,4873.626723023259,8405.156357915133,0.0,1.393856395481693e-26,1.3917698870588164e-26,4.7321905877507094e-27,0.8264394201376948,122.59596299276599,5141.069701108848,0.0,1.2036829898109587e-26,2.2906495384789605e-26,7.03924391908504e-27,0.6701064543951916,1909.4660795209336,9568.140636670492,2.4477242726642138e-26,2.042254217204669e-26,1.2869346797209647e-26,7.348890526862809,454.09051334665105,7746.541219330489,8575.308975901655,1.0842965924144439e-26,1.9895081130339966e-26,1.3092761195565586e-26,0.005790214765574323,42.06517512224845,3929.3544669456332,8293.57231481334,1.7163752451188372e-26
8.720360964998273e-27,1.5884681359416303e-26,128.3983484230965,1535.9134794578529,3945.5749886278427,9960.519775118368,17845.65558217665,1.6347967741617942e-26,1.3896615690503821e-26,1.8877099332509187e-26,19.554605184999726,479.64637850173585,6471.493663948031,8913.453867827802,9.24896219415693e-27,1.383174089803511e-26,1.2455874751334768e-26,0.05577688050502969,61.63872223973486,917.7663872828788,9007.017303467108,7.946630424870181e-27,1.2585086017115672e-26,0.4066605989599619,264.37063005497174,2390.0854541556737,8071.5557053766,13906.206635815219,1.5108269333067113e-26,1.094202804134092e-26,1.3801086543432966e-26,0.02691420918911724,60.25450896684046,7821.197974226732,9408.554574598038,9.846815283915309e-27,1.2328121215591282e-26,1.4787109546151928e-26,0.06326775442891061,78.94985606543587,4354.888788601819,11001.146246292186,0.0,1.1207355152678104e-26,1.140756595681462e-26,3.8120312033143925e-27,1.8050727335656949,141.41451972947812,5588.435589274332,9.530350981929293e-27,1.531355778772896e-26,1.7172868781195885e-26,14.204574355220299,501.0680660793198,7928.662581605533,8887.449019049101,0.0,1.4834211483416974e-26,1.4960223490195493e-26,4.787783044024575e-27,1.48178603508291,147.27373338164023,5380.679039917452,1.1284530971891205e-26,1.989248534305073e-26,2.0758380228243517e-26,0.053486353084215676,575.4268393403688,2774.226235446753,7563.844665870567,1.2237393273944102e-26,1.5321834345116092e-26,1.453490280405941e-26,0.06436885091967642,59.59103300858676,740.6743853745778,12092.292959820892,0.0,1.0874159934129497e-26,1.0942399873016229e-26,0.05339686013307417,62.633779631140754,951.4751492187848,9506.738278302239,1.863945706088985e-26,2.2802133959183674e-26,1.6901265570375466e-26,16.02601204208514,499.5690450246531,8019.922055181035,41428.45907221683,0.0,1.669253574377304e-26,2.1005406588598192e-26,7.164037104271177e-27,1.472806632626672,5550.4676979015485,11397.740487614585,1.2382735129010871e-26,1.0774582740899415e-26,1.0882088614531763e-26,0.062419913156247835,75.3056420269972,4151.803014492643,9795.42804948999,0.0,1.1618981033028426e-26,1.56109822046433e-26,3.940777886956612e-27,1.7991337653900437,146.41249031757874,9768.60038679604,0.0,2.2277850465750801e-26,1.0864033118155706e-26,0.06305759473608968,79.4645228716023,4556.8846804077175,11272.782345546122,1.1055078816379246e-26,8.982483215387773e-27,8.406013286862923e-27,0.0411257039935929,76.66376910796603,4261.018622654451,11719.988717957709,1.2758418101595448e-26,1.8190771519882652e-26,1.592530481262401e-26,0.04977254966106453,77.10793046026933,4822.831119656053,11661.088307750388,0.0,1.5557708226604743e-26,1.596168089825108e-26,3.6570136277436036e-27,1.7376558765603458,2815.0993920646342,9592.305898560557,0.0,1.5312067060856283e-26,1.7898765957952015e-26,6.3128018152605195e-27,1.6566119043925391,145.56210974840633,4512.290202788905,0.0,9.058806534975606e-27,1.0461124746562868e-26,2.593399659062286e-27,2.150578644902429,187.9650209227501,4469.135096678232,2.4299992692374013e-26,8.548600383536015e-27,1.3616112028125055e-26,0.05141550714327527,78.16213441813227,4539.091916716643,9424.378265660267,9.458036338019296e-27,1.9574033405736396e-26,2.3113614205152917e-26,0.01567261833580769,79.31670671277855,5258.380066370837,7912.446045349001,1.542211874271919e-26,1.3464680375498164e-26,0.9061196031312341,282.3677617578532,2172.995911553417,5400.1551530424795,8821.931175276979,0.0,1.393856395481693e-26,1.3917698870588164e-26,4.7321905877507094e-27,2.1987603435959326,188.2738005537251,5650.339250472621,0.0,1.2036829898109587e-26,2.2906495384789605e-26,7.040229487225337e-27,1.8061062779421455,2267.091497552414,9788.450405817504,2.4477242726642138e-26,2.0422583921371672e-26,1.2869354378638461e-26,17.739407397025104,640.7659292861091,8339.761932337147,8940.29382268225,1.0842965924144439e-26,1.9895081130339966e-26,1.3092761195565586e-26,0.052302194330240824,73.87381790036339,4362.556736153181,8639.70347875501,1.7163752451188372e-26
7.532702115206025e-27,1.5195800963507073e-26,227.14131891627915,1936.785939535626,4424.925850467884,10306.778080737397,19722.748325146687,1.6347967741617942e-26,1.3844714276489706e-26,1.8715733146728611e-26,40.56498824294829,653.4453499897622,6860.281249079453,9357.888486601038,9.24896219415693e-27,1.383174089803511e-26,1.2455874751334768e-26,0.24025530238222578,102.51607657397717,1181.5875095173799,8826.592083417683,6.864348855562772e-27,1.2039301129030206e-26,2.312820055218778,396.4347864181136,2896.677710276389,8423.92385763752,15386.641189050979,1.3050617149836805e-26,1.1009705338275693e-26,1.395038400046123e-26,0.17592272008134247,100.88066949928938,8271.789195518275,9974.174584040045,9.846815283915309e-27,1.2328121215591282e-26,1.4787109546151928e-26,0.27252175693097985,131.30754817450136,4776.285864055056,11668.69902007451,0.0,1.1207355152678104e-26,1.140756595681462e-26,3.8120312033143925e-27,4.306123181668218,209.31140582461364,6077.089014099302,9.530350981929293e-27,1.5871419912201337e-26,1.7353267085723054e-26,30.30066477360575,683.5943871204781,8393.625008933279,9408.768708343428,0.0,1.717307770668557e-26,1.503441396715371e-26,4.787080234637898e-27,3.721049025180921,218.76369745659724,5850.289692914134,1.306372957398802e-26,2.0618782028093137e-26,2.0896336059313896e-26,0.23038900378107535,784.0560197812939,3244.7232965356143,7757.56968679234,1.2237393273944102e-26,1.5321834345116092e-26,1.453490280405941e-26,0.27726465879186973,99.11040789052151,953.10076707094,11766.761441652736,0.0,1.0874159934129497e-26,1.0942399873016229e-26,0.23000351868688323,104.1710326799152,1225.1397751419233,9523.476425922834,1.863945706088985e-26,2.2802133959183674e-26,1.6901265570375466e-26,33.229196635988124,680.9218375950957,8372.02930828986,44306.66182858762,0.0,1.9324398453527364e-26,2.1521820673316508e-26,7.20156686046291e-27,3.6891392282402866,6092.47340238647,11518.448030674543,1.2382735129010871e-26,1.0774582740899415e-26,1.0882088614531763e-26,0.26886973552913235,125.23377763570103,4552.525851147978,9515.561180279172,0.0,1.1618981033028426e-26,1.56109822046433e-26,3.940777886956612e-27,4.291955371108137,216.78729544998507,10000.98672805245,0.0,2.2277850465750801e-26,1.0864033118155706e-26,0.2716165076576727,132.15002381443915,4997.748756746899,10973.356251480369,1.2798100376173469e-26,9.106393532138637e-27,8.45161685792291e-27,0.2105979463953732,127.51426406848162,4672.957119522017,11542.884574261727,1.2758418101595448e-26,1.8190771519882652e-26,1.592530481262401e-26,0.21439203592738895,128.24410072586016,5298.612944396037,11445.125715588993,0.0,1.3438845265357575e-26,1.5444965567866023e-26,3.612145509785324e-27,4.1709286365271705,3293.7650809071774,9865.716440765229,0.0,1.5312067060856283e-26,1.8139201349649123e-26,4.212633288873803e-27,4.024729006558778,215.70009024949223,4908.333531652106,0.0,9.058806534975606e-27,1.0461124746562868e-26,2.593399659062286e-27,5.1303509186146545,278.2853192472737,4861.609512430891,2.4299992692374013e-26,8.548600383536015e-27,1.3616112028125055e-26,0.22146896893471724,129.997428013349,4987.677568700697,9309.95286793415,8.169910696937246e-27,1.8544318273202014e-26,2.2697021024385345e-26,0.12499902294242712,132.93599155153973,5765.266686367867,9054.421392190765,1.7853678563671324e-26,1.3627782659246427e-26,3.457904485266725,422.04386677346275,2630.9604100887145,5921.173449784522,8575.359000162902,0.0,1.393856395481693e-26,1.3917698870588164e-26,4.7321905877507094e-27,5.245291622010221,278.7545178446211,6144.196050239381,0.0,1.2036829898109587e-26,2.2906495384789605e-26,7.040952281041943e-27,4.335231444209734,2653.8753410882587,10021.42080388494,2.4477242726642138e-26,2.0422614537570443e-26,1.2869360062368883e-26,37.841037920445594,874.5039643556656,8815.298057826314,9462.628515112054,1.0842965924144439e-26,1.9895081130339966e-26,1.3092761195565586e-26,0.2678309098279566,122.87375944466874,4789.732785662887,8688.174471610946,1.7163752451188372e-26
8.720360964897689e-27,1.5884681359413157e-26,372.3550137364867,2389.354718058771,4932.005510392864,10628.066853283572,21693.687987604775,1.6347967741617942e-26,1.3896615690016913e-26,1.887709933248644e-26,77.00243753519935,864.6183913788396,7155.975396913111,9954.567183156603,9.24896219415693e-27,1.383174089803511e-26,1.2455874751334768e-26,0.8691297046458184,162.54016395556866,1486.527923772121,8270.507433153742,7.94663042477852e-27,1.2585086017113182e-26,8.349803335312194,570.3871528260717,3432.114043702473,8845.81777233543,16941.943429176084,1.5108269333013868e-26,1.1301792862159387e-26,1.371466041840143e-26,0.7801514774798741,160.70762545774633,8598.065595566539,10687.680253846951,9.846815283915309e-27,1.2328121215591282e-26,1.4787109546151928e-26,0.9858544296939056,208.18930183585312,5198.170884552874,12507.366263227737,0.0,1.1207355152678104e-26,1.140756595681462e-26,3.8120312033143925e-27,9.353483897570625,299.5903249361714,6549.58095599054,9.530350981929293e-27,1.531355778392892e-26,1.7395397210776275e-26,58.54921100529767,905.4464741132498,8721.552651093476,10072.202433379407,0.0,1.4834211483375725e-26,1.496022349019465e-26,4.780536367014611e-27,8.361531067637141,313.9631264544647,6303.951436061577,1.1284530971788506e-26,1.9892485343047613e-26,2.0894855778656366e-26,0.8334381169715952,1037.6659433065615,3749.293921386453,7966.602996320308,1.2237393273944102e-26,1.5321834345116092e-26,1.453490280405941e-26,1.0030119985494197,157.14044554371768,1198.534480164772,11080.905660040873,0.0,1.0874159934129497e-26,1.0942399873016229e-26,0.8320436147786259,165.1641117868566,1541.501008452337,9218.223338722712,1.863945706088985e-26,2.2802133959183674e-26,1.6901265570375466e-26,63.07846409567539,901.6734259606526,8793.077645337105,47281.51560001962,0.0,1.6692535743726623e-26,2.1005406588597098e-26,7.192544055965542e-27,8.279589061448386,6629.603004708867,11148.23814782793,1.2382735129010871e-26,1.0774582740899415e-26,1.0882088614531763e-26,0.9726431488153843,198.54376697827743,4952.688034918408,8963.529591190489,0.0,1.1618981033028426e-26,1.56109822046433e-26,3.940777886956612e-27,9.32270949044227,310.3857210162882,10275.96091524082,0.0,2.2277850465750801e-26,1.0864033118155706e-26,0.9825796672819266,209.5086807227968,5438.503707111767,10316.8811498284,1.1055078816278633e-26,9.179702857716303e-27,8.445764649697475e-27,0.8030655583932331,202.17073955740395,5084.645720621265,10787.866333272086,1.2758418101595448e-26,1.8190771519882652e-26,1.592530481262401e-26,0.7755686763888138,203.33217827814377,5773.500371060477,10703.84517188322,0.0,1.5557708226587992e-26,1.5961680898250744e-26,3.633922103434379e-27,9.086748522696215,3807.593142082538,10158.797141723866,0.0,1.5312067060856283e-26,1.7898765957448745e-26,3.444396628494972e-27,8.840500062867314,309.17054651094753,5288.927442905391,0.0,9.058806534975606e-27,1.0461124746562868e-26,2.593399659062286e-27,11.143818391084334,398.41612275182763,5238.02961626997,2.4299992692374013e-26,8.548600383536015e-27,1.3616112028125055e-26,0.8011696626458741,206.11209450494724,5436.021381335245,8676.937428640567,9.458036337910202e-27,1.9574033405732705e-26,2.3113614205152854e-26,0.6007622259173807,211.91635743637593,6271.751259164563,10273.346004710042,1.5422118742676307e-26,1.3464680375497424e-26,10.600569710513005,605.9460060137205,3115.544281368816,6443.141196095772,8087.594775036633,0.0,1.393856395481693e-26,1.3917698870588164e-26,4.7321905877507094e-27,11.393485196475007,399.22663385732835,6618.868916672724,0.0,1.2036829898109587e-26,2.2906495384789605e-26,7.041482353420758e-27,9.444697177561498,3070.175695703548,10303.610574345343,2.4477242726642138e-26,2.0422636989464132e-26,1.2869364321382663e-26,73.11928402948998,1159.029954425707,9155.129169823926,10127.966386615655,1.0842965924144439e-26,1.9895081130339966e-26,1.3092761195565586e-26,1.0213099549990243,194.81333324235845,5212.960588751704,8411.340867570096,1.7163752451188372e-26
7.53270211513747e-27,1.5195800963504783e-26,573.6185798299119,2895.5432559127794,5405.946737672795,11154.565410081414,23758.474569550915,1.6347967741617942e-26,1.3844714276133304e-26,1.871573314671184e-26,135.64712691863244,1115.3778503797403,7428.897695448255,10689.902362671655,9.24896219415693e-27,1.383174089803511e-26,1.2455874751334768e-26,2.6418934967103573,247.02222845947745,1830.030469855999,8383.668729635014,6.8643488555003e-27,1.203930112902839e-26,22.888174355460684,791.9881227338066,3988.3619166429476,9187.331630933091,18572.113356190537,1.3050617149800516e-26,1.1273771945050206e-26,1.3955314010295137e-26,2.644853039987289,245.06779776954184,8931.991158466475,11494.298534999474,9.846815283915309e-27,1.2328121215591282e-26,1.4787109546151928e-26,2.99670163450771,316.39801529284284,5628.342524838988,11515.937045906923,0.0,1.1207355152678104e-26,1.140756595681462e-26,3.8120312033143925e-27,18.737600037425164,416.0166992127377,7006.368430915407,9.530350981929293e-27,1.5871419910589406e-26,1.7517166671797987e-26,104.33101930508298,1168.9446784006316,9052.162875040243,10866.282903503437,0.0,1.7173077706667075e-26,1.503441396715335e-26,4.7840603406040184e-27,17.13923336393284,436.83668532980454,6742.115722758346,1.306372957394198e-26,2.0618782028091788e-26,2.0812323044464747e-26,2.5334017803879196,1338.976744460179,4274.374959518879,8217.966235902419,1.2237393273944102e-26,1.5321834345116092e-26,1.453490280405941e-26,3.048855495245055,238.81594613092187,1474.9310854763175,11265.350565169345,0.0,1.0874159934129497e-26,1.0942399873016229e-26,2.5291629121787484,251.01000246482022,1897.8787881928206,9011.111873916283,1.863945706088985e-26,2.2802133959183674e-26,1.6901265570375466e-26,111.13807306464979,1164.3656581290545,9148.496356203463,50353.02038651284,0.0,1.932439845350655e-26,2.1521820673316038e-26,5.340663087110223e-27,16.96095860985489,7169.760366206598,10781.427464338849,1.2382735129010871e-26,1.0774582740899415e-26,1.0882088614531763e-26,2.956543305032285,301.72133463592155,5359.597157101331,9113.742915326746,0.0,1.1618981033028426e-26,1.56109822046433e-26,3.940777886956612e-27,18.675950438358704,431.0991802552894,10621.65718004108,0.0,2.2277850465750801e-26,1.0864033118155706e-26,2.986747339454731,318.38440323543165,5887.269083630675,10478.320132599627,1.2798100376128367e-26,9.437987503651498e-27,8.331392174539832e-27,2.4836644029094392,307.2326347947717,5503.548551954247,10918.386730932098,1.2758418101595448e-26,1.8190771519882652e-26,1.592530481262401e-26,2.3574960462763053,309.0163475503619,6254.16850680566,10837.70489480954,0.0,1.3438845265346153e-26,1.5444965567865782e-26,4.237484753964858e-27,18.229035172562973,4342.699626887637,10505.492652264034,0.0,1.5312067060856283e-26,1.8139201349438027e-26,3.1644077009729355e-27,17.833526936610227,430.0607008757959,5654.300704261002,0.0,9.058806534975606e-27,1.0461124746562868e-26,2.593399659062286e-27,22.324132290009583,553.3731512490398,5598.507106010747,2.4299992692374013e-26,8.548600383536015e-27,1.3616112028125055e-26,2.4353153622431303,313.2411562657229,5890.381323881251,8766.594365788595,8.169910696862892e-27,1.8544318273199345e-26,2.2697021024385296e-26,2.111478540531126,323.29541195987065,6787.182367652635,11569.219882906837,1.7853678563652096e-26,1.362778265924611e-26,26.935055579437513,840.2176626739249,3620.9295807484987,6975.787435224305,8229.349430196897,0.0,1.393856395481693e-26,1.3917698870588164e-26,4.7321905877507094e-27,22.82428354843503,554.8736691650925,7074.754117361547,0.0,1.2036829898109587e-26,2.2906495384789605e-26,7.041871085846006e-27,18.947120261328422,3502.494872772649,10661.330964348484,2.4477242726642138e-26,2.042265345419401e-26,1.286936751135216e-26,130.29397497712333,1497.5702986321398,9501.703152916167,10924.744449934024,1.0842965924144439e-26,1.9895081130339966e-26,1.3092761195565586e-26,3.15863524846371,296.05181143538863,5638.3998463915805,8186.428843372702,1.7163752451188372e-26
8.720360964866955e-27,3.3388670938447604,839.5386311316583,3458.0264539953664,5802.939161425543,11865.779622015492,25917.108070985105,1.6347967741617942e-26,1.3896615689868133e-26,0.22238952910014323,224.2641544254954,1407.7466203668655,7696.111771228008,7701.671991081535,9.24896219415693e-27,1.383174089803511e-26,1.2455874751334768e-26,6.9055792077054665,360.8464400287755,2209.166474524805,8598.67926145558,7.946630424750515e-27,1.2585086017112391e-26,52.0323731478469,1060.168563570492,4563.590024111783,8958.33470074075,20277.15097009434,1.5108269332997596e-26,1.1143679379738764e-26,1.3771287619720762e-26,7.360050582778824,358.8594467726672,9265.456046453817,7922.661468021635,9.846815283915309e-27,1.2328121215591282e-26,1.4787109546151928e-26,7.833003307938311,462.19337527286973,6075.987079877717,8850.971350448097,0.0,1.1207355152678104e-26,1.140756595681462e-26,0.010724167311286687,34.98659849144308,562.2177278292519,7454.534989627985,9.530350981929293e-27,1.5313557782767796e-26,0.03395134285823789,173.78581772830879,1476.2071254386499,9381.980784824491,7791.840692756205,0.0,1.4834211483363115e-26,1.4960223490194376e-26,0.0006576680841935912,32.511345977290034,591.1783535180792,7171.619865772682,1.1284530971757125e-26,1.9892485343046626e-26,2.0650025383628076e-26,6.621995429109662,1690.4782361803323,4800.987389796816,8531.042240238286,1.2237393273944102e-26,1.5321834345116092e-26,1.453490280405941e-26,7.9693269775934095,348.860677523743,1779.9495857810168,11562.741292477293,0.0,1.0874159934129497e-26,1.0942399873016229e-26,6.610915557719855,366.67142788981397,2291.1947352104853,9359.265821196623,1.863945706088985e-26,2.2802133959183674e-26,0.1804331864518711,183.7806414199245,1471.3323394208041,8921.376828178025,53521.176188067264,0.0,1.6692535743712434e-26,2.1005406588596754e-26,0.0017684407565763042,32.163724858040865,7723.825002515406,11131.340539323464,1.2382735129010871e-26,1.0774582740899415e-26,1.0882088614531763e-26,7.728034456852337,440.730366457965,5781.990485536676,9354.333429916596,0.0,1.1618981033028426e-26,1.56109822046433e-26,0.01374395582768323,34.87148717700637,582.6608624097427,11058.035625859407,0.0,2.2277850465750801e-26,1.0864033118155706e-26,7.8069840255447,465.0878970334693,6353.6637102863,10752.125863861727,1.1055078816247891e-26,9.423260070301085e-27,8.295572251785228e-27,6.530071180371525,448.7681097693884,5938.604104236446,11193.61059371155,1.2758418101595448e-26,1.8190771519882652e-26,1.592530481262401e-26,6.162199838746183,451.4074579716754,6749.796541604711,11112.0602984815,0.0,1.5557708226582872e-26,1.596168089825064e-26,0.004354508511543074,34.05897948563194,4879.199441593287,10930.183119298892,0.0,1.5312067060856283e-26,1.7898765957294966e-26,0.005928875546378278,33.44447459020141,582.3713955785968,6010.203519325795,0.0,9.058806534975606e-27,1.0461124746562868e-26,0.010764066306718926,41.683323987085764,747.9805448633741,5948.722434020128,2.4299992692374013e-26,8.548600383536015e-27,1.3616112028125055e-26,6.365609798673737,457.5779088552958,6359.337559661604,8983.07137163891,9.45803633787687e-27,1.9574033405731543e-26,2.3113614205152834e-26,5.979323840697024,473.53446239770915,7322.6626991543135,12942.043026781144,1.54221187426632e-26,1.3464680375497188e-26,58.935656097523534,1123.773257485582,4146.385598020558,7530.518216282174,8448.43821665094,0.0,1.393856395481693e-26,1.3917698870588164e-26,0.013537010199026795,42.61719978914004,750.743024983787,7519.107071037818,0.0,1.2036829898109587e-26,2.2906495384789605e-26,0.0053612375014710535,35.400643763289914,3935.39337534781,11113.212965189203,2.4477242726642138e-26,2.042266552833347e-26,0.025334188411099773,217.03272082733318,1893.0812290304957,9848.31494821862,7965.444129560046,1.0842965924144439e-26,1.9895081130339966e-26,1.3092761195565586e-26,8.304710161782014,432.43881885210794,6074.594767356214,8482.319655386815,1.7163752451188372e-26
7.532702115116523e-27,14.225404443407372,1177.500073202227,4079.961819311194,6207.007927710714,12745.379415806183,28169.588491907343,1.6347967741617942e-26,1.3844714276024405e-26,1.0063828484938966,351.1949427959364,1743.7101132474347,7989.742236171441,7226.182738116954,9.24896219415693e-27,1.383174089803511e-26,1.2455874751334768e-26,15.90833150404921,508.2139295555868,2621.483925604807,8985.909491155875,6.864348855481212e-27,1.2039301129027814e-26,103.23103472740112,1373.7376457004384,5160.606315153294,8635.356731888569,22057.05627088749,1.3050617149789424e-26,1.0790072358885575e-26,1.402817854948106e-26,17.608184412576815,506.2644895957163,9635.179551100651,7769.117446925873,9.846815283915309e-27,1.2328121215591282e-26,1.4787109546151928e-26,18.04483151188127,650.9957433959132,6509.488489430012,9398.64649027189,0.0,1.1207355152678104e-26,1.140756595681462e-26,0.050648047092503624,61.426611588750774,740.8149453481593,7905.078258217728,9.530350981929293e-27,1.587141991009687e-26,0.49800782682704026,273.4831774112319,1829.308949876356,9748.409999204177,7303.747450833485,0.0,1.7173077706661427e-26,1.5034413967153232e-26,0.014615094719740842,57.7117050599528,779.8229153454876,7603.0707560335895,1.3063729573927906e-26,2.0618782028091366e-26,2.07103372990816e-26,15.255041660665814,2094.6059438932757,5321.2921467539545,8919.493188719747,1.2237393273944102e-26,1.5321834345116092e-26,1.453490280405941e-26,18.358879336617264,491.2870180389072,2111.6341420824765,12089.819942068454,0.0,1.0874159934129497e-26,1.0942399873016229e-26,15.22951704328201,516.4281939893115,2718.8600640173104,9659.322761394747,1.863945706088985e-26,2.2802133959183674e-26,0.816517148442242,287.85139314594176,1824.4199766135753,8581.095743108464,56785.98300468291,0.0,1.9324398453500195e-26,2.1521820673315885e-26,0.01888881391065274,57.08699590172849,8304.07408424868,11471.1895221669,1.2382735129010871e-26,1.0774582740899415e-26,1.0882088614531763e-26,17.80301554967928,620.7276566140724,6223.087689276624,9780.382256054989,0.0,1.1618981033028426e-26,1.56109822046433e-26,0.06490989013806425,61.22450854626424,767.9447643866993,11598.985494278204,0.0,2.2277850465750801e-26,1.0864033118155706e-26,17.98489108438582,655.0989559086275,6820.1768468226,11239.882750077979,1.2798100376114581e-26,9.290014855137097e-27,8.321219951055974e-27,15.071778234334618,631.9830054381359,6399.277467862628,11693.734429826794,1.2758418101595448e-26,1.8190771519882652e-26,1.592530481262401e-26,14.195813975978542,635.7349534309496,7270.743567863238,11609.377775848285,0.0,1.3438845265342663e-26,1.54449655678657e-26,0.039333661980480994,59.813535569070744,5417.223260997478,11450.070229479323,0.0,1.5312067060856283e-26,1.8139201349373524e-26,0.043398477492670846,58.88169971734868,768.7034914829044,6365.651317251383,0.0,9.058806534975606e-27,1.0461124746562868e-26,0.05083648188105167,73.1841751609264,985.9489178783375,6297.656427263252,2.4299992692374013e-26,8.548600383536015e-27,1.3616112028125055e-26,14.664407989083676,644.4807238503171,6852.560721976876,9380.34406380996,8.169910696840173e-27,1.8544318273198495e-26,2.2697021024385282e-26,14.433425179099759,668.2082600670735,7879.947111009628,14391.81543633297,1.7853678563646225e-26,1.362778265924601e-26,114.57456581047596,1455.810509159859,4694.945765270823,8065.092018410904,8834.960124055217,0.0,1.393856395481693e-26,1.3917698870588164e-26,0.06393252829340208,74.82379800619826,990.35972670305,7963.233188003065,0.0,1.2036829898109587e-26,2.2906495384789605e-26,0.048427303132120576,62.169733118304364,4362.551043521031,11672.192583269058,2.4477242726642138e-26,2.0422674382704677e-26,0.371608986652421,341.539941923554,2348.42665193893,10233.855499850406,7301.377024498656,1.0842965924144439e-26,1.9895081130339966e-26,1.3092761195565586e-26,19.167746629628873,608.9426942643456,6531.219500932318,8749.136372140534,1.7163752451188372e-26
8.720360964857564e-27,44.58562292641699,1593.6016913521626,4654.543256328234,6594.89867142119,9914.295560747605,30515.915832317634,1.6347967741617942e-26,1.3896615689822675e-26,3.8405258573780015,524.9171177550685,2112.634043959661,8333.376681918455,8268.09484254562,9.24896219415693e-27,1.383174089803511e-26,1.2455874751334768e-26,32.985191469365596,692.6192649444486,3065.5545646407204,9527.769288998223,7.946630424741957e-27,1.2585086017112143e-26,184.6681893073566,1732.3701383130026,5785.371671058369,8901.311932241599,23911.82925856999,1.5108269332992628e-26,1.0942028041339893e-26,1.3801086543432938e-26,37.38308690295112,690.7268163454712,10068.106829939226,8880.967317278697,9.846815283915309e-27,1.2328121215591282e-26,1.4787109546151928e-26,37.415125671748974,887.3522548606072,6851.088513604311,10713.238695114776,0.0,1.1207355152678104e-26,1.140756595681462e-26,0.21816318444309488,102.1632991161015,952.4551029505457,8370.925625874783,9.530350981929293e-27,1.531355778241301e-26,2.832343464026913,410.0746732835524,2216.385271008019,10178.88977325323,8357.367560811857,0.0,1.483421148335927e-26,1.496022349019429e-26,0.1165646046522262,96.72818497110528,1003.4729984798722,8048.931535304065,1.1284530971747534e-26,1.9892485343046313e-26,2.075838022824346e-26,31.63062511754493,2537.3731004759907,5835.658424912694,8746.929591547107,1.2237393273944102e-26,1.5321834345116092e-26,1.453490280405941e-26,38.066289348267645,669.3774187514164,2468.8538852220845,12823.146396594886,0.0,1.0874159934129497e-26,1.0942399873016229e-26,31.577701000935367,703.8523495815838,3179.349438738458,10142.257678897156,1.863945706088985e-26,2.2802133959183674e-26,3.115966479633398,430.30671425108835,2210.9324755661755,8834.327861878048,60147.44083635976,0.0,1.6692535743708106e-26,2.1005406588596636e-26,0.13325606319186023,95.67617350990287,8796.232816409123,12031.286565860091,1.2382735129010871e-26,1.0774582740899415e-26,1.0882088614531763e-26,36.91373142989856,846.0318730626027,6572.723127215158,10372.940586284296,0.0,1.1618981033028426e-26,1.56109822046433e-26,0.2795951502040814,101.82716607786617,987.7080954869101,11272.934514706803,0.0,2.2277850465750801e-26,1.0864033118155706e-26,37.29084196058879,893.0289874666242,7188.342858957775,11919.732611563277,1.1055078816238495e-26,8.982483215385775e-27,8.406013286862887e-27,31.26560219917416,861.1931911711457,6766.5986222490965,12395.757906697905,1.2758418101595448e-26,1.8190771519882652e-26,1.592530481262401e-26,29.434365379044387,866.3196734780216,7685.938473695916,12306.852835067657,0.0,1.5557708226581305e-26,1.596168089825061e-26,0.20142119484664778,99.4873987826342,5952.273463535403,11122.527644533728,0.0,1.5312067060856283e-26,1.7898765957247978e-26,0.239763702918244,98.1020282721665,989.6002691595228,6731.272880005052,0.0,9.058806534975606e-27,1.0461124746562868e-26,0.2189748550975471,121.71820297670664,1268.2599446422628,6655.927693292452,2.4299992692374013e-26,8.548600383536015e-27,1.3616112028125055e-26,30.405973447416642,878.4404892801575,7242.449858810936,9939.869311118146,9.458036337866684e-27,1.9574033405731173e-26,2.3113614205152822e-26,30.788840760025717,911.9721284166227,8321.925063946803,15918.537111562313,1.54221187426592e-26,1.3464680375497114e-26,202.68654785726304,1836.3561364934324,5272.169779941947,8486.695835527364,9371.834093256331,0.0,1.393856395481693e-26,1.3917698870588164e-26,0.27538522732204795,124.44518522180546,1274.532224109158,8420.432707593856,0.0,1.2036829898109587e-26,2.2906495384789605e-26,0.24798823117239424,103.40644424552238,4784.361018371583,11356.972712560157,2.4477242726642138e-26,2.042268087591145e-26,2.113469362970868,512.1224691893349,2847.62029741586,10686.833224332217,8357.370724917011,1.0842965924144439e-26,1.9895081130339966e-26,1.3092761195565586e-26,39.76247074889321,829.627922566312,6919.085212752002,9182.636889769874,1.7163752451188372e-26
7.532702115110122e-27,108.09552347143533,2092.7186871355466,5184.634461345664,6997.08314309781,8741.362999596953,32956.09009221598,1.6347967741617942e-26,1.384471427599113e-26,11.773535749650168,753.6454289066744,2502.5453825627073,8744.082505055487,9380.149670836357,9.24896219415693e-27,1.383174089803511e-26,1.2455874751334768e-26,62.61527290539288,916.9748811654571,3541.238235769731,10210.319106995745,6.864348855475379e-27,1.2039301129027634e-26,304.6147800208705,2136.770312908419,6445.7533295067105,9169.828893857768,25841.46993314183,1.3050617149786038e-26,1.1009705338274924e-26,1.3950384000461218e-26,72.04831737318916,915.0856744926299,10583.725330350137,10067.146620055517,9.846815283915309e-27,1.2328121215591282e-26,1.4787109546151928e-26,71.02454769443817,1175.0851600861572,7135.665750325797,12113.849811779435,0.0,1.1207355152678104e-26,1.140756595681462e-26,0.7892109026504083,161.9808321145617,1196.4501050004578,8843.863313735717,9.530350981929293e-27,1.5871419909946374e-26,10.225400307005138,589.9834921562324,2625.4871000888234,10693.26118254962,9481.951603131432,0.0,1.71730777066597e-26,1.50344139671532e-26,0.5602252698111463,154.19967541611845,1261.3744795908794,8503.239415874346,1.306372957392361e-26,2.0618782028091228e-26,2.0896336059313856e-26,60.043920792233685,3005.7308849766323,6350.036930078625,8196.604666676367,1.2237393273944102e-26,1.5321834345116092e-26,1.453490280405941e-26,72.26064151396817,885.8198724143714,2851.515484119025,13744.124573593026,0.0,1.0874159934129497e-26,1.0942399873016229e-26,59.94345576968395,931.9313051822285,3672.4793494940423,10789.68005362592,1.863945706088985e-26,2.2802133959183674e-26,9.552322808137905,617.8865900701071,2619.7394394971593,9097.852311125705,63605.54968309783,0.0,1.932439845349825e-26,2.1521820673315837e-26,0.6224599212040957,152.52099503436443,9169.422282625075,12789.399188875834,1.2382735129010871e-26,1.0774582740899415e-26,1.0882088614531763e-26,70.07275884956198,1120.2674402420637,6834.381423200998,11116.97226609404,0.0,1.1618981033028426e-26,1.56109822046433e-26,1.011442610871856,161.44789015100307,1241.1908919176683,10611.070494602789,0.0,2.2277850465750801e-26,1.0864033118155706e-26,70.78862186999031,1182.7649486793719,7479.588722412398,12774.338805427089,1.279810037611037e-26,9.106393532137775e-27,8.451616857922884e-27,59.34988976018806,1139.9834411244062,7035.04890327907,13281.462727563097,1.2758418101595448e-26,1.8190771519882652e-26,1.592530481262401e-26,55.87479529162658,1146.7375214681333,7986.015758562534,13186.418958083139,0.0,1.3438845265341596e-26,1.5444965567865678e-26,0.7680721824707629,157.7348317496903,6487.117699016039,10452.386008146503,0.0,1.5312067060856283e-26,1.8139201349353817e-26,0.9757970898516904,155.7124607764372,1244.2273247787602,7118.164026514162,0.0,9.058806534975606e-27,1.0461124746562868e-26,0.7921471420140482,192.9853085426516,1593.9360317112244,7034.637972779802,2.4299992692374013e-26,8.548600383536015e-27,1.3616112028125055e-26,57.7191836867863,1163.2290394226422,7522.913915301934,10646.963975252162,8.169910696833231e-27,1.8544318273198228e-26,2.2697021024385276e-26,59.49250116246676,1208.7206487119984,8653.183183509691,17522.20805246917,1.7853678563644428e-26,1.362778265924598e-26,332.2660653362227,2266.415362860707,5885.114005343501,8841.012338211522,10045.504705732163,0.0,1.393856395481693e-26,1.3917698870588164e-26,0.9962131071116236,197.30896348571258,1602.226466096292,8904.575521464001,0.0,1.2036829898109587e-26,2.2906495384789605e-26,0.945644583672848,163.94838225228872,5205.773524488018,10705.584809660235,2.4477242726642138e-26,2.0422685637597072e-26,7.630102262471561,736.8019106487817,3375.036436168201,11227.842870107845,9484.659618561092,1.0842965924144439e-26,1.9895081130339966e-26,1.3092761195565586e-26,75.47905971892145,1097.8231571832607,7214.479868789202,9766.041393771759,1.7163752451188372e-26
8.720360964854697e-27,218.5480752851206,2678.637266883701,5703.153252038958,7436.676323431039,10009.06004304038,35490.11127160237,1.6347967741617942e-26,1.3896615689808785e-26,29.915452512785357,1045.0208343258157,2907.1088785401776,9230.205156759199,10562.347222989163,9.24896219415693e-27,1.383174089803511e-26,1.2455874751334768e-26,110.32197557263682,1183.799442489562,4037.9223334418107,9665.220431445014,7.946630424739344e-27,1.2585086017112066e-26,470.8846597993004,2588.576164028401,7073.485297177624,9616.90595626726,27845.978294603025,1.5108269332991107e-26,1.1301792862158805e-26,1.371466041840142e-26,128.20470196436435,1181.7756125638816,10839.011396018219,11327.655355256327,9.846815283915309e-27,1.2328121215591282e-26,1.4787109546151928e-26,125.13829377765965,1517.5193887143894,7404.952186831907,13600.47984026587,0.0,1.1207355152678104e-26,1.140756595681462e-26,2.3989643203999367,246.02979908756274,1471.5009463052074,9194.708482172404,9.530350981929293e-27,1.53135577823046e-26,28.029491915256553,819.1664677027919,3050.4127985893524,11124.798005507273,10677.49957779221,0.0,1.4834211483358093e-26,1.4960223490194267e-26,1.9690046811168118,235.198755112807,1552.093197583173,8839.718824163636,1.1284530971744607e-26,1.9892485343046213e-26,2.0894855778656334e-26,105.79150510027762,3493.0206213740944,6873.813799111998,8309.284045045102,1.2237393273944102e-26,1.5321834345116092e-26,1.453490280405941e-26,127.31616997041722,1142.9095383420774,3250.6034232360425,12566.090826642585,0.0,1.0874159934129497e-26,1.0942399873016229e-26,105.61449557449657,1203.2549736067144,4188.546866465191,11586.901964927192,1.863945706088985e-26,2.2802133959183674e-26,24.271558300753995,856.8595512667563,3045.2092119790864,9538.950920394944,0.0,1.669253574370678e-26,2.1005406588596602e-26,2.1701626706913046,232.68860988383437,9512.856762178835,13727.804261323095,1.2382735129010871e-26,1.0774582740899415e-26,1.0882088614531763e-26,123.461335092941,1446.5842341613136,7107.178832557544,10172.420089071124,0.0,1.1618981033028426e-26,1.56109822046433e-26,3.074482026876617,245.30543535666467,1526.900710511312,10784.471615531043,0.0,2.2277850465750801e-26,1.0864033118155706e-26,124.72261559190775,1527.692815764914,7792.130423185034,11368.933042869534,1.1055078816235627e-26,9.179702857715656e-27,8.445764649697458e-27,104.55048290162219,1471.4467030475403,7311.019430932186,14126.732612836415,1.2758418101595448e-26,1.8190771519882652e-26,1.592530481262401e-26,98.44591447525258,1480.0654017672364,8293.35498148138,13481.20664451801,0.0,1.5557708226580825e-26,1.5961680898250594e-26,2.3754393629884607,239.70475679843554,7029.258904604558,10612.163466801187,0.0,1.5312067060856283e-26,1.7898765957233623e-26,3.138102090392242,236.59391256971105,1531.1351454554176,7417.199577845958,0.0,9.058806534975606e-27,1.0461124746562868e-26,2.407889606968942,293.1815346210924,1961.0505660198594,7324.759938516812,2.4299992692374013e-26,8.548600383536015e-27,1.3616112028125055e-26,101.6955461072143,1502.1260625019959,7809.727705000172,11489.768217465848,9.458036337863573e-27,1.9574033405731052e-26,2.3113614205152822e-26,106.01190316172453,1561.8288155071884,8998.884744314215,19202.828259053545,1.5422118742657974e-26,1.3464680375497088e-26,511.860943166241,2747.873635447805,6428.040595048043,9176.966618786415,8870.554190684417,0.0,1.393856395481693e-26,1.3917698870588164e-26,3.02818890546191,299.6252978807159,1971.558936025992,9270.022700401623,0.0,1.2036829898109587e-26,2.2906495384789605e-26,2.9246227356226906,249.08341330126146,5634.5360759977275,10890.401025096908,2.4477242726642138e-26,2.0422689129500212e-26,20.915356197058845,1023.0174683989336,3922.5041140535536,11550.191531686045,10683.243705430903,1.0842965924144439e-26,1.9895081130339966e-26,1.3092761195565586e-26,132.96355181888046,1416.3710257738528,7488.695160697094,10485.95918818935,1.7163752451188372e-26
7.532702115108165e-27,388.1934047182309,3293.89879542402,6236.984297545065,7930.961784135761,11362.562961494905,38117.97937047682,1.6347967741617942e-26,1.384471427598096e-26,65.45695872412733,1397.7228471688268,3324.6872008340415,9009.519849329443,11814.68749900404,9.24896219415693e-27,1.383174089803511e-26,0.21797348769329483,182.43112260600665,1495.4030430466562,4536.875536870383,7311.746031547711,6.864348855473595e-27,1.0017747525867085,690.4670010590819,3090.1419612887507,7598.805775795476,10224.661400314748,29925.354342953575,1.3050617149785004e-26,1.1273771945049772e-26,0.06457612651507587,213.38971516671268,1493.022501328605,10565.237317032952,12662.493522881134,9.846815283915309e-27,1.2328121215591282e-26,0.21886250087916312,206.9317495119352,1917.7071697763583,7692.906704984597,15173.12878057408,0.0,1.1207355152678104e-26,1.140756595681462e-26,6.270592721322452,359.1007767550405,1776.3356739352118,9421.67779938374,9.530350981929293e-27,1.587141990990039e-26,63.72028453773258,1096.528073992379,3489.7300394472845,10851.183377112486,11944.011484794188,0.0,1.7173077706659174e-26,1.5034413967153186e-26,5.575863740146897,344.41359740553924,1874.2035943068806,9056.32129348216,1.30637295739223e-26,2.0618782028091188e-26,0.22394301131796884,174.93942559898852,3997.8701080877936,7418.178423825316,8522.548912582717,1.2237393273944102e-26,1.5321834345116092e-26,0.172266359453209,210.53313896022388,1442.7460649816128,3651.421791738229,9697.939226606713,0.0,1.0874159934129497e-26,1.0942399873016229e-26,174.64671830896268,1520.1999698218365,4707.649836670567,8463.058019361397,1.863945706088985e-26,2.2802133959183674e-26,53.10775055746527,1146.1080327018703,3486.2508337115437,10139.819147054814,0.0,1.9324398453497658e-26,2.1521820673315822e-26,6.130125852733483,340.83174451394325,9849.479679399466,10644.62917028747,1.2382735129010871e-26,1.0774582740899415e-26,0.17860025040254235,204.1586895315539,1827.8740916628246,7380.007337412289,7825.83956301351,0.0,1.1618981033028426e-26,1.56109822046433e-26,8.036311526448735,358.2343832370107,1843.3162218473801,11068.17126593122,0.0,2.2277850465750801e-26,0.18196133899192043,206.24437387642925,1930.9191140000814,8105.413181172925,8980.826440036544,1.2798100376109085e-26,9.43798750365101e-27,0.17361962506570613,172.8523572546739,1858.4189846867853,7586.601484964187,9813.557178230483,1.2758418101595448e-26,1.8190771519882652e-26,0.18089810827527253,162.79257691383992,1869.1225480294117,8600.513618538427,9625.223999998869,0.0,1.343884526534127e-26,1.544496556786567e-26,6.245525002009147,350.14131246623435,7588.952514008411,10887.999605963238,0.0,1.5312067060856283e-26,1.8139201349347793e-26,8.436015455970873,345.4352767819887,1848.9257899869347,7588.025251348454,0.0,9.058806534975606e-27,1.0461124746562868e-26,6.293922304225971,428.06669285985595,2367.634770132455,7498.299608873476,2.4299992692374013e-26,8.548600383536015e-27,0.17856890713870696,168.16624742325237,1898.142790828956,8096.473231643274,8062.790097804575,8.169910696831108e-27,1.8544318273198145e-26,0.03238880674906445,176.5856923722876,1974.3892756393182,9344.683335492484,20960.397731315432,1.7853678563643883e-26,1.3627782659245968e-26,749.1511793132071,3283.282627437288,6889.578000283514,9536.483917366879,7029.932404931538,0.0,1.393856395481693e-26,1.3917698870588164e-26,7.915307096444536,437.2935991274465,2380.6734420499356,9489.032685124914,0.0,1.2036829898109587e-26,2.2906495384789605e-26,7.6894425096149,363.71277705985426,6079.856898296519,11179.818684993617,2.4477242726642138e-26,2.0422691690229372e-26,47.54750646618776,1369.376748657853,4488.0472149358475,11253.924862861493,11953.122985526441,1.0842965924144439e-26,1.9895081130339966e-26,0.1813998332621583,219.82742425468837,1787.8725015900716,7757.65918875268,7690.3813680362555
8.720360964853818e-27,627.0107951417324,3948.688079287424,6807.490987705915,8492.680141610672,12801.871754960534,40839.69438883932,1.6347967741617942e-26,1.3896615689804537e-26,127.25238203306087,1809.794874040094,3757.173126789331,8579.963271557755,13137.170498880983,9.24896219415693e-27,1.383174089803511e-26,0.9863988665678747,285.73767285602673,1854.0311176367286,5036.680238726105,7640.706945286828,7.946630424738545e-27,8.565979812655415,969.3402303492571,3644.2883954783883,8115.906018502394,10978.8639694021,32079.598078193467,1.5108269332990645e-26,1.1143679379738583e-26,0.46733119405029994,335.6729571960613,1850.9957505694128,10314.914515484987,14071.661122929932,9.846815283915309e-27,1.2328121215591282e-26,0.9904219319790627,324.11244145695883,2374.7146288670533,8024.651370807418,16831.796632704063,0.0,1.1207355152678104e-26,1.140756595681462e-26,14.445517854080459,505.42240282052813,2110.172112870604,9667.193475878346,9.530350981929293e-27,1.5313557782271474e-26,126.41958280979831,1420.5723893067975,3945.576447206944,10466.79979808448,13281.487324137366,0.0,1.4834211483357734e-26,1.496022349019426e-26,13.459517204019544,485.9324030411225,2226.7909308697635,9290.4055382519,1.128453097174371e-26,1.989248534304619e-26,1.0134128461101655,274.00360008407444,4522.853899687371,7994.952785032826,8906.552673448541,1.2237393273944102e-26,1.5321834345116092e-26,0.7795596772369905,329.7532149461659,1787.3866138865296,4047.8039177651253,10298.022540814429,0.0,1.0874159934129497e-26,1.0942399873016229e-26,273.5451393856741,1885.0728085114388,5226.070955562184,7763.211906430151,1.863945706088985e-26,2.2802133959183674e-26,103.24475647176739,1484.8039426802663,3945.156816134507,10886.292166779436,0.0,1.669253574370638e-26,2.100540658859659e-26,14.786093517457187,480.96519732489384,10220.26900587887,9263.682951400064,1.2382735129010871e-26,1.0774582740899415e-26,0.8082225339886465,319.7690613682689,2266.853988842134,7681.892086495048,8283.538565197417,0.0,1.1618981033028426e-26,1.56109822046433e-26,18.513191144039908,504.46699362356776,2189.4061165267767,11571.65030581481,0.0,2.2277850465750801e-26,0.8234325212677612,323.03582080330244,2391.049016795732,8451.00381844568,9720.599558610309,1.1055078816234748e-26,9.423260070300724e-27,0.785683631487063,270.68469267283314,2303.6617198155254,7891.806824392993,9655.032386667823,1.2758418101595448e-26,1.8190771519882652e-26,0.8186210665127392,254.9782702705617,2316.6578919638055,8941.445487972904,9659.008117645557,0.0,1.5557708226580682e-26,1.5961680898250594e-26,14.415029359897206,493.1601189730688,8162.682522382921,11380.140080328707,0.0,1.5312067060856283e-26,1.7898765957229238e-26,19.71772889473526,486.55574652799174,2196.732044111748,7760.64546083825,0.0,9.058806534975606e-27,1.0461124746562868e-26,14.499262040848498,602.7120614560864,2812.3471851653135,7678.4083895289505,2.4299992692374013e-26,8.548600383536015e-27,0.808080695821745,263.3949268372746,2354.1960180678407,8415.035929723457,7641.610310056709,9.458036337862622e-27,1.9574033405731018e-26,0.47508810859026046,277.88928271946594,2448.1492542570263,9727.322446208402,22794.916469254837,1.54221187426576e-26,1.346468037549708e-26,1050.7265964542605,3863.437922357562,7318.954254998556,9950.582275385557,7614.240077117391,0.0,1.393856395481693e-26,1.3917698870588164e-26,18.234434137847366,615.6700629918686,2828.377707881157,9716.754443969594,0.0,1.2036829898109587e-26,2.2906495384789605e-26,17.74767365460601,512.1313698427888,6518.959891981885,11691.130099379436,2.4477242726642138e-26,2.0422693568097525e-26,94.33316211170104,1774.801492078283,5074.330396333517,10927.198422856869,13294.297458847706,1.0842965924144439e-26,1.9895081130339966e-26,0.8208915305202475,344.2470772196068,2214.876352928393,8053.628887566251,7072.668244283804
7.53270211510757e-27,942.6374295368543,4655.031766209766,7431.349497587635,8402.00836790054,14326.986423437262,43655.25632668987,1.6347967741617942e-26,1.3844714275977856e-26,225.11406295494297,2280.507999420017,4208.870541232153,8781.877882621084,14529.796222619996,9.24896219415693e-27,1.383174089803511e-26,3.764263628311758,427.14693092380065,2247.162520677995,5532.982015884974,8715.431859942797,6.864348855473053e-27,32.10740287864361,1312.4325271971563,4158.122709879965,8609.221489540258,9511.426363238677,34308.709500322715,1.305061714978469e-26,1.0790072358885499e-26,2.3049461730462415,503.22777452188785,2243.381420483891,10709.53945003869,15555.158155402725,9.846815283915309e-27,1.2328121215591282e-26,3.779616321137042,484.51306143420913,2872.7568377047273,8418.5104070175,18576.48339665582,0.0,1.1207355152678104e-26,1.140756595681462e-26,29.952114850617946,688.6356716597468,2472.9873709241992,9926.38330169344,9.530350981929293e-27,1.5871419909886337e-26,226.14977668416347,1790.7529693548674,4422.5174866145835,10793.34498962568,14689.927095821748,0.0,1.7173077706659013e-26,1.5034413967153186e-26,28.7113368281743,663.216303703745,2609.746099644156,9537.740438481416,1.3063729573921894e-26,2.061878202809117e-26,3.8673535081701096,409.60576065500874,5073.222748364168,8455.777183721306,9443.863210732805,1.2237393273944102e-26,1.5321834345116092e-26,2.9749305667107357,492.9454079983429,2165.2895219264074,4439.8784882612645,11738.410810706615,0.0,1.0874159934129497e-26,1.0942399873016229e-26,408.92041147331554,2285.1696455723113,5739.157905973962,8885.573850131816,1.863945706088985e-26,2.2802133959183674e-26,182.64370565664402,1872.9669805431308,4426.5087477306415,9273.306961426355,0.0,1.9324398453497477e-26,2.1521820673315817e-26,31.535341323746454,656.4419709787668,10655.287339530518,10607.705398886212,1.2382735129010871e-26,1.0774582740899415e-26,3.0843128387416616,478.02017774766017,2747.651171276778,8034.1391573483315,9443.503325676616,0.0,1.1618981033028426e-26,1.56109822046433e-26,38.38624776204151,687.60412362693,2564.9385803097607,12272.456124702574,0.0,2.2277850465750801e-26,3.142356702986043,482.90362994629277,2892.2295998839436,8852.09547835404,11070.301210298025,1.2798100376108691e-26,9.290014855136947e-27,2.998300603950734,404.5816479219647,2791.5923709497597,8248.661699183038,11035.751924307599,1.2758418101595448e-26,1.8190771519882652e-26,3.123995384104156,381.1649493387152,2807.202495935324,9341.051012866768,11033.606868221972,0.0,1.3438845265341174e-26,1.544496556786567e-26,29.903211595115373,672.2211746586952,8614.49964571579,12066.440807816156,0.0,1.5312067060856283e-26,1.8139201349345957e-26,41.19942801774939,663.8500355063421,2574.4927716023603,7943.848560768642,0.0,9.058806534975606e-27,1.0461124746562868e-26,30.063550942483147,821.4646933584603,3294.873488195682,7869.169984459328,2.4299992692374013e-26,8.548600383536015e-27,3.083771560491138,393.7469410137248,2853.793650060923,8788.786514983172,8741.648233673288,8.169910696830463e-27,1.8544318273198116e-26,2.7019910666380356,416.68141309047724,2966.1248425662716,10173.774605155077,24706.384472871756,1.7853678563643713e-26,1.3627782659245965e-26,1422.029364893838,4398.420683553867,7754.581677827597,10441.889060906116,8671.474494240254,0.0,1.393856395481693e-26,1.3917698870588164e-26,37.80825796968974,839.5113573537977,3314.514641582265,9957.990473594431,0.0,1.2036829898109587e-26,2.2906495384789605e-26,36.8166049034342,697.9983630802866,6865.2410450492225,12401.70811660087,2.4477242726642138e-26,2.0422694945200898e-26,168.75094088523375,2239.2373417331137,5687.176822437028,11310.175977556717,14706.7671253947,1.0842965924144439e-26,1.9895081130339966e-26,3.1326598558230145,514.532419319944,2683.5664030465487,8400.282768927376,8095.1952309858425
8.720360964853553e-27,1340.6450303330791,5423.687258849922,8121.385285901845,8138.339287022809,15937.906966925091,46564.665184028476,1.6347967741617942e-26,1.3896615689803243e-26,369.0317129608632,2810.5953433466393,4685.552388172774,9029.916948944996,15992.564670221082,9.24896219415693e-27,1.383174089803511e-26,11.539745869409082,613.3493897876156,2662.712178374975,6028.288100852885,9860.85090791916,7.946630424738301e-27,82.68450657363044,1723.6808062475436,4630.47320907854,9119.415943759828,7616.298490820553,36612.68860934131,1.5108269332990502e-26,1.0942028041339864e-26,8.001951426863215,723.9485781619699,2658.087317191554,11053.01047603407,17112.98462029951,9.846815283915309e-27,1.2328121215591282e-26,11.586811163211149,695.7226402916972,3399.9753267390447,8887.656440024011,20407.189072429355,0.0,1.1207355152678104e-26,1.140756595681462e-26,56.85763101320542,911.8880524125143,2863.041270817601,10234.74185510584,9.530350981929293e-27,1.5313557782261352e-26,373.03969208123476,2207.655750611716,4926.588113749282,11120.099835360268,16169.33079984733,0.0,1.4834211483357622e-26,1.496022349019426e-26,55.478192665306125,879.2020064066364,3022.5234245717497,9832.39678662325,1.1284530971743436e-26,1.9892485343046173e-26,11.855778733400186,588.16164921962,5655.839341682535,8792.156269674517,10120.666593403632,1.2237393273944102e-26,1.5321834345116092e-26,9.11996239072543,707.8308265975276,2564.8141177151947,4832.065253807275,13273.049321183318,0.0,1.0874159934129497e-26,1.0942399873016229e-26,587.1775417101184,2708.042583516703,6249.509547479046,10083.684910512582,1.863945706088985e-26,2.2802133959183674e-26,299.4096356098442,2311.6177002829036,4936.262153994808,7551.465324991189,0.0,1.6692535743706253e-26,2.1005406588596585e-26,60.93570279283338,870.0673236798141,11176.267170229055,12042.73643360366,1.2382735129010871e-26,1.0774582740899415e-26,9.455285244407241,686.3993701033946,3256.2055256724384,8452.160894119717,10679.451525728966,0.0,1.1618981033028426e-26,1.56109822046433e-26,72.86801356501246,910.7169438912968,2970.606051176599,13152.775643498966,0.0,2.2277850465750801e-26,9.633224812088136,693.4116232866506,3422.8309472628257,9325.479382428464,12507.715170900194,1.105507881623448e-26,8.982483215385711e-27,9.19160569665137,580.8747691062972,3307.472584465753,8673.097512567347,12508.711246452265,1.2758418101595448e-26,1.8190771519882652e-26,9.576936258828638,547.322881566095,3325.8731843527785,9817.325922515385,12499.620400930866,0.0,1.555770822658064e-26,1.5961680898250594e-26,56.763733522220534,890.238590546418,8951.573454132675,12929.335832536794,0.0,1.5312067060856283e-26,1.7898765957227898e-26,78.53256868478157,880.8198723122533,2979.8514430876266,8166.386491119785,0.0,9.058806534975606e-27,1.0461124746562868e-26,57.069168402949835,1088.0609447432341,3816.0882557778077,8099.010119164537,2.4299992692374013e-26,8.548600383536015e-27,9.453625899028529,565.3896318046844,3382.1764132533726,9234.604423215134,9915.630566705247,9.458036337862333e-27,1.957403340573101e-26,9.754798679339428,599.4887546779241,3513.908358088051,10703.551816187393,26694.801742166193,1.5422118742657486e-26,1.3464680375497076e-26,1867.40980617546,4900.470827796597,8225.825876343713,11026.67202426859,9797.41481512616,0.0,1.393856395481693e-26,1.3917698870588164e-26,71.77082458497425,1113.0404670749513,3840.1031333598808,10248.599121320007,0.0,1.2036829898109587e-26,2.2906495384789605e-26,69.88707361027384,924.4393102952621,7144.982724728827,13293.599045295894,2.4477242726642138e-26,2.0422695955076727e-26,278.3588821056505,2763.8420534961397,6334.323868817197,11663.631328461634,16190.531985167423,1.0842965924144439e-26,1.9895081130339966e-26,9.603498107732236,738.7356836507431,3178.937798197485,8814.749513727398,9186.733392254053
7.532702115107385e-27,1824.9402274321894,6263.833565056167,8435.64744101441,8416.375327940103,17634.633385424022,49567.92096085513,1.6347967741617942e-26,1.3844714275976906e-26,568.4989842801392,3402.1211178825997,5156.735194300236,9456.051058292867,17525.475841684234,9.24896219415693e-27,1.383174089803511e-26,29.321414306333303,850.5675496914804,3094.4072562066503,6529.584194706723,11076.964089215919,6.864348855472885e-27,171.14030870837297,2206.1441627167683,5091.160346724113,9677.320171928686,8300.802808326715,38991.53540524925,1.305061714978459e-26,1.1009705338274901e-26,21.65497571430922,1005.1572501274028,3088.834822368906,11608.64247581159,18745.140517620293,9.846815283915309e-27,1.2328121215591282e-26,29.44100281327593,964.7993643927881,3950.942846862309,8873.627003626007,22323.913660024664,0.0,1.1207355152678104e-26,1.140756595681462e-26,100.17757471462849,1177.9786728257636,3264.885824158291,10617.84479075772,9.530350981929293e-27,1.5871419909882043e-26,576.6583896069417,2672.897517373524,5403.931910294161,11663.336565771408,17719.698436214112,0.0,1.7173077706658962e-26,1.5034413967153186e-26,98.85865736861007,1136.460611414287,3448.429928771629,10198.917305954956,1.3063729573921774e-26,2.0618782028091165e-26,30.12442423777936,815.6382334911282,6192.601227055202,9137.50106678145,9970.62210084609,1.2237393273944102e-26,1.5321834345116092e-26,23.17297094258551,981.5904960525497,2979.921889628729,5231.434456134217,14901.938072244538,0.0,1.0874159934129497e-26,1.0942399873016229e-26,814.2735139252061,3147.1971689346096,6764.457647623182,11357.545087572453,1.863945706088985e-26,2.2802133959183674e-26,461.245111869111,2802.6771325562972,5406.565663385279,8354.923397641802,0.0,1.9324398453497423e-26,2.1521820673315817e-26,108.59131055939741,1124.2722396742306,11791.359772603188,13568.776055552411,1.2382735129010871e-26,1.0774582740899415e-26,24.02499493258106,951.8702391483303,3785.348885153278,8504.981110405917,11991.383165354464,0.0,1.1618981033028426e-26,1.56109822046433e-26,128.3863000116945,1176.505704795128,3391.277109798534,11863.516202458817,0.0,2.2277850465750801e-26,24.47712272157275,961.594541653895,3977.609917732279,9346.209630497562,14032.841440416822,1.279810037610857e-26,9.106393532137749e-27,23.355009878200338,805.4533505642049,3843.7054192485157,8842.8829192691,14073.910353101825,1.2758418101595448e-26,1.8190771519882652e-26,24.33409877550786,759.0047206616681,3864.985204430084,9962.567262960269,14057.048715772235,0.0,1.3438845265341145e-26,1.544496556786567e-26,99.99472240011036,1149.7500900449177,9303.553650905158,11746.15055458466,0.0,1.5312067060856283e-26,1.8139201349345394e-26,138.67508751833427,1140.6470510068389,3396.642580612101,8448.931899393268,0.0,9.058806534975606e-27,1.0461124746562868e-26,100.55028286810641,1405.8050110046102,4355.582075763444,8388.39028519902,2.4299992692374013e-26,8.548600383536015e-27,24.020778691263626,784.0589421823686,3931.7875010465805,9398.891778811967,11163.55730915259,8.169910696830262e-27,1.8544318273198114e-26,26.739496010751235,832.3641120911543,4084.3309824338767,10957.634311998663,28760.168277138157,1.7853678563643662e-26,1.3627782659245965e-26,2390.2464913773993,5398.627705205735,8754.815404912855,11033.733167828526,10992.061039775108,0.0,1.393856395481693e-26,1.3917698870588164e-26,126.45316053568756,1440.0686956344416,4383.56738493377,10614.382465071361,0.0,1.2036829898109587e-26,2.2906495384789605e-26,123.11273574490642,1194.2055379210312,7448.349112410815,12351.85600751904,2.4477242726642138e-26,2.042269669565235e-26,430.2973332201813,3350.8658688995138,6947.835710492645,12242.256909616955,17745.59203816587,1.0842965924144439e-26,1.9895081130339966e-26,24.401589947779684,1024.3466633837284,3693.090165885004,9248.346293093151,10347.282728088436
40.93385996310715,2398.162851594567,7183.04680360547,8435.215044287446,8679.244037613284,19417.165678934052,52665.02365716984,1.6347967741617942e-26,2.8215340577363404,832.0456760724298,4058.177563948975,5551.622152502979,10042.315448165227,19128.529737009456,9.24896219415693e-27,1.383174089803511e-26,64.15716443408043,1137.6945093359095,3540.798306380786,7046.464851214025,12363.771403833067,7.946630424738226e-27,306.96113040182934,2712.6130269561254,5564.545036846197,10305.977728369598,9450.419898408205,41445.249888046535,1.510826933299046e-26,1.130179286215879e-26,49.00455714411163,1345.5052497803783,3534.169997989244,12355.323867532792,20451.625847365067,9.846815283915309e-27,1.2328121215591282e-26,64.41883187700083,1290.5187697843394,4525.456497440012,8431.50290367684,24326.657159441747,0.0,1.1207355152678104e-26,0.1721286102637031,165.65609272564268,1489.5009685536995,3667.4803737495745,11093.819955469922,9.530350981929293e-27,0.9827041647368985,845.5650032795063,3188.8907506454484,5804.400107520525,12401.392651486116,19341.030004922097,0.0,1.4834211483357588e-26,0.03199127190394864,164.67041848875718,1437.3545727334697,3874.8804286493532,10654.69198446657,1.1284530971743353e-26,1.9892485343046173e-26,65.91420247036831,1090.9853111895327,6644.365441421785,9482.228510621939,7316.453808332266,1.2237393273944102e-26,1.5321834345116092e-26,50.70396985825147,1312.9674257639015,3409.2233188492464,5646.456866666031,16625.07706389028,0.0,1.0874159934129497e-26,0.220971531819999,1089.1461050634318,3601.0846848027522,7294.090622183548,12707.154381311424,1.863945706088985e-26,3.346651657709784,675.070688870614,3348.7480541497052,5800.6375833943075,9504.309721583348,0.0,1.6692535743706215e-26,0.0337971760863761,180.89674134991245,1421.284136639649,11505.769591333385,15185.824264732464,1.2382735129010871e-26,1.0774582740899415e-26,52.568253847312796,1273.1910663490257,4333.613028225697,8289.941461284012,13379.298244553112,0.0,1.1618981033028426e-26,0.23555390184980177,212.30273222350021,1487.4570508425418,3812.4474580994083,9251.946123055252,0.0,2.2277850465750801e-26,53.557538900226994,1286.3392519444558,4556.500685899888,9107.526710468972,15645.680018847905,1.10550788162344e-26,9.179702857715637e-27,51.10228290698905,1077.2686383609437,4398.612277362549,8615.759083068475,15731.349244256277,1.2758418101595448e-26,1.8190771519882652e-26,53.24459318997444,1015.2287778247915,4422.821872856294,9707.388890580405,15705.891812746084,0.0,1.5557708226580627e-26,0.1769462446881455,165.32036008049508,1453.0847255271547,9656.103624609124,9093.93050208363,0.0,1.5312067060856283e-26,0.0884568354314632,229.58604741785712,1446.2724867987679,3813.4965455652914,8806.105484637423,0.0,9.058806534975606e-27,0.2197872370242116,166.2724120626602,1777.7459800054203,4895.718157325667,8751.800641162843,2.4299992692374013e-26,8.548600383536015e-27,52.55902843667361,1048.733399781436,4501.031711737888,9151.204635663258,12485.428461015312,9.458036337862243e-27,1.9574033405731003e-26,60.787698162777595,1114.1779924727468,4676.181872824581,10671.148098817539,30902.484077787627,1.5422118742657452e-26,1.3464680375497076e-26,2939.3504200543452,5916.558086704983,9358.017472239664,10762.348631712995,12255.413168187099,0.0,1.393856395481693e-26,0.21730791540155198,209.10604540810004,1824.1216982694077,4927.561570238782,11073.603260120193,0.0,1.2036829898109587e-26,0.21677550187430839,203.54116012647006,1509.832033209521,7752.713311742161,9403.329827000587,2.4477242726642138e-26,1.3482341045850321,630.9530434881679,4003.3883360863992,7460.953753596843,13023.577542206152,19371.94728439005,1.0842965924144439e-26,1.9895081130339966e-26,53.39226827113037,1370.0528943246948,4224.036843002683,9023.18317260605,11576.84323848899
163.7354398524264,3062.0273535653814,8187.405992938738,8911.808893947764,9112.882319574182,21285.503847455187,55855.973272972595,1.6347967741617942e-26,12.021282067843199,1166.9907829759393,4782.535462463303,5918.581641738993,10774.44064789986,20801.726356196752,9.24896219415693e-27,1.383174089803511e-26,124.72550142654573,1473.6938930314996,4004.045847627347,7589.752032447624,13721.272851770611,6.864348855472834e-27,497.8171151651856,3250.041493894474,6069.984341247742,11022.373740902778,10674.567525111706,43973.83205773317,1.305061714978456e-26,1.1273771945049764e-26,97.06680877282861,1743.4876765576614,3996.2499607891664,13276.217405192465,22232.440609533835,9.846815283915309e-27,1.2328121215591282e-26,125.23419914274241,1671.9771204084202,5127.150018457991,8621.348939791093,26415.419570680602,0.0,1.1207355152678104e-26,0.7789363186541942,259.4633292482347,1842.3316012066423,4067.182532857503,11096.462256844166,9.530350981929293e-27,8.402910949005877,1187.0808797480709,3758.572545670107,6167.297180801863,13317.026866029342,21033.325505971283,0.0,1.7173077706658947e-26,0.4692569558983905,259.1384605638431,1778.68989186046,4297.412759302487,10669.264468666379,1.3063729573921736e-26,2.0618782028091165e-26,128.1412921965181,1412.8516966759828,7060.153094355131,9863.901217908198,7488.5169269462585,1.2237393273944102e-26,1.5321834345116092e-26,98.57165790711792,1700.2305322667435,3854.8093239271125,6086.105676207131,18442.466296120536,0.0,1.0874159934129497e-26,0.9999659630061535,1410.8952938696596,4071.861146431636,7849.793927538348,14132.5127917295,1.863945706088985e-26,14.258570953568556,946.8245487290371,3949.7881171507797,6161.716250224675,10727.745123069637,0.0,1.9324398453497405e-26,0.4957464653443399,284.6941087428326,1763.2596319493434,10956.294130141565,16893.88106114382,1.2382735129010871e-26,1.0774582740899415e-26,102.19594145188212,1649.4179656106726,4903.782714707164,8276.74161778687,14843.19676332491,0.0,1.1618981033028426e-26,1.0659557924183558,332.5248881877015,1840.8932684140807,4228.298364432819,9887.388384843884,0.0,2.2277850465750801e-26,104.11917286908879,1666.8357940373812,5163.232040244389,9130.127433615833,17346.230906193447,1.2798100376108536e-26,9.437987503650997e-27,99.34600314457914,1395.2506521793869,4974.939084150967,8454.065349824756,17481.027919915618,1.2758418101595448e-26,1.8190771519882652e-26,103.51078702512487,1314.901477033568,5002.130072356123,9571.435865546067,17446.14969185241,0.0,1.3438845265341137e-26,0.8007376358056034,258.88967655221774,1801.517998509239,10047.003383636822,9687.548074220196,0.0,1.5312067060856283e-26,0.7719325323729004,359.8073428710911,1791.0583447261345,4226.727226757809,9026.492221473356,0.0,9.058806534975606e-27,0.9946066550618321,260.4286560553054,2200.6066447698595,5429.691202008281,8922.055711669895,2.4299992692374013e-26,8.548600383536015e-27,102.17800668219591,1358.6562357413393,5092.7651158421295,8977.807716349382,13881.244022293418,8.169910696830203e-27,1.8544318273198108e-26,120.60139871402606,1444.0770048927138,5292.676516355342,10399.77470403292,33121.74914411462,1.7853678563643645e-26,1.3627782659245965e-26,3525.448081130085,6473.062909188185,9750.326186032633,10825.639654780685,13587.471200362135,0.0,1.393856395481693e-26,0.9833869417639549,327.5179911274083,2258.875860930514,5465.506710619938,11260.29949912519,0.0,1.2036829898109587e-26,0.9809776024200105,318.74298534401805,1870.562907741438,8088.159591305981,9889.703178313557,2.4477242726642138e-26,11.528485912414856,885.7891363037803,4725.017596840078,7968.014866890336,13989.683877866031,21069.597723839954,1.0842965924144439e-26,1.9895081130339966e-26,103.7978765295918,1774.0487795650213,4774.230368613211,8636.150029386841,12875.414923455717
368.4047396679577,3817.5929903676006,8492.865895778052,9246.019748222398,9700.470272126835,23239.647890987424,59140.7698082634,1.6347967741617942e-26,37.677406747992144,1579.3786581136358,5462.766503589224,6264.429991409759,9325.039034880481,22545.065699246115,9.24896219415693e-27,1.383174089803511e-26,220.64391983583886,1858.4150750197075,4488.764906052502,8022.126599189879,15149.468433028547,7.946630424738203e-27,749.563971195866,3828.5724403943814,6622.586788351771,10959.341061585774,11973.245688437213,46577.28191430916,1.5108269332990444e-26,1.1143679379738579e-26,173.55640966199562,2198.696226050333,4479.687194872536,10312.067364220238,24087.584804126596,9.846815283915309e-27,1.2328121215591282e-26,221.5438244810755,2109.2171192473224,5762.209290913961,8863.695877652752,28590.200893741236,0.0,1.1207355152678104e-26,2.9725517257367735,387.86962764793714,2225.1922643342923,4465.708036408087,10762.844243141337,9.530350981929293e-27,31.49618059973696,1607.2412040856325,4288.859582053142,6527.687063332119,11120.990073688328,22796.58493936167,0.0,1.4834211483357573e-26,2.6688272761817258,388.5654706692626,2149.228521465935,4717.474555109521,10346.243390267795,1.128453097174333e-26,1.9892485343046173e-26,226.68657716097016,1780.8088383894071,7478.303861746608,10310.091176274502,8548.351562651254,1.2237393273944102e-26,1.5321834345116092e-26,174.37682540128006,2142.78038713391,4321.138241013469,6435.853935425917,20354.10576893531,0.0,1.0874159934129497e-26,3.816037945371028,1779.4501184261262,4564.203876435878,8303.778725611157,15633.620318826677,1.863945706088985e-26,44.68957424264921,1281.4107078269417,4503.543773404766,6523.62307880284,12025.22960210067,0.0,1.66925357437062e-26,2.819482315927774,426.91069038376907,2138.3231183360485,11213.315911187541,18692.946444786478,1.2382735129010871e-26,1.0774582740899415e-26,180.78831398033603,2080.5538202840826,5501.524340722401,8697.82902015878,16383.078721669855,0.0,1.1618981033028426e-26,4.0678662098935785,497.08875985955234,2225.0007258604433,4639.395424891386,11267.066567670963,0.0,2.2277850465750801e-26,184.19057986654568,2103.191713878196,5804.050922057019,9345.452559121664,19134.49410245345,1.1055078816234377e-26,9.423260070300714e-27,175.74667011263054,1759.1869157012447,5578.43643014634,8801.650647011995,19322.946380079855,1.2758418101595448e-26,1.8190771519882652e-26,183.11432332037396,1657.7541787378182,5608.689312521049,9991.402771464604,19277.822353091215,0.0,1.5557708226580622e-26,3.0557492110378535,386.9521062872906,2182.5406897739513,10503.961155851126,11040.95596751752,0.0,1.5312067060856283e-26,3.507461054092431,538.0146670226118,2164.2024256991467,4638.200926496262,8758.968102240558,0.0,9.058806534975606e-27,3.795585926769346,389.3126868667561,2660.2023042337423,5958.629301873996,8659.627117337552,2.4299992692374013e-26,8.548600383536015e-27,180.75658672456507,1713.8461673946333,5712.862086015681,9345.579311022095,15351.003992986904,9.458036337862217e-27,1.9574033405731003e-26,215.74172909595163,1822.0356735235637,5940.014932352518,10786.235545686723,35417.96347611913,1.5422118742657437e-26,1.3464680375497076e-26,4158.941588975521,7082.8217614268515,9624.438347930442,11090.733981158237,14988.235136300216,0.0,1.393856395481693e-26,3.7527696177499563,489.60399003071296,2730.1213900132684,5998.696588239047,10922.810686218883,0.0,1.2036829898109587e-26,3.7435751744388597,476.4124672166665,2263.794235293931,8476.79921526239,11277.72142811079,2.4477242726642138e-26,43.21160566171412,1199.3090127953215,5392.8081334330445,8452.20833129737,11544.082101174017,22838.543356515587,1.0842965924144439e-26,1.9895081130339966e-26,183.62219502972627,2235.710026823387,5349.151904466283,8865.494589834769,14242.997782988616
654.9417594097011,4665.467403984348,8793.392393499907,9762.145849407167,10428.632889080453,25279.59780953076,62519.41326304226,1.6347967741617942e-26,91.34691270753308,2074.040991443117,6082.823409706986,6619.946374962348,7544.420587650415,24358.547766157546,9.24896219415693e-27,1.383174089803511e-26,361.7037630728391,2292.7558078304637,5001.055566445146,8335.486052020036,16648.358147606876,6.86434885547282e-27,1066.4795197355509,4457.292369784109,7233.972100703537,10597.810375546314,13346.45438838473,49255.59945777449,1.3050617149784548e-26,1.0790072358885495e-26,286.27190031131863,2712.0275941858226,4990.579934463266,9061.958240711512,26017.058431143352,9.846815283915309e-27,1.2328121215591282e-26,363.1789856705478,2603.3998094694266,6438.309772772899,9283.072502960224,30851.00112862364,0.0,1.1207355152678104e-26,9.112669803645154,556.9502721709862,2631.529590424123,4868.3370194854215,10625.985263959814,9.530350981929293e-27,81.11045797402144,2110.86723094941,4775.727439770076,6912.448570053221,9208.432522788444,24630.80830509326,0.0,1.7173077706658942e-26,9.635069897353784,559.0377271562572,2542.3377894122955,5140.466363139289,10197.512982600934,1.3063729573921725e-26,2.0618782028091165e-26,371.60955107318733,2195.5248380357834,7928.167971156667,10840.744363759655,9678.304538553237,1.2237393273944102e-26,1.5321834345116092e-26,285.8576569309735,2641.364066293504,4814.101614373403,6695.630682461084,22359.99548233461,0.0,1.0874159934129497e-26,11.698465481110434,2195.719725824254,5084.317933100128,8621.28798065439,17210.476962602956,1.863945706088985e-26,108.34754803016352,1682.7493022360425,5017.116315162154,6912.245483044155,13396.763158676446,0.0,1.9324398453497397e-26,10.178968654420705,614.2356360780874,2534.4967194593933,11529.690206251062,20583.020415660438,1.2382735129010871e-26,1.0774582740899415e-26,296.3680736588331,2567.71949863948,6134.237937666635,9003.187686149364,17998.94411958795,0.0,1.1618981033028426e-26,12.470471499357258,713.7803539188461,2632.3080322310093,5050.628033838952,12736.822248659308,0.0,2.2277850465750801e-26,301.9454418225786,2596.6019779683957,6486.668001522324,9752.5203632881,21010.469607627907,1.2798100376108524e-26,9.290014855136944e-27,288.1032569334102,2169.8804337929937,6216.669243257823,9090.016751792124,21257.104624748983,1.2758418101595448e-26,1.8190771519882652e-26,300.18112380705463,2044.4968496849767,6250.111646250995,10325.551190827115,21200.909796462496,0.0,1.343884526534113e-26,9.367720440940362,555.5632998909006,2585.539834681494,11047.000768508722,12482.825105770686,0.0,1.5312067060856283e-26,11.365209970938018,772.6112062690752,2559.492495537583,5053.467726954423,8416.525020735067,0.0,9.058806534975606e-27,11.635767668076118,559.0223916858705,3147.543787773236,6489.0104336420645,8373.261481736985,2.4299992692374013e-26,8.548600383536015e-27,296.3160628542171,2115.237442325974,6369.015101379022,9651.239319034461,16894.708373095775,8.169910696830186e-27,1.8544318273198108e-26,355.87135822567745,2249.0084788133922,6626.179007921488,11128.840197662377,37791.12707380115,1.785367856364364e-26,1.3627782659245965e-26,4849.123236375773,7757.124445097525,9651.887820667574,11582.352749345457,16457.70497600134,0.0,1.393856395481693e-26,11.50450977172847,703.0328132604344,3229.5431742269316,6533.722672630289,10561.846221423011,0.0,1.2036829898109587e-26,11.4763232391957,684.0052763520778,2680.023161562974,8934.645025387144,12756.854689960084,2.4477242726642138e-26,111.2805761929026,1575.1102500711204,6004.629893578556,8953.306308073856,9590.301387461346,24678.78418241695,1.0842965924144439e-26,1.9895081130339966e-26,301.01368293022324,2755.817254660079,5956.124731084816,9123.054102274928,15679.591817087687
1023.3464990776566,5605.955031900233,9288.922693311251,10443.182548079307,9881.527684490791,27405.353603085194,1.6347967741617942e-26,184.68564945471363,2654.7301970759872,6683.255471400978,7008.461295559535,8295.100309814712,26242.17255693105,9.24896219415693e-27,1.383174089803511e-26,557.2101656721858,2778.560605771584,5484.231027992491,8656.958171852171,18217.9419955056,7.946630424738198e-27,1451.576949804638,5143.962332278277,7561.1800976738205,10950.60244000069,14794.193624954254,1.5108269332990441e-26,1.0942028041339861e-26,442.5803554454777,3285.562382518293,5470.066148045789,10376.36308950667,28020.861490584106,9.846815283915309e-27,1.2328121215591282e-26,559.4827685920153,3156.6925477115815,7037.495280042678,9861.757283986246,33197.820275327824,0.0,1.1207355152678104e-26,23.154441161291963,771.0863345183424,3059.0129219437804,5282.472902932694,11097.18899564361,9.530350981929293e-27,167.88234449691342,2701.7052130244356,5250.115893733167,7341.869758928796,10315.645721976594,26535.995603166048,0.0,1.4834211483357573e-26,26.411299869189047,775.745121859822,2955.545734506629,5574.162907743506,10639.890689870397,1.1284530971743321e-26,1.9892485343046173e-26,572.470183223278,2658.663763933624,8431.883084387904,11030.541456964664,10878.375854652206,1.2237393273944102e-26,1.5321834345116092e-26,440.3680819463706,3197.953079456654,5275.96582501619,6964.36671921833,24460.13543631842,0.0,1.0874159934129497e-26,29.724705985882046,2661.496913961168,5581.611006621032,8941.128106825021,18863.082723058338,1.863945706088985e-26,219.05761981079328,2153.884809984524,5521.680030154699,7347.10277193648,14842.345792796968,0.0,1.66925357437062e-26,27.902215173842695,852.8721692334983,2945.4707171619557,12073.32271781828,22564.102973765705,1.2382735129010871e-26,1.0774582740899415e-26,456.5595392772554,3113.042116150491,6717.093801524827,9476.305794973581,19690.792957079193,0.0,1.1618981033028426e-26,31.686301030015876,989.1899449878127,3059.826794319126,5469.530254316943,14296.655427808922,0.0,2.2277850465750801e-26,465.15156002963465,3149.240460883044,7094.699807085572,10331.413560630031,22974.15742171682,1.1055078816234367e-26,8.982483215385707e-27,443.82746301213894,2629.052436374271,6810.7217734521655,9551.646210968625,23283.502653923,1.2758418101595448e-26,1.8190771519882652e-26,462.43360120781665,2476.7258852313407,6855.128767979202,10855.324719268574,23215.41202196625,0.0,1.555770822658062e-26,23.802500961729237,770.3559272097517,3005.230043182356,11093.535595039808,14013.155488979692,0.0,1.5312067060856283e-26,29.44844511517615,1068.6828275865628,2974.800346284755,5480.263685450179,8658.955760581392,0.0,9.058806534975606e-27,29.56539671054058,774.4026264692576,3659.016774987937,7030.564637337721,8645.365369115616,2.4299992692374013e-26,8.548600383536015e-27,456.4794158391948,2564.588022312071,6981.0375877364695,10140.669835751713,18512.357162620025,9.45803633786221e-27,1.9574033405731003e-26,550.1189516770387,2726.832823334878,7248.465915501304,11685.167481398252,40241.239937160695,1.5422118742657437e-26,1.3464680375497076e-26,5603.916006472118,7900.247201837049,9883.874254209402,12277.09020878754,17995.880719465502,0.0,1.393856395481693e-26,29.231882679699495,972.7456537544385,3754.103790922586,7080.386728402828,10904.835667922043,0.0,1.2036829898109587e-26,29.16026333837195,947.765181659843,3114.8558848102575,8901.988090360504,14327.10296386144,2.4477242726642138e-26,230.32842490194662,2015.9882683816963,6599.599579084291,9501.45694744802,10746.284029991892,26590.320201544047,1.0842965924144439e-26,1.9895081130339966e-26,463.71617123974414,3336.4283765055234,6551.422983111221,9559.642757331249,17185.197025752932
1473.6189586718244,6248.191643341476,9962.41650903671,11275.575176589748,7498.96517324827,29616.91527165073,1.6347967741617942e-26,328.0456758582313,3264.808771615601,7297.233437852936,7447.408931241397,9439.377683107747,28195.94007156663,9.24896219415693e-27,3.421571270662303,815.5235485569214,3318.3953829667603,5888.942492919849,8978.291440170815,19858.219976724715,37.301925722551545,1906.908436834925,5894.9946097557295,7558.0257615592645,11290.679431049113,16316.463398145785,1.3050617149784548e-26,1.015926223476281,649.0696052395709,3922.289498146859,5872.284363284234,11779.748847594758,30098.993982448857,9.846815283915309e-27,2.61966116179826,818.8496924642286,3772.0242848944295,7545.495773795054,10585.694871252354,35630.65833385379,0.0,1.1207355152678104e-26,50.66342548979264,1030.0109665254683,3508.659223912978,5716.560916384156,11468.527198635777,9.530350981929293e-27,301.1175720682839,3322.0398085564793,5737.306278973285,7831.069987279381,11726.750332629243,28512.146833580045,0.0,1.7173077706658942e-26,60.0416000320036,1038.0105532564146,3389.689341704467,6027.524779902374,10993.386116865127,1.3063729573921722e-26,3.1363170974792016,837.857856922051,3172.655784047592,9005.937682345888,10750.138461900287,12148.565510948161,1.2237393273944102e-26,3.255809515455206,644.5154144430858,3815.462712081377,5664.319891329739,7232.527351446694,26654.52563088675,0.0,1.0874159934129497e-26,65.03959289845807,3179.2459122903133,5997.368630859415,9260.763098936217,20591.437600192825,1.863945706088985e-26,389.09847708740335,2648.610495529028,6042.678714451129,7842.7270214057335,16361.977504462233,0.0,1.9324398453497397e-26,63.43094250461823,1141.666454157376,3369.652787011643,12821.27439880498,24636.194119102267,1.2382735129010871e-26,3.3293431957099417,668.2129626076317,3719.411126113719,7205.726109172879,10100.597903656284,21458.625234143587,0.0,1.1618981033028426e-26,69.33169062896853,1322.557980510808,3508.1561043953916,5905.00729535156,15946.566105119806,0.0,3.3143400395733633,680.7881015496897,3764.020988356826,7607.613775351849,11066.386467415683,25025.55754472019,1.279810037610852e-26,2.6699334223733295,649.5785071437773,3139.125497228856,7309.33046041138,10169.32033612876,25402.140467601912,1.2758418101595448e-26,3.306026158428705,676.8101421373254,2956.716538062166,7361.992662774209,11561.315690154219,25321.32902960249,0.0,1.343884526534113e-26,52.081422546325726,1030.4106744625467,3440.711578217155,10808.584054202958,15631.947117144537,0.0,1.5312067060856283e-26,64.90410249864829,1427.8949478461175,3411.2188081143568,5927.389179876466,8915.597596673815,0.0,9.058806534975606e-27,64.69101382695851,1035.0679042723832,4195.310398775188,7594.6872212006465,8909.832365709024,2.4299992692374013e-26,2.7482324561828815,668.0956952737685,3064.27948936756,7492.833580060202,10795.586853109662,20203.95036155966,8.16991069683018e-27,1.269683196659429,806.6497280928734,3258.015870191804,7771.958278535909,12433.905411300955,42768.30206619775,1.785367856364364e-26,2.6520497099304223,6429.854576962718,7936.794535764319,10323.771108967436,13156.430546988619,19602.762366692714,0.0,1.393856395481693e-26,63.961263403114664,1299.6050622892676,4304.951682023712,7650.124103435596,11238.185645898224,0.0,1.2036829898109587e-26,63.804555619164915,1267.0099445883213,3568.0548547952376,8449.047438075864,15988.466249814863,2.4477242726642138e-26,413.12227496359156,2478.740192794135,7209.676315979761,10119.188696423436,12216.296799992182,28573.151413896867,1.0842965924144439e-26,3.4077131377342953,678.6872903448577,3980.585700052187,7049.962422875549,10157.26039359749,18759.813408984348
2005.7591381922036,7002.3409561988765,10800.526945305091,12248.273814414299,7861.565815151985,31914.282815227376,1.6347967741617942e-26,529.8600583180306,3909.2949464457047,7951.1258448771905,7949.643171032873,10657.563989053606,30219.850310064274,9.24896219415693e-27,14.577769581438112,1143.8175713600033,3915.2894543630587,6293.670779169135,9334.903575574024,21569.192091264227,149.20770289020402,2433.8227716130637,6715.54088090966,7909.818632035635,11853.905098998115,17913.263707959326,1.5108269332990441e-26,8.686986270091598,911.3726153394068,4625.789312142741,6239.287839945279,13272.115514975769,32251.4559067376,9.846815283915309e-27,11.161192848905703,1148.4826749646531,4427.8503395029375,8016.67350050749,11443.506148824581,38149.51530420152,0.0,1.1207355152678104e-26,98.49283714359697,1333.699608524125,3983.8873919827897,6094.502142232789,12054.813452385173,9.530350981929293e-27,488.340269194176,3977.902790345398,6257.389735080163,8391.164259022613,13228.283431416017,30559.261996335244,0.0,1.4834211483357573e-26,119.12115713770764,1345.3912578494628,3847.987023019459,6427.108115521301,11553.305772805552,1.1284530971743321e-26,13.362430405410137,1175.1426929918828,3740.432685025815,9662.44243953909,10578.91660935324,13488.873507441105,1.2237393273944102e-26,13.871533620918045,903.9690605585512,4497.428728361063,6021.176967487491,7528.722556029255,28943.166066039597,0.0,1.0874159934129497e-26,126.44099701715415,3751.8597838007513,6402.104560807961,9616.94216895635,22395.541594006412,1.863945706088985e-26,628.4726699158994,3176.6056152744027,6600.32822682461,8409.787372488947,17955.65829367224,0.0,1.66925357437062e-26,125.84553485346835,1479.7466186979834,3808.989162059334,13755.32358991608,26799.293851670132,1.2382735129010871e-26,14.184827415620175,937.2062025598108,4389.633697994036,7653.746208410679,10862.784036383675,23302.44095078113,0.0,1.1618981033028426e-26,134.78510084923187,1713.4266952552132,3980.4926794920902,6338.77067546103,17686.554280591954,0.0,14.120905744594555,954.8435410642251,4416.381422263423,8080.969127427912,11944.737499600747,27164.66997663802,1.1055078816234367e-26,11.375380242073815,911.0703323816924,3702.9750020985625,7766.843310677005,10929.293727904824,27613.018065785713,1.2758418101595448e-26,14.085484052609342,949.2642296120043,3487.184643341455,7868.925712639121,12428.018276217344,27518.660819371205,0.0,1.555770822658062e-26,101.24951124940426,1335.056277836068,3894.343619579069,10807.217102413573,17339.19999026522,0.0,1.5312067060856283e-26,126.51033488578507,1852.0089808583436,3872.1392548518534,6331.778928701696,9345.450789244125,0.0,9.058806534975606e-27,125.76333771186717,1340.8606146036293,4760.231239569691,8117.560477687104,9346.207871520412,2.4299992692374013e-26,11.70897705565241,937.0417285390951,3617.0887137325803,8012.130950044551,11601.393333893471,21969.48796991467,9.458036337862205e-27,10.856812475028836,1132.4480851964775,3838.7773594141527,8253.843941959589,13358.059631366437,45372.31346091232,1.5422118742657437e-26,11.299185821840766,7248.462250149343,8168.844662229331,10950.431864027914,14205.42642723851,21278.349917682965,0.0,1.393856395481693e-26,124.34465768863008,1684.638278817798,4886.239083238103,8165.945066004933,11788.149003038987,0.0,1.2036829898109587e-26,124.04000805046428,1641.345624175626,4042.438369245532,8633.227964593018,17740.94454782034,2.4477242726642138e-26,669.984954979916,2972.2612211851883,7860.249205458476,10823.102673975662,13780.513097729165,30627.27781947542,1.0842965924144439e-26,14.51872633707074,951.8970353815274,4691.978628848642,7517.402514797835,10901.598243173274,20403.440966781935
2619.767037638795,7877.504867674195,11792.488455793979,8758.929663038678,8966.155046056694,34297.45623381512,1.6347967741617942e-26,796.5826541698607,4601.016514258425,8665.517270863787,8020.252610055371,11949.659227652288,32313.903272423995,9.24896219415693e-27,45.690014667204046,1548.0165630567847,4468.020895033987,6680.9750685813715,9752.76877945369,23350.85833912413,335.7173315029574,3033.168541884207,6978.249900286124,8188.4796928941705,12618.331939267446,19584.594554394873,1.3050617149784548e-26,32.560964895458234,1234.1306477939222,5278.546071270478,6605.81561368556,14853.463091649704,34478.247263450336,9.846815283915309e-27,34.9816933325191,1554.3302076703992,5033.711830216946,8493.47251498537,8018.212079563963,40754.39118637104,0.0,1.1207355152678104e-26,174.23738862188242,1682.766477931531,4489.667222347207,6392.492334369699,12834.55854400152,9.530350981929293e-27,735.2946701131089,4682.171298743269,6826.049865208674,8360.469955818278,14820.245018336922,32677.34109143164,0.0,1.7173077706658942e-26,213.09375087546763,1698.1448394937277,4335.201144223434,6741.108952679082,12298.995763072935,1.3063729573921722e-26,41.88086783797613,1590.4112668453101,4266.6277348711,9557.525055038723,11031.494621280417,14899.299844131034,1.2237393273944102e-26,43.47651203126192,1223.4110694519898,5132.612347744866,6379.424295637039,7873.9645917335665,31326.056741776967,0.0,1.0874159934129497e-26,223.67869353683656,4282.421663152939,6787.396750455739,10036.597489037362,24275.394704499104,1.863945706088985e-26,944.8351873587333,3747.25720989878,7210.409180796343,8353.637168887644,19623.388160426995,0.0,1.9324398453497397e-26,225.1228723530096,1867.0882055047905,4267.83784733528,12312.085809237456,29053.4021714693,1.2382735129010871e-26,44.458445378137824,1268.393457915776,5006.86238091027,8103.081038692431,7540.598280390351,25222.24010699182,0.0,1.1618981033028426e-26,238.43971478725913,2162.2169270207587,4481.730770176962,6680.072739400885,19516.61995422537,0.0,44.258100457716495,1292.263428806859,5019.051167987061,8558.167056328515,8359.295607757636,29391.49471747031,1.279810037610852e-26,35.6530048854088,1233.0217684622528,4224.823750529082,8225.785948013458,8327.11242322151,29916.13544847441,1.2758418101595448e-26,44.14708089348865,1284.7125161834228,3979.046026711867,8353.99632771608,9254.997053084395,29807.407391272398,0.0,1.343884526534113e-26,179.1140447463998,1684.3632676761076,4370.68329110071,11365.323456252394,19134.914108341745,0.0,1.5312067060856283e-26,223.98327401274844,2343.2277949960585,4362.427201402874,6647.456507718992,9931.042984692533,0.0,9.058806534975606e-27,222.47988973391247,1692.2741140407934,5359.624239114299,8527.630268411707,9937.209821301374,2.4299992692374013e-26,36.69857246830889,1268.1708625346282,4126.249590409947,8510.387449826321,9008.035943278635,23808.969987685065,8.169910696830177e-27,40.694008127200306,1533.2714519013484,4373.651015151836,8738.807381201608,10701.10978959767,48053.274121304414,1.785367856364364e-26,35.41419440356097,7511.363455761656,8574.828691743433,11747.191365783154,9827.51716834993,23022.64337243626,0.0,1.393856395481693e-26,219.97019349906364,2129.4171924560615,5504.0586845533535,8569.483244368026,12532.93143003893,0.0,1.2036829898109587e-26,219.43125727854184,2071.212147723077,4542.860250918427,8874.07135601843,19584.537857877887,2.4477242726642138e-26,1008.7973438389926,3505.3467455683767,8571.128069031518,10716.706714765476,15438.932923202838,32752.699418279695,1.0842965924144439e-26,45.50495983518207,1288.2756953481628,5357.993322282317,7958.858041658983,9470.691016093746,22116.079699145695
3315.6426570115987,8870.339992324209,12929.38073834904,8431.550298733904,10143.328943212315,36766.43552741397,1.6347967741617942e-26,1132.9218882036816,5351.482719025036,9456.244101297538,7875.133685564352,13315.663398903791,34478.09895864578,9.24896219415693e-27,110.77306379726932,2032.8562695961518,4975.8756001450965,7082.0909857195065,10250.658709198115,25203.218720304427,596.8308115608116,3705.447260926796,7214.3368068805685,8631.04009621188,13566.517206632105,21330.455937452432,1.5108269332990441e-26,83.85254098932602,1621.04949503351,5878.0239233099755,6998.478503161858,16523.791577616565,36779.368052587066,9.846815283915309e-27,84.81129576089003,2041.1473514508857,5608.86036568075,9008.351087474075,7692.861052408966,43445.28598036233,0.0,1.1207355152678104e-26,285.6290768375073,2078.558214146103,5014.439674036377,6681.829146435946,13790.575285372903,9.530350981929293e-27,1046.1771600297852,5446.397832838749,7455.351065283255,8094.220656820852,16502.635093391957,34866.384118869246,0.0,1.4834211483357573e-26,351.5034521658514,2097.3534449698955,4848.58918889466,7043.829910902934,13213.941264412793,1.1284530971743321e-26,101.53798545902322,2088.529019779131,4753.141502256732,9317.221557041363,11397.525544264518,16379.84452101795,1.2237393273944102e-26,105.40654180132334,1606.5841426901973,5716.09031990224,6764.253627821868,8283.461862509466,33803.19765809886,0.0,1.0874159934129497e-26,366.67869765767693,4769.060597506738,7185.51602896392,10539.182336748854,26230.996931670896,1.863945706088985e-26,1343.7707423082818,4368.950894661498,7885.057153654431,8084.034823181128,21365.16710472649,0.0,1.66925357437062e-26,371.3457877975019,2304.670091273841,4752.02180200689,9663.446903849252,31398.519078499776,1.2382735129010871e-26,107.78718812132182,1665.6550419249254,5578.174925745014,8585.818155800938,7380.543754106989,27218.02270277566,0.0,1.1618981033028426e-26,390.87658598856,2670.379995094866,5017.72430215417,6948.1252909500045,21436.763126020058,0.0,107.30146228356614,1697.0011018696575,5592.818758892429,9072.403268859829,8046.853221828718,31706.03176721705,1.1055078816234367e-26,86.43885569970254,1619.2049183359277,4705.55217638359,8718.719744005024,7415.611019503177,32311.492615667998,1.2758418101595448e-26,107.03230112525755,1687.0852389299132,4431.88573832015,8856.279453996254,8404.798120897434,32187.568745306067,0.0,1.555770822658062e-26,293.6234275214622,2079.280044446646,4875.600450944827,11766.12153615522,21019.08947137411,0.0,1.5312067060856283e-26,367.2106400726911,2904.270726559812,4867.618318716667,6935.19679684373,10658.466642017396,0.0,9.058806534975606e-27,364.71348671043575,2090.5602965348494,6000.487858390286,8891.146442050038,10669.068283824805,2.4299992692374013e-26,88.97377991473203,1665.3627295382564,4596.857910784969,9026.953783641584,7839.407804480213,25722.396414870844,9.458036337862205e-27,104.79713962598169,2013.7191951907794,4871.886157358381,9261.029172689983,9099.140230761393,50811.184047374016,1.5422118742657437e-26,85.85987210922059,7831.567177402652,9138.123520685516,12700.629517783047,9618.921172855467,24835.642730952597,0.0,1.393856395481693e-26,360.599316816291,2636.144627353196,6165.577604468673,8940.026122410283,13455.166072016737,0.0,1.2036829898109587e-26,359.7158333322953,2558.0259225363593,5075.365144507755,9292.161886248125,21519.246179987498,2.4477242726642138e-26,1435.316728272654,4085.8588297038505,9357.543083691951,10408.890794187888,17191.556276413205,34949.41621030971,1.0842965924144439e-26,110.32440798345783,1691.7644079243532,5966.321772157856,8413.186358094674,7612.82358817613,23897.729606075627
4093.385996310614,9977.776662523907,11200.203111624824,9642.369520780232,11393.08750661885,39321.22069602392,1.6347967741617942e-26,1542.1790865906264,6170.530037990776,10030.678332154997,8028.987133226779,14755.576502808119,36712.43736872963,9.24896219415693e-27,223.96153983866392,2602.01459251639,5470.9603189054105,7520.706304698437,10431.351500076396,27126.273234805125,932.5481430637667,4450.925287342682,7611.759245644603,9222.00497617308,13514.183708597653,23150.847857131997,1.3050617149784548e-26,173.5579051695206,2075.007042144591,6462.226567679646,7437.353613786239,18283.10097287635,39154.818274147794,9.846815283915309e-27,171.4719061042122,2612.6270083061454,6184.979385649709,9585.772456574325,8798.300966322298,46222.19968617539,0.0,1.1207355152678104e-26,440.0159508248482,2523.063508708751,5466.104706869049,6964.232009546558,9538.488672954632,9.530350981929293e-27,1423.943566481121,6280.456970513999,7781.198320588267,8369.881290991885,18275.45365658112,37126.39107864805,0.0,1.7173077706658942e-26,543.3668828546544,2544.8365997802157,5289.782574056881,7338.9864398421205,9225.385019065596,1.3063729573921722e-26,205.29001181313586,2673.2745780590026,5229.938311232951,9671.44716743852,11980.116822744496,17930.507538101854,1.2237393273944102e-26,213.11147856393225,2056.394958122543,6284.847486020473,7194.675526188121,8370.632746116467,36374.58881500527,0.0,1.0874159934129497e-26,564.8741283046891,5242.744763692695,7620.9232768899665,10978.19502147911,28262.348275521796,1.863945706088985e-26,1829.1950729683674,5048.836649427935,8151.276457051899,8356.610164029686,23180.995126570735,0.0,1.9324398453497397e-26,574.0398904575457,2794.375225879513,5220.927262545659,10393.172208772205,33834.64457276156,1.2382735129010871e-26,217.92468131703026,2132.004505192175,6138.498453066537,9126.149813322212,8436.784269480355,29289.78873813266,0.0,1.1618981033028426e-26,602.1513444752409,3240.2862267153955,5487.7072043017215,7235.141347143648,23446.98379597601,0.0,216.9426383651239,2172.126823043152,6168.869714015335,9648.696401179539,9202.427726251552,34108.28112587826,1.279810037610852e-26,174.7625150084065,2072.5492937193176,5175.2245763397805,9270.205867628481,8490.390531962366,34799.08956736648,1.2758418101595448e-26,216.3984469758715,2159.4347205799836,4874.096066745419,9405.411597721662,9621.2314948984,34659.14488147221,0.0,1.343884526534113e-26,452.33137002647567,2521.5449999511866,5340.860566307387,12385.465422231086,22991.72607936232,0.0,1.5312067060856283e-26,565.5900198139931,3538.2865895393984,5300.790309641074,7212.856504099845,8497.306785965713,0.0,9.058806534975606e-27,561.8466908564569,2537.6429765239777,6556.633295637552,9240.041392925543,8375.27275314117,2.4299992692374013e-26,179.88763758885025,2131.63035129499,5057.857947438807,9591.671140219602,8976.789137530594,27709.767251472,8.169910696830177e-27,216.90901440373057,2577.3651546844662,5363.2132763011805,9846.27138245136,10381.758302806229,1.785367856364364e-26,173.5919230610448,8319.352570167062,9845.64474599135,10194.126056573374,10995.499185999699,26717.347993231993,0.0,1.393856395481693e-26,555.5087493629968,3207.5633395711234,6734.240872295838,9298.324001394922,10509.87747433036,0.0,1.2036829898109587e-26,554.1477295762415,3104.0730394715815,5553.104046645199,9869.726924347486,23545.06951414917,2.4477242726642138e-26,1953.5983953505443,4720.504563037969,9770.402138177158,10781.997688653384,19038.383157360262,37217.428195565444,1.0842965924144439e-26,223.0544452483878,2165.4239615245992,6556.419319710276,8909.840261102272,8318.0280148804,25748.390687571737
4952.99705553584,11196.96845220386,9523.518656424882,10934.395910621866,12715.430736276296,41961.811739644974,47.746969620882076,2026.5850576221699,7066.289822629479,10029.188475627017,8254.38923155921,16269.398539365271,39016.91850267556,9.24896219415693e-27,397.8090063821661,3199.6926604240816,5979.506501089701,8014.529236649879,10160.62835358122,29120.02188262621,1342.869326011823,4960.203504007444,8156.2622452449095,9949.056839252158,9916.723335937155,25045.770313433568,1.5108269332990441e-26,311.2973861218887,2551.581067544518,7062.203264832311,7937.397423270797,20131.391277429062,41604.59792813252,9.846815283915309e-27,304.57492227867175,3212.9832856235334,6787.854163347234,10243.94325259347,9977.92444609011,49085.13230381023,0.0,2.5442961469887684,644.0000411791491,3018.7388933325005,5862.507585517613,7269.26523705092,9353.629341032734,37.88650252728381,1870.6069980410673,7192.51294923918,7784.123249907118,8631.757387568707,20138.700707904416,39457.361970768055,0.0,1.176982172503079,796.7490430446,3042.965907995162,5672.586819736869,7657.79854777286,8939.937154132558,1.1284530971743321e-26,364.6439280529901,3287.426209802346,5721.491477100674,9983.518854718364,12757.777607484362,19551.288895382742,1.2237393273944102e-26,378.53671481819504,2528.867389908186,6869.109627932826,7684.855869123088,8157.561174801843,39040.2302124962,0.0,2.7868790399924284,826.7403970408811,5728.779680512095,8111.896507622432,10705.81473757217,30369.448736051803,36.06737011969939,2403.7541648610245,5792.81170601707,8152.078617257893,8617.039668647152,25070.87222595972,0.0,1.3244261082737214,841.7254489059789,3338.772376924848,5612.671728834639,11839.890407894281,36361.77865425464,1.2382735129010871e-26,387.0861086386927,2621.7030008051765,6716.349115366992,9742.085890032735,9563.636618433391,31437.538213062802,0.0,2.637743541767359,881.2987118107817,3874.9911262732944,5885.418249803885,7522.957536894385,25547.281964093232,0.0,385.34176659137586,2671.952657862535,6772.574114008943,10305.665340616999,10435.504248293539,36598.24279345392,1.1055078816234367e-26,310.4198269864749,2548.6101356055483,5658.398936280744,9898.537815985663,9637.876724475072,37378.92630356985,1.2758418101595448e-26,384.3751531451731,2655.5022079819105,5328.872831663273,10023.550638776598,10919.845949117482,37222.13579977085,0.0,3.4760745639623787,662.0246842815611,3013.4938211234567,5730.329326842665,13201.73487790096,25052.823932306364,0.0,3.4761487161456452,827.5683381432394,4248.693671202152,5680.402824295361,7511.9120527905025,7297.129748410521,0.0,2.6415013379014662,822.3094898483712,3035.9415591736874,7031.4925521478635,9615.282601539579,7264.456257216854,2.4299992692374013e-26,319.52326466948904,2621.2532817185397,5532.884240013963,10226.84558256343,10191.186645763002,29771.082497488544,9.458036337862205e-27,389.05291662862527,3169.0061747501495,5871.879229931561,10513.707591151962,11789.29418978757,1.5422118742657437e-26,308.34057704117447,8960.899707518589,10686.840437192384,8784.49079295111,12464.104248058266,28667.75915927442,0.0,3.5722384044908675,813.0333838910124,3846.7843774083203,7221.545181045638,9684.794954791634,9144.581177919843,0.0,3.509877615466093,811.0414179246118,3712.286729709295,5955.006177171937,10592.671519197187,25662.0078603629,45.23507048777987,2566.404256269364,5414.819007255486,9764.909656819958,11123.79778946645,20979.41356604401,39556.73537404691,1.0842965924144439e-26,396.1977904657529,2662.9466387259226,7160.552065098304,9470.82842034623,9468.527594532741,27668.06294363402
5894.4758346872795,12525.285496719276,10898.529277050966,12307.629468258809,14110.358632184654,44688.20865827713,190.98787848352475,2587.58861043981,8045.299604595738,10330.47401595595,8646.445193731603,17857.129508575243,41391.54236048356,9.24896219415693e-27,642.5419349596445,3835.7633892989825,6522.357917884427,8576.613220449875,9987.946011708731,31184.464663767696,1827.7943604049801,5549.546821252685,8836.699544676285,10802.179128576807,10149.937730275338,27015.22330635715,1.3050617149784548e-26,504.84947887310096,3057.309364424257,7702.625758066614,8509.599135798735,22068.6624912747,44128.70701454123,9.846815283915309e-27,491.9500482930606,3853.912626190792,7437.964822344562,10689.210960900225,11231.7314917124,52034.08383326684,0.0,10.84009656492243,903.2462206158633,3524.588454210041,6241.963572771646,7618.806889864632,10692.241048372889,151.54601010913282,2387.4905688328117,8189.131008765019,7958.05046591667,9064.319505903011,22092.376247361844,41859.29679522927,0.0,10.064144163629305,1118.548605119098,3556.7442129133415,6035.255667279259,8023.362932120888,10222.062020649653,1.3063729573921722e-26,588.9736314249453,3937.810722811172,6247.2528888742,10491.082433935138,13713.344200452066,21242.18859286062,1.2237393273944102e-26,611.4132895193648,3028.609125732028,7492.9010309399755,8245.204559295715,8102.998645504767,41800.121850571646,0.0,11.873632691709508,1159.5498312241596,6247.272888729073,8671.905922418833,10297.764121069964,32552.29831326091,144.26948047879432,3069.1664659708877,6586.910381894657,8357.699450952568,9047.594190615444,27034.798402893448,0.0,11.324908396355832,1181.690564910193,3940.866768284932,5983.238004953624,13380.847255758776,38979.921322979026,1.2382735129010871e-26,625.2222882097493,3144.185617952393,7334.38546873867,10401.90982179403,10761.100800966095,33661.2711275661,0.0,11.23823370172517,1236.0709313297639,4534.893003285812,6253.4507546094765,7840.82936567144,27737.657630371723,0.0,622.4048233049015,3206.085952655583,7424.080089859987,10858.8569022393,11746.082787954681,39175.91676994405,1.279810037610852e-26,501.39075054050716,3054.621932857769,6174.590403518064,10617.152285759697,10858.06959704129,40051.002824278126,1.2758418101595448e-26,620.8435472550457,3182.1157889271235,5814.650248826915,10727.031957683655,12300.641483554677,39876.54150020196,0.0,14.809983493792233,928.5267947139542,3551.236527695154,6127.026649028849,14197.612543941987,27202.383030206252,0.0,14.81029942274887,1160.397881932227,4949.559862846155,6043.567092284195,7855.636271843148,8356.14712413317,0.0,11.254243973569302,1153.3352350756777,3553.6261835630476,7474.698047143327,10047.16598931915,8318.529805098742,2.4299992692374013e-26,516.0946420306086,3143.8092682445917,6040.716222410839,10948.914929754053,11482.60032917744,31906.342152920475,8.169910696830177e-27,630.9502455543129,3800.1876103947866,6417.144678550141,11214.167997635874,13286.27813127225,1.785367856364364e-26,498.03234170188324,9745.30055208659,10135.72107776571,10059.228246128583,14024.736359031172,30686.8762290799,0.0,15.219694178853997,1140.3249755845825,4490.948288402774,7677.868201975169,10129.319934517263,10471.461096362193,0.0,14.954003026629756,1137.5311314608264,4360.365103384397,6324.889996648862,11449.585932933533,27870.0612186287,180.94028195111525,3275.5495751229805,6173.242578762956,10229.384298239831,11684.182810821712,23014.647502464453,41967.3377457541,1.0842965924144439e-26,639.9394956584703,3189.184424445275,7804.3673997884725,10112.376073660427,10693.523706577987,29656.746374262475
6917.8223337649315,9473.638679202995,12373.848052863314,13762.070193691055,15577.871194343925,47500.41145192038,429.7227265879281,3226.0848779380867,8410.897069316869,10653.974014414533,9188.391446457606,19518.76941043804,43836.30894215363,9.24896219415693e-27,965.9866825787017,4521.910054913781,7115.783149287616,8476.113173320779,10408.68633048817,33319.60157822957,2387.3232462432375,6235.4135627487085,9644.097031582947,7985.94669415489,11586.437862642864,29059.20683590275,1.5108269332990441e-26,760.1526116970058,3601.731773054771,8402.75035284678,8430.452127736307,24094.914614413257,46727.14553337394,9.846815283915309e-27,739.5893859828652,4546.756745385838,8151.304661829157,10548.414175528555,12559.722103189171,55069.05427454523,0.0,33.97530522610698,1222.4327943915805,3995.5579426072763,6634.299764805325,8028.820253440294,12120.34167961887,340.978522745547,2975.426712204424,8525.032542824027,8307.979489004192,9650.816756656995,24136.480274953396,44332.19555203167,0.0,37.722891993394384,1514.4523322635434,4033.3328160963188,6407.589523468769,8452.526783130123,11590.069791483995,1.1284530971743321e-26,885.4530006391667,4637.044218193505,6822.411494302527,11174.983021245036,10164.344922612943,23003.206630535482,1.2237393273944102e-26,919.1884032665301,3565.439879702213,8174.978429319945,8146.502759259768,8492.126745192498,44654.263729231614,0.0,37.21464033345538,1569.308244050172,6813.916889262292,8628.573909508816,10601.848123590216,34810.89700714912,324.6063310772847,3826.4937029771622,6823.588344502263,8744.927934167617,9631.543730643747,29072.77365737193,0.0,42.4485469727967,1599.9430188833999,4499.040402059407,6334.02188330525,15016.042752365687,41689.07257893472,1.2382735129010871e-26,939.9486184507671,3708.7721767033954,8010.294529991042,10270.78680193008,12029.176817078465,35960.98748164254,0.0,35.22315672481899,1672.8701523061868,5146.1942332100725,6625.06790975907,8210.240495888806,30018.110794811477,0.0,935.7128893432395,3783.838374567882,8139.120861525592,10715.706797856139,13134.163345234974,41841.30305534863,1.1055078816234367e-26,753.7823781426638,3600.0109033080635,6739.032597811563,10496.798419667699,12150.969149661027,42815.31912949129,1.2758418101595448e-26,933.3656933239091,3749.222544871461,6345.819104400982,10605.073871986384,13763.618098209989,42622.36198276554,0.0,46.41782539312626,1256.6469456752486,4046.4463841133957,6508.014682051921,9852.392175616127,29440.403373061978,0.0,46.41881558566444,1570.0723310081594,5602.935909488021,6419.141633981718,8260.993961634449,9486.894150901708,0.0,35.27333652436237,1560.8975516360665,4032.9789382252834,7924.9749381856245,10557.781805329285,9443.985364604845,2.4299992692374013e-26,775.8879600334589,3708.5868526397935,6596.012091923233,10801.515063794428,12851.030187773904,34115.546217767784,9.458036337862205e-27,950.022723762254,4482.114849562364,7014.043999949574,11074.68068529453,14872.710127260276,1.5422118742657437e-26,748.73340306998,10663.683342644168,7904.498441226736,11420.297854940178,15677.395518918416,32774.69920264842,0.0,47.70195099994197,1543.2897637456113,5088.566281105537,8142.492458054644,10653.679470008445,11888.197512913723,0.0,46.86921506086333,1539.5086389522307,4958.224202920769,6696.996406686922,7949.2472996018,30169.229588946557,407.11563439000616,4082.176419961916,6408.890482925198,10592.116964452714,12441.685178899836,25144.084966621587,44449.23531068702,1.0842965924144439e-26,962.0742193286388,3754.477668984092,8507.886667028284,10164.178633812928,11993.01635101614,31714.440979457104
8023.036552768795,9741.336779134775,13942.786686622636,15297.718086918612,17117.968422754107,50398.42012057473,763.951513934092,3942.5873524190606,8665.16207329102,11196.813011331255,9866.941146589312,21254.318244953658,46351.21824768576,9.24896219415693e-27,1373.852983965817,5268.583041091892,7772.293650728382,8254.297082078821,10752.19744692256,35525.43262601184,3021.455983526596,7015.05847740299,10571.030598301379,7467.812043630981,13117.976410986821,31177.720902070356,1.3050617149784548e-26,1081.5450360493778,4193.395337957924,9177.386651746134,8206.137074785893,26210.147646844747,49399.91348463064,9.846815283915309e-27,1051.8644854705044,5301.647086614687,8940.173408499744,10560.278063462785,13961.896280520421,58190.04362764539,0.0,82.37136014851619,1605.2994713001087,4457.441402239529,7062.304775956767,8413.868326984746,13637.931234770676,606.1840404365265,3634.9073942252444,8808.805383540255,8816.303319765328,10377.9361201886,26271.01279067908,46876.058241175284,0.0,97.14578045422836,1989.00313959329,4498.958534913542,6812.357547737483,8864.60890219352,13043.960466635583,1.3063729573921722e-26,1259.3157535486985,5396.4347752529875,7458.652769696442,12019.975400816213,9323.81218984552,24834.343008407333,1.2237393273944102e-26,1307.2951764545785,4148.165485826547,8929.772182197565,7968.492220217798,8784.502671972235,47602.655848476104,0.0,90.22495960828194,2060.816517716611,7440.779070614803,8344.348864515458,10918.160428597512,37145.24481771643,577.0779219151707,4676.344934579389,7080.370657963224,9295.911950884305,10355.590052113983,31184.797989395156,0.0,109.31551126945422,2101.2821730566498,5008.86821242239,6695.66330147801,16745.47689771502,44489.232422121706,1.2382735129010871e-26,1336.820928820541,4323.789339074778,8757.677713122977,10065.242541564416,13367.864666770503,38336.68727529213,0.0,85.39671119476051,2196.814077118602,5738.965581543179,7025.70753949459,8646.735713238699,32388.64145741251,0.0,1330.7967577024538,4413.527049874901,8929.79452313792,10618.906612279732,14599.745920134423,44594.40164966767,1.279810037610852e-26,1072.0501515690157,4193.213051818863,7363.442200671505,10236.212930974434,13516.575382334277,45671.87521920934,1.2758418101595448e-26,1327.4585105886304,4365.729519318907,6933.448741983392,10321.627926833122,15308.775793083414,45459.59724746162,0.0,112.53760304205086,1650.2295150772723,4507.692340473768,6903.293848502596,9579.417334362124,31766.884960873547,0.0,112.54000371235053,2061.3868426018266,6244.6291580827565,6829.153313422069,8740.16474584614,10689.370828716137,0.0,85.51836950843463,2049.7715914453465,4497.574455090819,8411.928142319468,11162.998251543817,10640.822935735163,2.4299992692374013e-26,1103.4893216845883,4323.8836486515,7210.043681241285,10504.743100025595,14296.476221552395,36398.694692030476,8.169910696830177e-27,1351.6922065496105,5224.802877560283,7674.137943467384,10856.431902777302,16548.590177751637,1.785367856364364e-26,1064.8693595408497,11708.642769808941,8447.395287035342,12867.699619385896,17422.081727719997,34931.228079979985,0.0,115.65089877643835,2026.649033934624,5672.861997099257,8645.43716627611,11273.509820408011,13394.790427574437,0.0,113.63197381049723,2021.6836586112681,5524.84660372311,7097.518208471272,7729.001852504393,32559.51297131648,723.7611278044527,4986.959750206091,6616.640450087547,11166.412590918988,13379.228916259317,27367.725958515413,47002.42806884567,1.0842965924144439e-26,1368.288570493359,4368.099087141831,9286.512233804826,9984.963854538317,13367.005527847197,33841.1467592179
9210.11849169887,11118.649002169765,15605.345178328933,16914.573147941475,18730.650317415206,53382.23466424019,1193.6742405220166,4737.353301005724,9117.25123932087,11937.847154361672,10650.928081837184,23063.776012122104,9.24896219415693e-27,1870.1442367589752,6084.6994369637905,8099.957471642378,8562.497019062761,11300.078069293306,37801.95780711451,3730.192572255055,7885.97641433915,9457.417859638323,8545.099696260644,14744.553375307214,33370.76550485996,1.5108269332990441e-26,1472.0825064640658,4839.600702383677,9546.455383276276,8511.133309963927,28414.361588569158,9.846815283915309e-27,1431.840472243028,6127.221986287797,9107.282412384398,10809.22643116083,15438.25402370615,0.0,166.53883196035272,2044.6451112015232,4931.923906453446,7543.152310689189,8232.146145970752,15245.00971382831,947.1625631820712,4366.193902881096,9290.44260439733,9469.245865980209,10406.547228956026,28495.973794538895,0.0,201.07223887037964,2541.276978943999,4975.86173117469,7266.714140913654,8670.716927770136,14583.734046104417,1.1284530971743321e-26,1714.231527132223,6225.642080188795,7705.975005083639,10734.587337141777,10671.797031459406,26735.59772647618,1.2237393273944102e-26,1779.5430577527993,4784.309986020777,9282.873806461374,8286.802922804392,9241.682021875049,50645.29820830511,0.0,182.41727901228495,2637.803140240065,7794.280220431307,8622.53412665557,11447.575862268977,39555.341744962854,901.684252992452,5619.025308057739,7492.267064154689,9996.645795076574,10396.24079747912,33370.87139896312,0.0,226.26113549590266,2689.4372690740424,5503.363835318932,7091.372166575575,18569.149691806768,47380.400852540006,1.2382735129010871e-26,1819.7347058167604,4996.337363131678,9048.05653657207,10478.348735185873,14777.16435004221,40788.370508514876,0.0,172.65550198502072,2806.3406565968453,6342.643077781057,7474.538872236284,8658.117891979888,34849.24961817481,0.0,1811.534360489258,5102.242759565288,9113.81522054795,11122.96247199578,16142.830512653021,47435.21255290117,1.1055078816234367e-26,1459.3180171913236,4841.428774306906,7636.2840566367795,10627.1651231282,14954.888295061042,48620.67109343229,1.2758418101595448e-26,1806.9902035280281,5039.2414239849595,7226.230191359413,10703.636457009152,16936.11456817495,48388.247294290166,0.0,227.5290941954732,2112.260145221846,4962.498105980147,7335.611516607637,10952.302904636665,34181.827793640965,0.0,227.53394788280954,2617.965276569522,6904.652426300862,7290.185562705573,8616.882222278366,11963.577157576457,0.0,172.90147137803592,2615.2937179663077,4970.52647963568,8957.865282898276,10987.791262308454,11909.042518489696,2.4299992692374013e-26,1502.1142868696124,4996.774594449074,7483.649389090732,10888.001181546977,15818.938430512912,38755.78757570856,9.458036337862205e-27,1839.7777115724746,6036.794771299081,7883.241869047964,11304.090111254307,18313.918282746345,1.5422118742657437e-26,1449.5432327103285,9109.12726263037,9626.137997001517,14401.433539465734,19258.794985435914,37156.46286107459,0.0,233.82357123478906,2576.623665449466,6271.751694395721,9209.314349708518,11063.084523452098,14991.239840344335,0.0,229.74169854217845,2582.068232754212,6091.628298326148,7546.196802601562,8836.692930735826,35040.91136573847,1130.8767621944546,5990.258043397623,6973.110567931648,11932.287770277004,12682.07215592465,29685.57047814593,1.0842965924144439e-26,1862.5697321300868,5037.971641668191,9821.544145815325,10189.327741527537,14815.491237071157,36036.86371354487
8328.28655432771,12586.999684189572,17361.5235279822,18612.63537675964,20415.916878327214,56451.85508291675,1718.8909063517017,5281.778602327006,9749.24668433336,12860.344401287883,7398.985639280345,24947.14271194337,36.76788296759486,2457.5656606735065,6977.619210401208,8099.179354222994,8837.023182389532,12032.021795684168,40149.17712153756,4513.533012428616,8845.85301267589,7830.956922292322,9694.945349035912,16466.168755604038,35638.340644271586,37.276829627029194,1933.8461882239383,5546.379907095451,9550.153797644081,8784.02403524442,30707.556439586497,34.40439809688471,1881.5885464777198,7030.6059022724,9141.812814019411,11286.090127003607,16988.79533274636,0.0,295.81260833409067,2512.2122035257385,5436.598069036822,8089.62019591193,7958.911940951003,16941.57711679177,1363.914090982181,4866.270153074501,9952.412253502062,10255.771321636696,7602.105739299836,30811.363286532836,0.0,360.64771766453396,3124.7635020720554,5482.089202074589,7783.41928240185,8378.462782645842,16209.390529890496,37.67107092551472,2252.680008695505,7132.647565581665,7717.267028820323,8540.34376133764,12110.758461884125,28706.970784742003,42.75698667290379,2338.5062095543867,5480.091665952713,9293.218107972709,8558.106822885336,9847.349905886234,53782.19080871864,0.0,324.0165099913632,3243.678140200433,7788.5136034714815,8890.50357381965,12168.728349414916,42041.187788888376,1298.4253243091289,6262.723806766277,8045.947366046541,10835.876846678566,7581.996481964647,35630.993886075834,0.0,405.82709264696956,3306.8340899762798,6009.507633227944,7538.481611291805,20487.06113464093,50362.5778701896,43.26480558670275,2391.3222502567032,5732.272905408899,9050.50276940227,10824.36656171644,16257.075866893585,43316.03718131077,0.0,306.67727030522025,3451.0273691618204,6981.133085695511,7985.824533895712,8435.788635311308,37399.935277098375,0.0,2380.546136475522,5855.832656879011,9134.197209078931,11508.234446601553,17763.417122790775,50363.735765049125,36.90509239740096,1917.6969222795615,5550.602825098568,7640.813781246334,10970.47213876937,16465.90788784132,51661.706752160135,37.263090503694634,2374.5746376546704,5776.038604496835,7225.871521601844,11045.950049588599,18645.634423484607,51408.312123251184,0.0,404.1458321376914,2598.098649190691,5433.312695061933,7821.969205109406,12417.091457547716,36685.231871364216,0.0,404.15445344176896,3225.1760933978576,7607.307427940702,7814.564523231521,8188.946316326838,13309.513137482669,0.0,307.114170497576,3215.675004150876,5470.607733287208,9579.382603949483,10507.258196856465,13248.644112868444,44.90750427112619,1973.935708945855,5733.095016232013,7479.466634826151,11234.353164378143,17418.41681465546,41186.82486880201,44.39654924152996,2416.8802353678666,6925.14020721089,7894.121282040602,11677.984401590062,20168.69444224439,44.05061356560782,1904.8518303295375,8624.001509618407,10881.83937429402,16021.499615179691,21187.53529206617,39450.40354593224,0.0,415.32632169187764,3171.3793863806654,6907.865160082573,9850.93940609881,10583.879919294928,16677.545751223417,0.0,408.07594414403763,3175.1757579294704,6684.124338435078,8057.723972068778,10018.534481616605,37613.42477221252,1628.4625375600122,6675.094639073964,7465.000652784841,12873.851800288148,9624.262609835652,32097.61852551314,37.88491054712764,2447.6119672060827,5770.643308540014,9818.158593820548,10477.882077129472,16338.473478688027,38301.59184243802
9473.851805977629,14146.388825194199,19211.321735582445,20391.904773373117,22173.768105490133,2339.6015114231477,5893.686416603169,10547.19397909053,13950.756051619997,7279.464997076931,26904.418344417456,147.07153187037707,3137.8741736249094,7953.247964316521,8513.815276692345,9284.519084944115,12931.812484818614,42567.09056928102,5371.4773040472755,9892.554210988554,8772.543760788296,10917.349001956787,18282.822551877296,37980.446320305215,149.10731850811374,2468.203925673848,6318.579182880808,9780.996485205062,9229.318053560779,33089.73219989676,137.61759238753655,2402.4538590610027,7854.343132495921,9402.202938777667,11967.626024226247,18613.520207641042,0.0,477.7971405751644,3016.4210416952383,5985.43303109419,8186.226136842409,8219.023637131722,18727.633443661056,1856.4386238368556,5432.855457353049,10781.01726114255,11166.83253720137,7780.8866153640865,33217.18126666092,0.0,584.8838455984421,3750.3319843461136,6031.968730473749,7903.499407538752,8649.530211182706,17920.92991799382,150.68428370205623,2876.271643049232,8123.864285026271,7921.595190261274,9272.997888769856,13640.696481119674,30748.46218320482,171.02794669161233,2985.856433968562,6240.508426671326,9536.342228992511,8996.242254134406,10588.454623528643,57013.33364971669,0.0,523.3521412250639,3889.2922215984977,8125.479182545691,9334.258726186512,13064.61956254495,44602.782949493,1767.3011358652013,7030.279627326974,8730.944606845975,11804.35630042896,7709.457377312085,37965.16545073329,0.0,658.153924091052,3965.5150483762422,6548.733023321847,8049.760817498634,22499.211226217518,53435.763475070504,173.0592223468081,3053.2931225278826,6533.226494228448,9280.207703546619,11380.975488691865,17807.599217324627,45919.68729367982,0.0,495.34576520058476,4142.85772184186,7673.419495262897,8404.98055084833,8464.059672313695,40040.698434183214,0.0,3039.533942186495,6526.604967042867,9381.787656239081,12114.791857214112,19461.50575054768,53379.97128611154,147.62036958960127,2448.5578316600863,6325.5069852860515,7837.04086619215,11528.435208531782,18049.634160675112,54794.98219539286,149.05236201477578,3031.9094004590324,6581.164026233168,7596.478469257669,11604.646876077815,20437.335359012377,54519.79173434469,0.0,652.7771891070736,3117.1233240379242,5937.969452808647,8306.37936673827,13973.78299309528,39277.097194043316,0.0,652.7911142553604,3891.508115946334,8371.861339436207,7994.661714315367,8373.12652374185,14727.178768434773,0.0,496.0514473004787,3861.798733734351,6012.725425984324,9868.25940909686,10783.677437132661,14659.627718871405,179.63001708450057,2520.364757944937,6537.522983310816,7894.304654122642,11800.530952624267,19094.911373980034,43691.80657131085,177.58619696611729,3084.7092809884416,7845.391996149283,8102.325847534031,12279.0595059631,22112.918656245776,176.20245426242795,2432.1569342465173,9866.149074022966,12214.499418912857,17727.897846527776,23208.302647610766,41813.050134552934,0.0,670.8359391018924,3820.078072834381,7599.15531573789,10079.364378684842,10864.055846908814,18453.70816021168,0.0,659.1251141983918,3811.9809895918274,7322.630960385406,8452.553685483426,11274.526505146727,40277.05319073865,2216.5184539011257,7490.342755030282,8081.921982336079,13978.17885018137,10089.628659624172,34603.870100617045,151.53964218850803,3125.165077724273,6571.376974950258,10137.793569837175,10977.738471077968,17935.9522526978,40635.33114589734
10760.25958881043,15796.81642518364,21154.73980112966,22252.3813377819,24004.203998903966,3055.8060557363533,6610.0849510671505,11499.90612249715,11266.195525431987,8320.466118824363,28935.602909544377,330.91094670834667,3912.1552705718505,8259.204546545518,8822.956343225196,9888.004927007227,9555.62512336819,45055.69815034486,6304.0254471110375,7558.933236373399,9972.563350606908,12212.310655023266,20194.514764126983,40397.08253296085,335.49146664325366,3076.016294048893,6567.874513797315,10225.88632079148,9830.119633567741,35560.888869499955,309.63958287195544,2995.26749862427,8145.323871380165,9863.397064724619,12835.52337429174,20312.428648390207,0.0,718.3121437805934,3565.3087035160916,6589.339671181467,8087.44104596192,8471.328775076643,20603.178694436167,2424.7361617460956,6095.137055618903,11765.2384786604,8299.11140444315,8882.09974099417,35713.42773492313,0.0,880.6604767889626,4428.467169080736,6636.688906622525,7802.040426989516,8914.259973769416,19718.352210414396,339.03963832962455,3586.001428142823,8439.220474167629,8297.281771954844,10558.914563418486,15261.611089166056,32860.071921864626,384.8128800561255,3722.6266379657895,6498.290953921451,9986.05263448837,9584.879481463866,7445.944300898784,60338.72673129925,0.0,786.7987616313504,4586.333320549154,8405.446940389818,9936.517909106728,11088.213888911807,47240.12722677673,2308.31168766067,7918.122689796566,9538.793873276902,8600.391603291735,8802.655390159498,40373.3860929355,0.0,990.9833430217354,4677.167778677838,7137.761598934803,8088.021394576828,24605.59996653652,56599.9576671827,389.38325028031596,3806.7035581924815,6766.723157258558,9711.445570877366,12127.582262930558,19428.73440133534,48599.32084562201,0.0,744.6944493756257,4893.373132913647,8434.328871089692,8288.251651343015,8665.506994358386,42771.539089429316,0.0,3789.5492534266155,6768.338973474899,9831.144087742272,12921.118800044434,21237.096395923738,56483.919116088415,332.1458315766009,3052.7477828606015,6567.062351077551,8203.317128627486,12280.017912220324,19706.06711356242,58020.49742313049,335.36781453324346,3780.04333016318,6838.450706145483,7872.4808725433195,12358.482758129907,22311.21737475826,57722.68612757067,0.0,981.3741906327035,3678.425174874477,6490.3890008943,8189.616313609986,15622.377511279352,41957.423761678256,0.0,981.395125465227,4624.881074007175,9213.342012221072,7877.222429647747,8608.008176031422,16216.574050432768,0.0,745.7553599147562,4564.102564942906,6608.5219024401,9732.25560319676,11097.516515793513,16141.993336498583,404.1675384401231,3142.2733117967477,6771.623536186327,8188.3617446253475,12564.907126694607,20848.422108486633,46270.732683235066,399.5689431737619,3844.340377237586,8125.606644088659,8485.665933913733,13085.10824691826,24146.5909247505,396.4555220904604,3032.2999083735,11191.8370788401,13624.118130858024,19520.628233509982,25321.0970520697,44244.40262693668,0.0,1008.523410084207,4531.348659155104,8359.632463962804,9937.801079625506,11180.206721186856,20319.727067309126,0.0,990.9175539006679,4503.046057976358,8022.995857496211,8341.45148254269,12604.669001326196,43031.796621316826,2895.044511217794,8433.573166469423,8815.521778901524,10086.627796924757,11507.27183953221,37204.32520345765,340.9641949241411,3896.3101621446876,6859.92673028749,10461.461162823834,11667.672507587527,19607.927559100473,43038.08162392284
12128.535091569443,17538.2824841579,23191.777724623855,24194.06506998599,25907.22455856872,3867.5045392913194,7427.810750912574,12598.162670058487,9739.45572497064,9431.01193558167,31040.696407324114,588.2861274815037,4781.03164486925,8536.951029405322,9307.381493642557,10633.967038289984,8794.889248274174,47614.9998647291,7311.1774416199,7660.76472070044,11249.484366740358,13579.83030823535,22201.24539235311,42888.249282238496,596.4292740324489,3757.791891204703,6787.376413261529,10863.656298078367,10572.985941694284,38121.02644839608,550.4703695501414,3660.506218526888,8532.167269262229,10506.089926892222,13875.042971638146,22085.520654993852,0.0,1021.6034029759508,4166.008513717834,7155.341897991749,8346.506625627315,8888.785490559918,22568.212869117106,3068.8067047099003,6850.267916945187,12895.965361356473,7708.976951832725,10056.168795248394,38300.102691319466,0.0,1253.0036106692148,5168.518502431094,7253.93063409828,8039.801868500698,9352.806249326924,21601.65740715221,602.7371348082198,4382.440143790884,8745.64149502414,8827.649162923046,11928.298902159899,16973.502286023268,35041.800000721414,684.1117867664434,4549.409347841679,6716.0741068795405,10622.200347203074,10311.013404956126,7215.555119448973,63758.37005346632,0.0,1119.00696556422,5345.249979969956,8854.507604237091,10683.547071847917,9058.876113037504,49953.22062073955,2921.4569796955325,8923.050568883353,10462.465111423482,8096.5484524637295,9968.308961185277,42855.655812682446,0.0,1409.970970250366,5452.238250023085,7789.448414161937,7938.845071768732,26806.227355597945,59855.160446526206,692.2368893872265,4652.15946597495,7015.789486671357,10324.429276662,13047.781087992185,21120.481418925716,51354.93783713735,0.0,1059.125047859166,5712.856587449095,9275.257390354693,8202.330911487852,9044.374076241354,45592.45724283669,0.0,4631.195248488933,7098.080519597783,10462.677020741326,13910.043023958446,23090.18905891895,59675.57925497974,590.4814783584001,3730.752678312675,6795.2226255671785,8722.99149832577,13208.475951519675,21435.20674650325,61338.25243537301,596.2094480590977,4619.57809201305,7074.312359930898,8304.872994969164,13290.552120961474,24267.28047072226,61016.995302929136,0.0,1395.7375236153227,4290.124518825295,7101.27584765423,8023.412276010756,17362.87501209994,44726.21157426903,0.0,1395.7672977133002,5432.244601532576,9974.347967838665,8026.789967648958,9014.141632845143,17777.69898347665,0.0,1060.6339041779866,5331.869933058449,7266.94564881779,9862.821824849281,11631.047217192849,17695.740965749977,718.5200683379941,3840.1615226106173,7016.721982265603,8643.639058451365,13510.270067091933,22678.949018175266,48923.603204574676,710.3447878644638,4696.409159003177,8446.320045156832,9027.066983496385,14078.438574893256,26269.71124775857,704.8098170497052,3705.763400476865,12601.065524069812,15110.69551012952,21399.690776126306,27525.91850544297,46744.46102308346,0.0,1434.349894601868,5312.802005656446,9200.05371133321,10140.449411566427,11717.038789261946,22275.60247251576,0.0,1409.3103588719775,5257.778650818624,8797.405228697819,8300.629480722839,14008.961970155007,45877.655063947066,3664.040709510017,9501.37731742693,9658.899504513896,9742.018375710342,13018.07105808117,39898.983834034945,606.1585687540269,4761.667391774159,7073.23323384054,10999.620097035595,12530.858443399542,21354.39939789606,45509.8432765145
13578.678314254668,19370.787002116977,25322.435506065023,26216.95596998539,27882.82978448438,4774.696962088046,8344.007814192977,12122.077167657619,11152.770313010975,10611.102447348852,33219.69883775668,919.197074189848,5744.815274958236,9005.763009107204,9950.614271930406,9516.986588350665,10065.897207126363,8392.933287573862,8748.069753639329,12603.30680918865,15019.907961593037,24303.014436555663,45453.946568138155,931.9207406756997,4513.800838431288,7159.014534241303,11677.718243857285,9775.190703298882,40770.14493658512,860.1099524220946,4398.408879146409,9097.452478650896,11315.093803562868,11008.827585681514,23932.796227451978,0.0,1390.6478630732215,4824.57994476359,7212.191489194933,8607.896113452754,9454.947215973554,24622.73596770387,3788.65025272827,7695.671407340416,11459.882503367257,8822.096660585019,11303.093778126762,40977.20613584994,0.0,1705.4534340429,5978.450996682982,7307.522913997941,8288.40197611033,9947.848438303477,23570.845508207276,941.7767731378419,5265.873758994655,9245.486972743129,9499.603528265528,13381.150904994089,18776.37007169131,37293.64641977519,1068.924666822566,5466.501427901216,7084.644797179062,11428.969986677768,8859.305204106899,8250.377007441082,0.0,1523.2375312110871,6174.954822747932,9456.606905664312,10795.889579592678,10026.948909243663,3606.737011969791,10042.103256187298,8832.562541259796,9263.351123668015,11206.418090389423,45411.97460997413,0.0,1919.1004819451364,6299.637160066588,8198.493416842251,8087.933685068714,29101.09339340178,1081.6201396675397,5589.964414972059,7419.106388976316,11103.633539571183,10954.04978208553,22882.840270095763,0.0,1441.7238433644343,6610.062522652102,9412.526427096593,8585.005590707658,9582.243207388332,48503.45289440533,0.0,5564.774128484319,7575.27837355539,11260.992454383595,11364.143206845423,25020.78373953332,922.6273099349986,4482.8159622123,7174.673559663053,9382.99758763493,11923.12162859661,23237.053059497586,931.5772625923383,5550.815129060866,7467.950837490055,8878.957159003456,11722.865716620143,26305.52464690437,0.0,1899.9343570828441,4959.1445445791105,7337.961020947642,8350.74776187762,19195.275495557038,47583.46063181565,0.0,1899.9748867889969,6319.451336736849,10040.640620174447,8252.04519485353,9574.328742482314,19410.55356756643,0.0,1443.7777595997757,6172.996113498116,7346.535774265576,10126.302384573586,12362.320192090723,19320.870606625584,1122.687606778113,4614.2799738786625,7416.54463650521,9245.035593188659,12115.593933591106,24586.49210304592,1109.913731038223,5641.253218184173,8950.371727170852,9713.121973984064,12952.018197121317,28482.279625269977,1101.2653391401625,4452.78922411794,14093.834409712099,16674.231556727347,23365.085474376756,29822.767007730577,0.0,1952.4950778519917,6170.873229858482,9268.919613310562,10428.853879735672,12452.46315648361,24321.33437583157,0.0,1918.4102492837985,6084.186619245943,9002.314566964755,8714.536768222146,15487.405411633166,48814.628518629375,4523.507048777796,10690.607561176324,8611.538491914707,11140.114442757545,14622.026315271056,42687.84599234893,947.1227636781655,5721.547481470984,7447.262132147658,11731.658784589616,13142.814412034593,23175.367769084547
15110.689256866108,21294.329979060873,27546.713145453163,28321.05403778009,29931.019676650958,5777.383324126534,9356.055421362611,9514.31389359995,12661.802254197666,11860.73765412591,35472.610200842064,1323.6437868333796,6403.070279836981,9648.72560723998,10739.540843154424,7542.2314070304055,11422.654478258244,7591.8315457240315,9907.502568764447,14034.030677951783,16532.543615096332,26499.82189673465,48094.17439065982,1341.9658665730055,5030.273322908469,7669.305145151169,12654.759817533508,7574.949006514098,43508.24433406709,1238.5583314878147,4903.639639777196,9827.070339628644,12278.168428570945,9612.700629790445,25854.25536576458,43.751822572580814,1827.4571379053511,5546.00441416363,7316.1701345516985,9041.326330438442,10156.724612254968,26766.74799019646,4584.266805801206,8628.979419037516,9585.288325730271,10010.253427129586,12622.874689629274,43744.73806851455,43.24431363343671,2240.421041711358,6864.829256629461,7387.3321353724605,8702.944021422283,10685.602235289793,25625.91651357959,1356.1585533184907,5869.890678989517,9921.998549001803,10302.614436102145,14917.470571921058,20670.21444617019,39615.61117902596,1539.2515202244933,6093.869529484205,7590.668556835139,12393.646055690979,7261.596504004663,9354.51625407178,37.03590241881089,2001.693867335601,7082.801835286641,10198.993340969513,7838.0788015297185,11406.355685181092,4364.151784483444,11272.524898949052,7661.095478478498,10508.666318614058,12516.982777771933,48042.34248481057,48.32479022510186,2521.085017675209,7226.717506035409,8190.2281588787855,8313.399200178967,31490.19807994804,1557.5330011212552,6230.321612468197,7963.326977723022,12036.583271973062,9160.482027843416,24715.810954845478,35.24691387569004,1894.5763326613965,7592.20111267279,9442.80024478012,8880.454261633577,10264.550139267563,51504.526044135244,35.62044893938874,6209.456734420711,8188.392373257254,12213.699783210262,9663.217210418787,27028.880437766835,1328.5833263063962,4996.467994844112,7692.137193455262,10172.833935793346,9388.291662514532,25111.60605254544,1341.4712581329657,6187.231716895651,8005.497504536075,9583.03510258442,9423.188708918144,28425.9499033046,46.34753826055551,2496.7130030529115,5691.194506368449,7336.476541967042,8625.662157544593,21119.578961650644,50529.17093431811,45.262882850986784,2496.7662633373975,7291.2701056013375,10180.441591035205,8645.43683128361,10274.923216149848,21115.137802702095,43.10285957358291,1897.2753940015116,7093.977583969938,7390.531169935318,10598.630015786814,13273.904185928064,21017.382259125403,1616.6701537604802,5142.937173234911,7957.63866459553,9980.5161770768,9570.647124514868,26571.051363098606,1598.2757726950397,6286.393213826233,9622.236830861724,10533.048298046835,9995.780475442154,30784.296057284726,1585.822088361832,4963.395327757837,15670.143735766962,18314.726270651507,25416.81232826133,32211.642558932523,36.10043765882201,2565.783302510865,7110.8267698140735,9334.886943644386,10929.538597954408,13368.932089302732,26456.92277725657,45.94829462262833,2520.99226308585,6988.864199599484,9014.77743894854,9021.651581594115,17039.99932576067,51842.71698536375,5473.44352902113,11998.334775102107,7154.076766206244,12631.920669980162,16319.137611101864,45570.911678399614,1363.8567796965567,6378.186179715232,7967.542936452136,12641.255413364826,9311.546971882537,25070.83267266594
16724.567919403755,23308.911414989583,29864.610642788273,30506.359273370104,32051.794235068446,6875.563625406781,10461.546350047349,10232.777571852725,14266.551548530715,13179.91755591284,37799.43049658028,1801.6262654120983,7175.8826786382415,10452.614626895402,11663.484875050088,8189.260042508216,12865.161061669818,8583.103879696771,11139.063166075788,15541.655973029754,18117.73726874523,28791.667772890076,50808.93274980348,1826.5646517243672,5627.94193960494,8307.709663356814,13783.849805365446,8043.667194839343,46335.324640841995,1685.815506747302,5505.7101143610025,10709.823904831548,11738.397722515032,11007.188326115638,27849.898069931667,175.00729029032325,2333.337679721721,6053.598949420715,7591.2306977369035,9629.903949714131,8467.49535683492,29000.24893659488,5455.656363928705,9648.014670071318,10803.811679931345,11273.447251466427,14015.511529755926,46602.698489313276,172.97725453374684,2859.4911239517464,7535.267516161221,7642.643394315855,9267.091498289696,8969.471360689737,27766.87042326914,1845.8824753501667,6559.326016988947,10762.041963938174,11228.017620883835,16537.257902940808,22655.035409459895,42007.69427847371,2095.092346972225,6804.793926199596,8223.726305849392,13505.76933304697,8084.411915115435,10527.972859341067,148.14360967524357,2555.806988324535,8074.68952099142,11071.30573004355,7969.844695146678,12874.630578991071,5193.701297236494,12475.692589904156,8772.721428960242,11832.494037301854,13900.003023332807,50746.75943719175,193.29916090040743,3217.7077864182806,8239.377485516625,8475.891754395761,8706.759755663581,33973.54141523672,2119.975473748373,6992.744577757747,8637.979270514332,12862.32210991147,10326.937553109441,26619.393473174867,140.98765550276016,2419.036951627146,8369.734465834665,9706.326880496943,9346.7215156469,11079.543375243846,54595.67669202642,142.48179575755495,6976.208457930912,8928.249990251816,12255.559540010143,11025.004921137468,29114.479153619508,1808.349527472594,5595.41819034818,8337.221640470452,11083.865916211336,10129.403117506678,27058.865725646807,1825.8914346809795,6923.815481824615,8676.101861515153,10407.582773389917,10296.09405267521,30628.556239922953,185.39015304222204,3187.858365943386,6447.0924940381165,7750.731566270352,9068.127848807882,23135.785410380766,53563.34248177641,181.05153140394714,3187.926369852231,7820.544988895288,10558.441359571829,9190.151148044657,9857.82929401973,22891.45168888365,172.41143829433165,2422.4831728238796,7817.837031813593,7614.552203165656,11258.817308568377,12333.228851806687,22785.275923249443,2200.467709285096,5773.299721100086,8629.455416142002,10840.2716397697,10359.005246937573,28632.626798333324,2175.430912834914,7055.503672992873,10449.701439507135,11192.21952604168,10614.293433261026,33175.76054380282,2158.480064714714,5572.110162455315,17329.993502234403,20032.179651902,27554.87133778002,34692.545159048816,144.40175063528804,3276.048851472165,7712.3211642252345,9626.452256317723,11621.334975485659,12259.543227236973,28682.36767679075,183.79317849051333,3218.8586619807274,7808.158525592733,9252.345355243058,9501.542016486883,18666.743712537515,54961.92046415018,6513.85015024002,13421.84717485331,8038.89538482566,14217.43705737819,18109.40494557359,48548.18089218698,1856.3606168092006,7122.279590316409,8622.795796136726,13715.184851023141,9313.487366242976,27040.794108640242
18420.314301867616,25414.531309903112,32276.12799807036,32772.87167675543,34245.15345973685,8069.23786592879,8247.515625474605,11657.169013021427,15967.018196010116,14568.64215270965,40200.159724971316,2353.1445099260045,8072.709884917599,11406.784970696475,8307.07990551908,9324.891277197527,14393.41695736108,9752.070602767693,12442.751545573357,17126.182694422565,19775.488922539735,31178.55206502193,2385.7170961297843,6323.497509054904,9065.747259185271,9895.40472821545,9168.737938124672,49251.38585690981,2201.881478200557,6201.843955268383,11736.554255811496,9087.928219403198,12496.090909061673,29919.72433995323,393.7664031532273,2909.096667570329,6299.001629550804,8019.538309496748,10360.213535189048,7057.674302913311,31323.238806899124,6402.818927110771,7449.887417860231,12277.402634881228,12611.678133595544,15481.004298506721,49551.087398246134,389.19882270093046,3563.660683977883,7827.887889575994,8054.740329766174,9967.875098369466,7426.926131820736,29993.707237275947,2410.9485392328684,7364.090283618297,11755.014099592932,7965.9422488724,18240.512898053337,24730.832961560434,44469.89571811845,2736.4471470657627,7635.861003439539,8975.43433571227,9517.823341272775,9193.4751624062,11770.746823248943,333.32312176929804,3186.4610327531273,8387.835170316446,8231.803629316633,9099.965526876927,14431.773590673603,6095.385550228938,9437.87018951652,9959.626848012764,13234.834279731407,15355.47882707205,434.92311202591674,4010.090688843079,8561.332783725382,8751.050996377955,9251.096656619968,36551.123399267824,2768.9475575488946,7874.933221613197,9434.60179338434,9183.356856144554,11735.485038147708,28593.587825083923,317.2222248812104,3015.9425255359065,8689.727566107491,10177.092374418731,9967.172243397112,7675.654218875887,57776.90483807886,320.5840404544987,7861.589415590567,9787.336732483365,9145.385341700063,12519.750765533816,31277.579887091342,2361.92591343359,6291.495279272115,9101.551551629098,7848.999504855546,11537.647280359864,29078.832078801697,2384.837792236379,7781.109709850794,9471.021852191538,7426.806150064797,11720.18782327477,32913.34365675941,417.12784434499963,3974.4732319061995,6677.113983028127,8041.315871608005,9661.73192307651,25243.8948417474,56685.97527419055,407.3659456588811,3974.558016010241,8141.798083312979,11149.698113709732,9872.876055212304,7402.07393622938,24739.495226111103,387.9257361622462,3020.2391135035436,8115.194966922236,7998.8341247687085,12090.276375956953,9488.191545673944,24624.551598997692,2874.080273351959,6502.436701627448,9423.477271072315,7629.4495094585,11797.349292212923,30771.21840875007,2841.3791514578447,7945.024162050271,11422.867072346344,8028.074507787948,12098.918631338489,35656.67308482426,2819.2392681988076,6276.111419607755,19073.38370911442,21826.59170047882,29779.262502932837,37265.474808079445,324.9039389293981,4084.425018907632,8011.974913379566,10118.971297371181,12487.479650917561,9500.112847735603,30997.669074434114,413.53465160365505,4013.122956153003,8092.335426351146,9689.6870647535,10137.448072373292,20367.638571963707,58172.23895498868,7644.726912434465,10188.686305083002,9136.968677828983,15896.663604951635,19992.82831868625,51619.653633711045,2424.634275016098,7992.121079508382,9403.96880781309,10840.70499322521,10640.049327584997,29085.25207700745
20197.928404257687,27611.189663801462,34781.26521129943,35120.59124793606,36511.097350656164,9358.406045692558,8019.006221009791,13174.34474678938,17763.20219663587,16026.91144451633,42674.79788601517,2978.198520375098,9090.125269890876,12502.431873403997,8157.809521270767,10534.235286827106,16007.422165332038,10995.641177283716,13818.567707257153,18787.61084213022,21505.79857647984,33660.47477313022,3019.423199789256,7114.155999650735,9936.404838327495,9589.22540383171,10367.426462424826,52256.427982270565,2786.7562458475777,6989.54771418976,12899.578281897246,9681.15398510676,14079.408378628554,32063.73417582928,700.029161161293,3555.197139096268,6686.326263796641,8587.254049323565,10635.891287805694,7932.36644827871,33735.7176011092,7425.754495347402,7476.036198707264,13845.169205312179,14024.94607351693,17019.35299588166,52589.90479531313,691.9090181349874,4353.518948246585,8296.503687454402,8609.129588432208,10281.866535366558,8319.932690993233,32306.426955599993,3051.356744966597,8280.793340492113,12892.121306047875,7811.559430718996,20027.235557258646,26897.607102471808,47002.215497960184,3463.3159205051033,8583.487057846285,9838.859532285112,9472.229743387616,10373.802385409108,13082.838145795407,592.5744387009743,3894.163186040564,8663.749659848672,7671.952161385895,10304.989106974544,16077.784720228683,7069.204543460778,9862.487016728357,11221.811735636067,14715.687045902714,16883.410188989656,773.1966436016297,4898.896765496292,8827.658627542907,9204.688648198677,9933.001003575335,39222.94403204134,3504.4492525228175,8873.686977999565,10346.173142679478,9215.590039332763,13234.051280353428,30638.394010572647,563.9506220110407,3685.773098567825,9181.862359927047,10835.048090576489,10728.531312654937,7477.606945461013,61048.21048229258,569.9271830302198,8862.498240965386,10759.341046300913,9483.944538472777,14109.486804492766,33518.18263818233,2989.312484189385,7081.972433111789,9978.191745956034,7722.2094950879555,13037.516763021835,31171.5051120101,3018.310330799165,8755.671191556947,10383.020568216405,7269.166942147008,13236.493750739315,35280.312153814,741.5606121688882,4857.190213376095,6940.465422683151,8490.043897236748,10393.39726553617,27443.907255750546,59897.06931156053,724.2061256157886,4857.293827741164,8645.203927569593,11934.858405346562,10682.84438093099,7710.263619442653,26659.268414384445,689.6457531773266,3691.0239441037284,8573.153930956047,8528.119490810313,13079.611411329512,10043.11421793385,26535.20928637016,3637.50784596107,7327.718899413078,10332.6405879321,7531.0225669317615,13329.166200225534,32986.82619434884,3596.1204885638326,8951.761603137338,12533.497828379126,8056.252700175733,13680.688665306012,38227.033680349035,3568.0996988141133,7072.866310898013,20900.314356407016,23697.96241638197,32089.985823719773,39930.43150602441,577.6070025411522,4991.5619181543,8492.822086161164,10793.399014130428,13514.410264321608,10087.955178957476,33402.82697018666,735.1727139620533,4904.423909870569,8471.18474617678,10307.306644807059,10915.984573073833,22142.683904039244,61473.672457879235,8866.073815604466,10292.016664294293,10305.314972883827,17669.60031270049,21969.407730439827,54785.329902971804,3068.6777543172466,8983.959742038258,10303.594654064429,9558.171524813715,12054.902176126736,31204.206577767567
22057.410226573975,29898.886476684627,37380.022282475475,37549.517986912,38849.62590782639,10743.068164698087,9168.25961967688,14784.304773156584,19655.103550407985,17554.72543133289,45223.34497971186,3676.788296759378,10224.982792643574,11028.10665625545,9324.41845009381,11817.292071396958,17707.176685582686,12313.81560324484,15266.511651127172,20525.94041615271,23308.666230565555,36237.43589721495,3727.6829627027832,7997.376871752652,8686.615037532882,10964.468219180451,11639.732767739804,55350.45101692424,3440.439809688366,7866.514862734102,10002.550944188486,11033.668586251077,15757.140734816276,34281.92757755981,1093.7955643145203,4204.69593920934,7204.003201999769,9283.389082430873,7698.455855350498,9015.888416186417,36237.68531922511,8524.463068638597,8539.970496394968,15507.111391224202,15513.251071230596,18630.55762188074,55719.15068051425,1081.1078408359178,5200.104367739887,8927.744856182899,9294.33515006127,7408.371405515652,9458.038408948294,34705.0295782413,3767.1070925513527,9306.357780740036,10860.883036261426,8929.483236045808,21897.425880556737,29155.357832194008,4275.6986672902485,9644.427773483123,8570.054653728968,10822.53227715065,11625.393584124162,14464.24682698046,925.8975604702722,4679.167555469645,9134.16350100267,8779.217876720784,11584.915435439527,17812.66396765632,8115.158276932014,11249.722594960718,12559.276091830154,16275.052335815777,18483.797109085626,1208.1197556275463,5884.478163690019,9293.701641840977,9819.68246603624,10710.724414254291,41989.00331355728,4326.480558670143,9986.049559856177,8715.460780734467,10527.084801486364,14822.636279726605,32753.81202964104,881.172846892251,4400.873511744544,9857.159939987307,11664.421778609505,8730.466115968693,8549.269064072707,890.5112234847184,9976.058806875446,8417.25933019515,10820.76580092903,15794.213038014323,35836.287406892465,3690.50923973998,7964.353375088314,8581.071486072993,8826.525368573606,14629.01156549259,33336.88482527203,3726.309050369338,9844.356981519444,9152.322390608277,8309.468157492543,14845.011835068852,37729.46173108669,1158.6884565138878,5836.326258397678,7354.510254979519,9082.125585806136,8639.155520169097,29735.822652390198,1131.5720712746695,5694.224376260698,9315.92537983335,12898.5576050781,7817.440403984806,8795.932032588144,28650.77125370368,1077.5714893395725,4389.8150096566305,9202.23453143365,9190.377789559385,9500.57249408178,11449.476787091906,28517.248985366845,4490.750427112429,8246.716045238674,8912.999601914575,8607.177369813217,14954.455970975407,35279.45015512965,4439.654924152878,10072.765047407647,10230.528827405278,9202.75912827974,15359.60353516359,40886.842330377156,4405.061356560632,7960.033090813154,22810.78544411219,25646.291799611456,34487.04130014084,42687.41525288372,902.5109414705502,5868.854013350881,9139.83684490649,11634.699590733995,9611.842814655143,11498.961248266323,35897.84136404839,1148.7073655657082,5851.95406230481,9027.547753996605,11089.893335014642,8610.993101922175,23991.87970876412,10177.890859750021,11754.112745393004,11543.934269990184,19536.24718062476,24039.14318083433,58045.20969996925,3788.4910547126483,10094.399894593482,9771.330568126066,10944.32443749909,13558.045911868194,33397.65761092059
23998.759768816475,32277.621748552607,40072.399211598495,40059.65189368325,41260.73913124753,9727.216340373316,10394.445733953717,16487.04909212304,21642.72225732645,19152.084113159322,47845.80100606136,4448.913839078847,11474.365243877128,9253.045321570116,10568.963377693306,13174.06163090708,19492.680518113022,13706.593880651066,16786.58337718342,22341.17141649004,25184.09188479687,38909.43543727611,4510.496384870366,8970.813070891745,7361.845643573784,12431.831427954226,12985.656854069608,58533.45496087083,4162.932169722922,8830.596995916863,9416.564047718712,12474.586045122702,17529.287977624845,36574.30454514481,1575.0656126129093,4724.658745883132,7842.984168876117,10099.002929039743,7802.166942915632,10168.752150221033,38829.14196124684,7713.9993901085045,9674.65949394371,17263.229192617287,17076.593126736534,20314.618176503962,58938.825053849505,1556.7952908037219,5818.083518943561,9710.122347375065,10101.047989613731,7508.174569940953,10669.07789711043,37189.51510519985,4558.1995819871345,10437.949956870649,9515.308133415068,10122.142528742732,23851.0838679476,31504.08515072704,5173.595387421199,10815.700897816743,7311.281803988976,12262.776210308808,12948.248758551365,15914.972866804103,1333.2924870771922,5215.188610346145,9781.755616745519,9961.094032587987,12939.744512271875,19636.411332956504,7337.994709007319,12728.208888215113,13972.019916595022,17912.930149470594,20156.639587359965,1739.692448103667,6557.631924351128,9941.427784055872,10582.462950933117,7440.52494941711,44849.30124381564,5235.041475990871,11209.26969450322,7584.788925616036,11925.797748510195,16501.24003626723,34939.8418822891,1268.8888995248417,4926.915947674333,10702.276791323566,12652.50544342045,7448.1319703428435,9692.669823698221,1282.3361618179947,11199.58835683178,7792.7607747538805,12245.69626887868,17573.92946609848,38231.894193221764,4465.516180085374,8936.327499032313,7369.063350481824,10004.615716468283,16312.131687772135,35574.97121858746,4508.833950946897,11044.263106764396,7679.183428089406,9419.315631688733,16545.742076263377,40260.792388577494,1668.5113773799985,6510.664237958705,7906.483056936333,9805.770971487762,7272.7431772688915,32119.641031666364,1629.4637826355245,6499.005430189079,10142.341995203062,14028.299279666777,7261.556684777189,9953.08593348116,30714.003744068807,1551.7029446489848,4925.743151098386,9989.942712792308,9975.892341613859,9054.609308753368,12947.963073221688,30570.67069598775,5433.808016806036,9257.16544672186,7578.712381156713,9755.17410550854,16673.21860446254,37649.09029109248,5371.982458224981,11305.287143037178,9172.177722768658,10425.511541108139,17135.663240911224,43636.09903490861,5330.124241438361,8935.431167652312,24804.796972229935,27671.57985016727,36970.42893219603,45536.42604865736,1299.6157557175925,6661.059592016943,9941.280604206971,12630.715236248621,9314.437340103665,13002.294965806106,38482.712256019324,1654.1386064146202,6554.1334006242,9747.292045691383,12025.13233361958,7569.487399740029,25915.22598613835,9203.185782586464,13313.28168202181,12852.826569148057,21496.604208724446,26202.03466986975,61399.293024703395,4584.074176202303,11320.320144141217,7743.799533100822,12424.301078958873,15149.48053480937,35665.60517646652
26021.97703098518,34747.39547940541,42858.39599866848,42650.992968249804,43744.437020919584,10863.091641218409,11697.564563840295,18282.577703688745,23726.05831739127,20818.987489995627,50542.165965063694,5294.5751473335,12835.577382865491,10462.775796019041,11891.444304069257,14604.543965357472,21363.933662923057,15173.976009502392,18378.78288542589,24233.303843142214,27132.075539173795,41676.4733933137,5367.863466292003,10032.300389037999,8374.47585295414,13991.315030153039,14405.198721414237,4954.233325951243,9115.537647312985,10773.595645683285,14003.906361721634,19395.85010705425,38940.8650785843,2143.8393060564604,5335.492875298066,8595.955546776571,8152.708614833343,8909.541427598402,11390.95765038256,41510.0875271744,8643.818906637498,10880.10319135349,19113.522609491443,18714.972240034742,22071.53465975133,62248.92791531889,2118.9713680383993,6548.992867049128,10634.368139973345,8342.32742148329,8573.822229895997,11953.051155479641,39759.883536475645,5424.634213273944,11672.961981046896,10895.469773550676,11389.537308809766,25888.20951943125,33943.78905807091,6157.006080897953,12094.564404126359,8372.378839039231,13792.961542862085,14342.36790869071,17435.016265266335,1814.7592185217338,5848.997622441757,10592.992750458272,11217.580628987509,14369.47633747159,21549.02681612924,8402.968627081982,14297.945896491545,15460.043209930669,19629.32048686717,21901.937623812668,2367.914721029991,7360.084834935126,10756.768660177559,11482.027579603187,7331.1370904599235,47803.837822816415,6230.132004485001,12518.368736525279,8685.22885096253,13411.728880404251,18269.86254997531,37196.48356851683,1727.0987799088123,5548.712227976037,11706.49791787898,12615.562433867199,8523.429207990082,10907.809224337552,1745.4019980300484,11445.001951981732,8918.472306057605,13758.735942321731,19448.636088745254,40705.00299717021,5314.333305225567,9995.76208999138,8438.520301368724,11256.480538771986,18086.87712986046,37885.76429195641,5365.885032531843,12352.711829102602,8683.14935379251,10598.709364735578,18338.684474322887,42874.30412628643,2271.0293747672204,7313.176467647796,8586.34118618672,10262.763157630518,8248.33693500447,34595.362393579046,2217.881259698353,7419.882414496383,11115.050443853976,12018.693945637304,8310.072189824305,11181.7253221217,32848.96588547983,2112.040119105563,5556.61475069285,10926.247776585853,8928.676131391872,10357.3033565408,14538.573076323193,32695.47441823287,6466.680615041892,10356.971931032313,8672.930851315392,10975.012774017734,18485.45410068694,40095.746602237334,6393.10309078014,12340.862486925127,10500.875025181216,11724.509938660925,19008.867782548914,46474.80379394342,6343.288353447305,9562.487831828324,26882.348940760257,29773.826568049422,39540.14871988534,48477.463893345346,1768.9214452822787,7575.496080231441,10887.680542345888,10908.519990708463,10650.271309120088,14597.956331576826,41157.439646099425,2251.466436508789,7383.4988874630435,10619.20892477286,11826.66432875811,8667.235748307083,27912.722736161926,10531.86259564165,14969.523474180714,14231.99187035745,23550.67139699954,28458.0821975461,64847.57987717423,5455.42711878621,12658.850531478955,8387.441778634491,13998.101449193065,16829.206044950268,38008.04927440535
28127.062013080103,37308.207669243035,45738.01264368545,45323.541210611664,46300.719576842544,12351.227039815436,13077.616109336619,20170.8906078537,25905.11173060245,22555.435561841812,6213.772221523343,9762.549042558607,11887.742440711476,13291.861229221662,16108.739074748133,23320.93612001278,16715.961989798816,20043.110175854592,26202.337696109225,29152.61719369633,44538.54976532773,6299.784206967695,7677.415639395744,9511.60477738889,15642.919025776888,15898.358369773689,5814.343278373332,7299.289609661423,12221.94000645079,15621.629536047874,21356.827123104504,41381.60917787827,2800.116644645172,6035.018876944842,9456.827891098992,7212.108708345241,10090.375027442165,12682.504916670994,44280.52201700778,9826.229881339483,12156.301588624308,21057.991641846667,20428.388411125226,23901.307071622836,2767.6360725399495,7389.857232515236,11692.781156631821,7235.880480909349,9710.161002258335,13309.958184055928,42416.13487206869,6366.410986411779,8910.826041948867,12369.063842684895,12731.667576246913,28008.80283500768,36474.46955422562,7225.930747720513,9347.149106300161,9505.348018273564,15413.088274810483,15807.751034542207,19024.377022367153,2370.297754803897,6583.438485488575,11556.989274330155,12548.677665919346,15874.110911038666,23550.51041717453,9540.07728539604,15958.933619790007,17023.345971837098,21424.223348005497,23719.69121844374,3092.786574406519,8288.12560987834,11728.429249083147,9055.229885964929,8378.729010463301,50852.61305055961,7311.752144152534,9399.827100369448,9860.183516093339,14984.878197168535,20128.50382085085,39523.73708832423,2255.8024880441626,6263.753418883432,12860.95738413757,9414.027926128894,9677.2339852396,12194.687265990704,2279.708732120879,9229.620231504508,10120.10087440483,15359.88482125818,21418.332905954623,43255.6138187378,6236.960615160559,7596.179271192254,9580.413999427383,12582.119835484717,19953.247891757568,40269.26404537887,6297.4622951241745,9432.871612051427,9865.741664022924,11847.64935663308,20223.83902924739,45569.99694421346,2966.2424486755526,8240.23133301988,9385.946081531478,7405.894926930883,9370.032174312359,37162.98673812824,2896.824502463154,8455.004754129593,12226.216274731587,9984.587445943112,9429.269687050413,12481.850198509763,35055.65767793674,2758.5830127093063,6280.068443080367,12002.851968585954,7247.215247956715,11747.517204168425,16221.306796396424,34891.660152102195,7589.368221819995,7768.355680609376,9846.973458441375,12266.693375340796,20391.162459648604,42619.41908856422,7503.016821818357,9424.784824250504,11919.413716873305,13099.7543209381,20979.217160076663,49402.95660748157,7444.553692587459,7427.184383672836,29043.441349703156,31953.031953257905,42196.20066320877,51510.528786947674,2310.4280101646086,8609.87707092247,11971.163447522913,9092.273213836992,12075.585877055408,16285.945345578484,43922.02353428872,2940.6908558482132,8336.748590601812,11634.136460695525,8975.104533305257,9839.28675307891,29984.369958834843,11957.546211902054,16722.838121869714,15681.430173618359,25698.44874545005,30807.285763863372,6402.549882464369,9903.73650004713,9552.034965896279,15665.725548201664,18597.22244229088,40424.989904737085
30314.014715101246,39960.05831806547,48711.24914664938,48077.29662076884,48929.58679901643,13934.856377654223,14534.60037044269,22151.98780461791,28179.882496959985,24361.428328697868,7206.505061648373,9908.796342189871,13403.650938389756,14770.214153150522,17686.64695907907,25363.68788938219,18332.551821540343,21779.565248469517,28248.272975391083,31245.716848364467,47495.66455331819,7306.258606897444,7755.277504220989,10721.101230649234,17386.64341482577,17465.135799147967,6743.262026989189,7955.303191398399,13761.597130021228,17327.75556810142,23412.2190257756,43896.53684302672,3543.8976283790453,6821.205372846669,9818.419342499139,8257.837862147393,11344.667742446918,14043.39394908634,47140.44543074699,11084.413861096029,13503.254685756163,23096.636289682963,22216.841640007984,25803.93541211849,3502.7894043083734,8337.959726561754,12506.525682295262,8285.807679931884,10917.190887027968,14739.798982839287,45158.269111978974,7383.529901400641,9150.385515202284,13936.090340817722,14148.53333105417,30212.86381467689,39096.126639191156,8380.369387888877,9379.957193163222,10710.18934169197,17123.156406154,17344.398136105847,20683.055138106563,2999.9080959236817,7415.7762663580925,12664.748034561531,13954.385143383499,17453.64823297311,25640.862136092368,10749.320683949492,17711.172058110504,18661.92820231431,23297.63873288558,25609.90037125317,3914.3080082332494,9338.425445085348,12847.090593699371,7957.484390702678,9496.25606259797,53995.626927045225,8479.901894993469,9791.194406516364,11109.652921008457,16645.245698803046,22077.16384889384,41921.6024417113,2855.000023930893,7069.74328765026,14158.147790233583,9762.53218417623,10904.256185811859,13553.303948657676,2885.2563640904873,10116.263076847627,11397.64647979556,17049.14290568803,23483.019917726597,45883.72665792456,7233.398109890351,7760.2645341196385,10794.744444657797,13981.53360660647,21911.243973463468,42725.470478854855,7303.5657387238925,9591.447557612662,11123.807415277197,13166.135607381231,22201.205741036876,48347.87084235862,3754.1505991049958,9288.558605197946,10298.526343869726,7481.003116560697,10563.214041386904,39822.51406531395,3666.293510929929,9602.481242692875,12541.500901508243,11219.484576644329,10619.14917645552,13853.460562645349,37334.07912143954,3491.331625460215,7093.91910473508,13212.730538692662,7993.296796317391,13225.25085163624,17996.164233441377,37159.227897595745,8801.870837140346,8065.790742295744,11095.517728465473,13630.215909477729,22390.343681347524,45220.10775007313,8701.723651339631,9944.09942926246,13427.793797844926,14551.244687939663,23046.71137349447,52420.55747552305,8633.920258858827,7937.29834031613,31288.074199058643,34209.19600579272,44938.584762166334,54635.62072946433,2924.1354503645825,9761.948631401625,13185.039719204098,10219.123167847543,13590.381043909627,18066.262007811078,46776.463920587186,3721.8118644328943,9410.85462659431,12784.394407072423,9409.08156743512,11085.640414055515,32130.16765415711,13473.699969138013,18573.225625088813,17201.141478930786,27939.936254075976,33249.64536882157,7425.442467236781,9725.775703994852,10792.310921474344,17427.173375984672,20453.529726831213,42916.42706746173
32582.835137048594,42702.947425872735,51778.1055075603,50912.25919872131,15613.979654734772,16068.517347158504,24225.869293981366,30550.370616463868,26236.9657905638,8272.773667708589,11315.168228813278,15010.501289053878,16326.503075855835,19338.267618350274,27492.188971031297,20023.745504726972,23588.148103270665,30371.109680987785,33411.37450317821,50547.81775728509,8387.286666081247,8857.001414763448,12002.96521273517,19222.48819729969,19105.531009537066,7740.989571798811,9057.070420037697,15392.5670163946,19122.284457882273,25562.02581506754,46485.64807402964,4375.18225725808,7692.124894726486,7427.641115150059,9374.336591094137,12672.419572612664,15473.624747628592,50089.85776839204,12418.370845907142,14920.962482749059,25229.456553000327,24080.33192668302,27779.41968123829,4324.4313633436705,9390.75817277793,9234.320356426942,9406.836099240048,12194.911884204894,16242.573551829726,47986.28625620651,8475.990958240529,10444.144072299396,15596.549267949156,15640.134573231539,32500.392458438884,41808.760312967526,9620.322001403045,10714.843475599158,11986.902809294455,18923.16593689264,18952.30921338163,22411.05061248456,3703.590241881088,8343.492440837837,11461.093832639213,15434.70306137997,19108.088303274923,27820.081972882763,12030.69882274234,19554.661211453036,20375.789901362303,25249.566641507423,27572.565082240977,4832.479022510184,10507.90769036832,11918.113996609512,9111.689231369674,10683.718246863926,57232.879452273264,9734.581257007805,11169.874957375407,12433.637065707888,18392.831385307785,24115.842634104283,44390.07962867803,3524.6913875690034,7964.530128897573,10668.267300836389,11138.622116617133,12204.495809706857,14983.659272338467,3562.044893938873,11513.634033847653,12751.109122229787,18826.510195611278,25642.697124061182,48589.34151473046,8303.64578941494,8859.622723378809,12081.511637059972,15454.721852137252,23960.865374978148,45254.38359238435,8384.195363330997,10951.511035123978,12457.346607555332,14554.168116980041,24270.784609691353,51207.925820721895,4634.75382605555,10455.127965673137,8661.869822191939,8543.7632826375,11827.882536228111,42573.944375136176,4526.288285098677,10860.42180048847,9517.584879945467,12752.010599825438,11879.710658039623,15296.55641452846,39684.23021598824,4310.28595735829,7996.104029592185,9755.977111613072,9094.446212807445,14790.504298944246,19863.145387458055,39498.177654713516,10104.188461002946,9202.714362956232,12418.563661387683,15065.580376428532,24482.997765783708,47897.81258676407,9989.223579343961,11338.186034018567,15026.01526809608,16078.981039665616,25211.350422802334,55527.60639806788,9911.388052261404,9044.862534670032,33616.2474888267,36542.318725653866,47767.30101675801,57852.73972089533,3610.0437658822,11029.500899509809,9530.921482319965,11615.004777366494,15194.65680968275,19938.90631827461,49720.76080499485,4594.829462262832,10602.975978828583,10157.9972051993,10731.104484556996,12406.296731236895,34350.115822128726,15080.323867349527,20520.685983838008,18791.125786294724,30275.13392287731,35785.16101242069,8524.104873103444,11116.611901680817,12108.269645368684,19282.444932542086,22398.127898571263,45482.36076257929
34933.523278922155,45536.874992664816,54938.58172641819,53828.428944469095,17388.59687105708,17679.367039484063,26392.53507594408,33016.57608911411,28182.047947439616,7481.213713647914,12814.833609017805,16708.293492703844,17960.727997337606,21063.60105256175,29706.439364960093,21789.5430393587,25468.858740258045,32570.847812899323,35649.59015813756,53695.009377228416,7586.72389173637,10031.872013396187,13357.196723646697,21150.453373198645,20819.544000940994,7007.597951700446,10230.266042958443,17114.849665570906,21005.21620539044,27806.24749098032,49148.94287088705,5293.970531282276,8645.95385778466,7761.816235240874,10561.604895185472,14073.6305179394,16973.197312297754,53128.75902994291,13828.10083577282,16409.42497960299,27456.452431798756,26018.859271150322,29827.75987898223,5232.56194964584,10545.867927383782,9495.256000827603,10598.965738833844,13543.323993789114,17818.281891027236,50900.18630475129,7668.398544900787,11823.418305048468,17350.4406240792,17206.471302779017,34871.38876629366,44612.37057555473,8705.669489553238,12138.503546480157,13335.488421081014,20813.116867026405,20631.484266369567,24208.36344550115,4481.344192676116,9364.247422571054,9394.172227928355,16989.631419908757,20837.4311219441,30088.169927545707,13384.211701774584,21489.4010798176,22164.931068981077,27280.007073871016,29607.685351407148,5847.299617237322,11793.707824117584,9580.135093181769,10344.029964738973,11941.11556326117,60564.37062624371,8802.26037952161,12639.334286020421,13832.13595019163,20227.63525668275,26244.540176482176,46929.16864922443,4264.876578958493,8946.093985749627,10179.209395261723,12605.409432500348,13577.952856924596,16485.753237033074,4310.074321666036,13001.374688494732,14180.488801707517,20691.986691027923,27897.364524958368,51372.45838915552,7509.131912495836,10031.78004405984,13440.715576633904,17001.684572077058,26102.112096301615,47856.003385967364,7583.927652455945,12401.717521736104,13866.359240857328,16011.746885429506,26432.57563521082,54150.161879303276,5608.052129527215,11737.11409088218,7513.04181770323,9677.08321930557,13164.037658835976,45417.277667594906,5476.808824969399,12226.98914782903,9977.792696238928,14382.613140354904,13210.954131802719,16811.137754159095,42106.11096158282,5215.44600840353,8984.678245810634,9612.548327282704,10266.628500870953,16443.277546092446,21822.25025844646,41908.50942345549,9136.97140765509,10414.572037806598,13816.111257208007,16572.786776193203,26669.124712957153,50652.53359863704,9033.780971578075,12823.68982893413,16714.078127626763,17682.96337611596,27473.13430800025,58724.10337511605,8965.94948978306,10224.738238274569,36027.96121900734,38952.40011284134,50682.34942698381,61161.88576124067,4368.152956717461,12410.406296746254,9595.932645202189,13100.218120781923,16888.41317437477,21903.87827696908,52754.914187511684,5559.743649338026,11910.443485770598,9255.758987207751,12140.000050379922,13801.25570462305,36644.21446274968,16777.417906536597,22565.2191981173,20451.38309571018,32704.04175185406,38413.83269466075,7713.675250028648,12600.363733323451,13499.911137579304,21231.54021787391,24431.016957511038,48122.790990089736
37366.07914072194,48461.84101844171,58192.67780322305,19258.708026621152,19367.149447419368,28651.98515050604,35578.498914910706,30196.674799325305,8509.66595303904,14407.792482803454,18497.02754933965,19672.88891759583,22862.647261713493,32006.439071168592,23629.944425435533,27421.697159431646,34847.4873711257,37960.36381324252,56937.23941314818,8577.329314693108,11279.8893001192,14783.795763383816,23170.538942522635,22607.174773359744,8024.025139009897,11474.890060160633,18928.445077550143,22976.550810625908,30144.884053513946,6300.262450451634,8064.193186486193,8853.576114363083,11819.6427744214,15548.300578427128,18542.111643093827,56257.1492153996,15313.603830693064,17968.64217631796,29777.623926078253,28032.423673409907,31948.956005350316,6227.181163214884,10104.745301135776,10837.775251244871,11862.19659871327,14962.427215780626,19466.924000431824,53899.969257613324,8618.780736947721,13288.208213449503,19197.764409207855,18847.543519696606,37325.852738241214,47506.95742695276,9755.021581312205,13650.937405806215,14755.94617705165,22793.00919655529,22381.923295069646,26074.99363715632,5333.169948308765,10475.877487945067,10458.630942965125,18619.170218969863,22641.676688980642,32445.1260000812,14809.859321046224,23515.3916632042,24029.351705170633,29388.96002997637,31715.261178751687,6958.769792414663,13193.173141406503,10467.578969673226,11654.506590810575,13268.448011789704,63990.10044895658,10073.135351682573,14199.57239245141,15305.149574459683,22149.657312927942,28463.256476027527,5075.555598099363,8721.586509343024,11642.829113868398,14162.894131825879,15024.627327465076,18059.585842741504,5129.344647271976,14579.485040788863,15685.785518228744,22645.572391937967,30247.022120418158,8516.435764877302,11276.736496162732,14872.356263379592,18622.42176642589,28334.984137433865,8574.167967912448,13942.06701744904,15350.84531518318,17538.871912729624,28686.57881759527,6674.04550951999,12794.770316511136,8603.185162747675,10880.962926564907,14571.679409210501,48352.51394269016,6517.855130542094,10457.298653943984,11379.722365163556,16111.292198232728,14612.879597744814,18397.20458153725,44599.7213582233,6206.811778595936,8734.011501973844,10986.145333319811,11509.843660507915,18183.570593080833,23873.478846406586,44390.22320382168,10463.0012050964,11701.363766846838,15288.160515926444,18151.835108771746,28948.724522867862,10344.777223554212,14400.61081400915,18491.98237643698,19363.191697290687,29832.063029088225,10266.909927040368,11476.925451129742,38523.21538960055,41439.44016735515,53683.72999284374,5198.463022870367,11187.84950665526,10960.360806101793,14674.763198093826,18671.650137985693,23961.17788389449,55878.92406813771,6616.554425658477,12260.49844963733,10594.89629191647,13635.768264903898,15270.51733421398,39012.46357601998,18564.982086699223,24706.825267926688,22181.913407177155,35226.65974100623,41135.66041554172,8643.455695803685,14177.031198922752,14967.2353981062,23274.45923198014,26552.196903650525,50837.7177499931
39880.50272244793,51477.845503203425,61540.39373797489,21224.31312142698,21131.864570964415,31004.21951766725,38236.13909385367,32280.84634622087,9665.151676848829,16094.044850170223,20376.7034589613,21462.985836630505,24735.406245805512,34392.188089656775,25544.94966295746,29446.663360791485,37201.028355666924,40343.695468493075,60274.50786504438,9745.50957701229,12601.053274932488,16282.76233194653,25282.74490527166,24468.423326793323,9109.261122513115,12790.94247164427,20833.353252332312,25036.28827358868,32577.935502668413,7394.058014766153,7063.148989261923,10017.150666613277,13148.450228801918,17096.429754075845,20180.36774001681,59475.02832476212,16874.879830667873,19598.614072893968,32192.97103583882,30121.025133461764,34143.008060342545,7308.2890040508,8620.556512086108,12269.033192622219,13196.528678878327,16452.22155017943,21188.499880043488,56985.635114792596,9796.0634968849,14838.513797502499,21138.52062333512,20563.35122398431,39863.784374281546,50492.52086716163,11089.436924898482,15252.145053577333,16248.276077206363,24862.84292547929,24203.62629948187,28010.941187450095,6259.067508779037,7975.6166446580955,11893.402366985882,20323.319458563285,24520.825004384547,34890.95019048926,16307.641680557259,25632.632961612828,25969.05180993097,31576.425509823483,33895.29256427458,8166.889548042209,10056.947599650766,11915.39150204781,13043.119109584479,14665.715592449527,11436.721697863191,15850.589276668368,16852.67793851205,24158.897554043364,30771.991532740332,5956.728444991613,7317.7779071595705,13204.725501527648,15811.07621459372,16544.519221328293,19705.15708946375,6019.855870756694,16247.965090730047,17266.999271793477,24687.267298341412,32691.669910440556,9674.589890807065,12594.492079687487,16376.43369729704,20316.933435183753,30659.481498374906,9741.917673962187,15572.559522262785,16910.804830532896,19135.543198880398,31032.79415684471,7832.733966033878,9771.436740064584,9767.153171246006,12155.402404415512,16050.807787351685,51379.65320042191,7649.427201816763,9746.089511253744,12873.775507936285,17938.04777345891,16085.487055865902,20054.756896662933,47165.06140590967,7284.383267935507,7329.290156936308,12451.44091613865,12824.091691718333,20011.383439909416,26016.83115133844,46943.31899581209,11878.846011079959,13063.089550076953,16834.711437542996,19802.725374164158,31321.797195515835,11744.566574013408,16068.948989243625,20359.72801452673,21119.666003189806,32288.136586066263,11655.971591428888,12801.42417323555,41102.010000606344,44003.438889195284,56771.44271433778,6100.973964340917,9930.063938551275,12415.453133108233,16338.640009302204,20544.36770051551,26110.805139050834,59092.79044687292,7765.261791224184,9785.720615956565,12024.475631713987,15218.409128128926,16814.081620009685,41454.86316193963,20443.016407837404,26945.504193266177,23982.716720695647,37842.98789033382,43950.644175063615,9825.816985929823,15846.61429847872,16510.24242694938,25411.201974860785,28761.667736989733
42476.794024100134,54584.88844694996,23285.41215547457,22973.51241011921,33449.23817742772,40989.49662594299,34434.562588126304,10894.173166593806,17873.590711118115,22347.321221568793,23331.018754441637,26681.878004837803,36863.68642042466,27534.5587519245,31543.757344337548,39631.47076652299,42799.58512388924,63706.81473291701,10988.243498585527,13995.363937836053,17854.096429334833,27487.071261445722,26403.28966124173,10263.3059022101,14178.423277409354,22829.574189917417,27184.42859427877,35105.40183844372,8575.357224225834,8087.780332956665,11252.53989199146,14548.027258327027,18718.018044885554,21887.965603066696,18511.928835697247,21299.340669331013,34702.493761080455,32284.663651305895,36409.91604395891,8475.88547215359,9865.118321857773,13789.029824959647,14601.961979329013,18012.70699698553,22983.009529862222,11048.688398673108,16474.335057207456,23172.70926646099,22353.89441564212,42485.183674414664,53569.06089618132,12509.366241830565,16942.12648979351,17812.47812154515,27022.618053798415,26096.593279606244,30016.20609638245,7259.03687408693,8056.502767573956,13420.36647358238,22102.07913868902,26474.876068155823,37425.64249876986,17877.55878030769,27841.124975043498,27984.03138326209,33842.40351341235,36147.77950797586,9471.658884119957,10059.04332493299,13456.952015842337,14509.867521060687,16132.918305240637,12886.837655217212,17592.384938671297,18474.72104234873,26255.355980029013,33170.74534662059,6908.395119635244,8274.494169956155,14864.898558239469,17549.95568080388,18137.628538514255,21422.46697719982,6981.607992120188,18006.81483831828,18924.13006240171,26817.071410238255,35231.30789502556,10906.55420153163,13985.046794634103,17952.947878386247,22085.219578350636,33075.604179124726,10984.193561019314,17293.195036177338,18546.23778690647,20801.760743881827,33471.221652959146,9084.117499068874,10309.852195238595,11004.94584319822,13500.401652857383,17601.422793259528,54498.69544079019,8871.525038793405,11152.70813287544,14459.952124557118,19862.879866033454,17628.776506165985,21783.794699536138,8448.160476422245,8286.282223537384,14008.435075739215,14209.372594502209,21926.716086578188,28252.307173242018,13384.505825605764,14499.749387496946,18455.76402205766,21525.45757237044,33788.342730901066,13233.149022955658,17828.704354637553,22317.315041896007,22952.386293813313,34841.35497893435,13133.134482948622,14198.23440459199,43764.34505202471,46644.39627836175,7075.685781129109,11369.594978202143,13961.209626221502,18091.84855440706,22506.565861964235,28352.760042438113,9005.865746035148,10658.684032468476,13544.497006600308,16887.922640055003,18431.948562010166,43971.41322050862,22411.52086995114,29281.255974135758,25853.79303626566,40553.026199836815,46858.78397322644,11083.948097150216,17609.113031991357,18128.93222410883,27641.76844651583,31059.429457528662
45154.95304567854,57782.969849681314,25442.00512876392,24892.092964883745,35987.04112978744,43838.57151117866,36657.823525041626,12196.730422273968,19746.430065647128,24408.880837162127,25276.987671029223,28702.06253881037,39420.934063472225,29598.77169233664,33712.979110069835,42138.814603693885,45328.032779431014,12305.53107941282,15462.821288829895,19497.79805554873,29783.51801104482,28411.773776704962,11486.159478100852,15637.332477455882,24917.10789030545,29420.971772696157,37727.283060839894,9312.485260043291,9181.785147925506,12559.74379049763,16018.373862996732,20413.065450856255,23664.905232243495,20224.750845781185,23070.8219656291,37306.192101803164,34523.339226942306,38749.67995619943,9542.32934091423,11200.545691539106,15397.765148257151,16078.496500065328,19643.88355619892,24850.452949888037,12376.65544231234,18195.671992564374,25300.33033858547,24219.173094670045,45190.050638640554,56736.57751401186,14014.809532108451,18720.881714454747,19448.55231006802,29272.33458151266,28060.82423544277,32090.788363953397,8333.078044232445,9201.019095913818,15039.523262754617,23955.44925934707,28503.82988029446,40049.20292492302,19519.610620297513,30140.867703496195,30074.29042516399,36186.894040742976,38472.72200985549,10873.07780064791,11491.798180081343,15092.260511056804,16054.751825239195,17670.056150163036,14423.483223744635,19424.959378460204,20171.278885969718,28439.032590884886,35659.51791766831,7758.757815261504,9401.430121157158,16623.348284003863,19379.532530456352,19803.955279022957,23211.515505949705,8014.601011362462,19856.034283553567,20657.17789005344,29034.9847276285,37865.93607417317,12212.328697050993,15448.400641002578,19601.89880664721,23927.280195926553,35583.35217968334,12300.995629083827,19103.973559192702,20257.144184303903,22537.52454773391,36001.86130593857,10428.196108624983,11755.214537463635,12316.563178604321,14915.960671890522,19223.52442693403,57709.64066379497,9332.882156008487,12654.10837156221,16138.252215026054,21885.78847595635,19242.747948645065,23584.317990156866,9357.924557158245,9414.82363618443,15657.127812121507,15665.686368859539,23929.568533087153,30579.906912117323,14979.980648673818,16011.343279106812,20151.318269470445,23320.03170339059,36348.36112902357,14810.524570380969,19679.876910190942,24364.74345854482,24861.35256916121,37491.7182076925,14698.398601599569,15667.356145199068,46510.22054385566,49362.31233485455,7523.409423208,12906.527642515095,15597.630285441608,19934.38883340839,24558.24462233186,30687.042594056336,10090.246692698567,12134.855145606209,15154.960416575434,18644.30880068213,20124.118160215425,46562.11375172696,24470.49547304043,31714.08061053544,27795.14235388719,43356.774669515224,49860.07981003018,12417.849029464864,19464.527399460658,19823.30478958456,29966.15864694529,33445.482065267315
47914.97978718317,61072.08971139748,27694.092041295033,26887.60623525803,38617.62837474641,46783.36374956068,38950.62915696682,13572.82344388932,21712.56291375726,26561.38230574131,27300.892586393264,30795.959847723207,42063.93101879949,31737.588484193875,35954.32865798835,44723.05986717963,47929.03843511839,13697.372319494169,17003.42532791401,21213.86721058822,32172.085154068955,30493.875673183018,12777.821850185372,17167.67007178386,27095.95435349642,31745.91780884086,40443.579169856894,9052.937978925549,10345.163434168446,13938.762362131787,17559.490042811023,22181.57197198795,25511.186627547206,22013.34586091969,24913.05796178822,40004.066058006945,36837.051860370986,41162.299797064086,8893.347984026239,12620.715777640644,17095.239162514732,17626.132241087278,21345.751227819608,26790.83014012093,13779.9646278026,20002.524603573253,27521.383839708564,26159.187261068077,47978.38526695923,59995.07072065322,15605.766795732143,20588.410727561044,21156.498642774957,31611.99250862203,30096.31916699144,34234.687990162936,7534.984892689164,10421.5232267169,16750.872734502598,25883.429820537443,30607.686440800473,42761.63146894873,21233.797200526733,32531.86114697093,32239.82893563668,38609.89709181536,40870.12006991349,9834.311947515345,13019.911715025382,16821.31698769121,17677.772022120007,19277.129127216725,16046.65840344546,21348.312596035077,21942.351469375022,30709.92738661099,38238.30924588348,7255.363362096351,10600.287505733679,18480.074678820834,21299.806763551136,21543.499442854398,25072.302675713414,7281.403688800822,21795.623426435905,22466.142754748675,31341.00725051214,40595.55444788339,13591.913377365154,16984.553618792917,21323.28648207993,25843.11528791149,38182.725500050736,13692.323878155727,21004.895091308874,22043.5240227252,24342.834610436646,38624.713115782986,9463.519238687586,13295.356474900136,13702.005177464309,16402.079461514924,20917.112688375193,61012.48886943627,9868.909272189774,14250.29022731405,17908.67577934309,24006.773603227604,20927.40138330314,25456.326768525123,8918.657360768457,10615.38894329922,17397.51912528553,17193.033014790322,26019.940779436303,32999.63036796435,16665.270480284118,17597.871224906554,21921.374179781335,25186.44776722461,39001.85238988334,16476.693216289335,21622.46665590378,26502.013264473164,26846.564829233495,40239.22627234072,16351.763947381727,17208.78939505678,49339.636476099186,52157.18705867369,7725.669459483977,14540.86193149013,17324.71511076855,21866.2608463062,26699.403981618376,33113.652793905494,9467.290551785876,13706.727537158535,16855.86586163936,20487.567610010316,21890.590414625458,49226.96475559464,26619.94021710528,34243.97810246521,29806.76467356024,46254.23329936906,52954.53168547485,13827.519782873762,21412.857400886634,21593.360123376566,32384.37257614915,35919.82556020569
50756.87424861401,30041.672893067906,28960.05222124206,41340.99991230464,49823.87334108907,41312.97948390188,15022.452231439855,23771.989255448516,28804.82562730633,29402.733500533763,32963.56993157631,44792.67728640645,33951.00912749622,38267.80598809309,47384.20655698021,15163.767218829573,18617.1760550884,23002.3038944533,34652.77269051812,32649.595350675896,14138.293018463655,18769.43606039328,29366.113579490324,34159.26670271287,43254.29016549474,10355.39157112353,11577.915191685488,15389.595606893929,19171.375797769913,24023.537608280632,27426.809788977826,23877.71388111276,26826.04865780838,42796.1156296918,39225.80155159194,43647.77556655289,10176.893437661605,14125.628580162384,18881.451867732394,19244.869202394853,23118.31001184759,28804.141100560897,15258.615955143887,21894.892890234092,29835.869769830264,28173.936914836224,50850.18755937068,17282.238032701636,22544.7135291124,22936.317119665975,34041.59183512651,32203.078074252255,36447.904975011064,8597.119067001064,11718.015159983197,18554.414888826315,27886.02082226014,32786.44574967385,45562.928130846994,23020.11852099535,35014.1053054677,34480.646914680154,41111.41266662949,43339.97368814986,11261.391337909587,14643.38392976511,18644.12144574556,19378.928111703124,20954.1372364017,17756.36319431969,23362.444591395924,23787.938792564633,33068.040367207315,40907.119331266105,8302.003705969777,11871.066323685718,20435.077742690377,23310.778380088235,23356.26103000858,27004.82848649094,8335.585610217951,23825.5822669653,24351.02465648741,33735.13897888919,43420.16301615621,15045.308242474117,18593.505728005115,23117.110904684407,27832.724854305452,40873.72414022693,15158.178308235012,22995.959632525857,23905.377302170353,26217.690931990044,41339.777082492394,10834.420769799435,14930.278007548097,15161.27183977818,17958.7580217306,22682.187577583012,11250.877484205183,15941.253700130965,19771.22281750823,26225.835247847215,22682.736810140213,27399.821034640903,10201.791890592609,11887.978144881754,19229.609015231283,18791.412532294562,28197.83282562565,35511.47754078311,18440.37532043667,19259.33322489617,23765.931752990342,27124.7057638725,41748.81651348037,18231.65496068076,23656.473591776077,28729.12445968104,28908.023074030167,43083.87917287898,18093.230520295096,18822.53415416513,52252.59284875528,8817.989663469421,16272.59784512725,19142.46410220232,23887.464593100478,28930.043939823798,35632.5906419856,10832.338320370165,15374.301207125454,18647.21334179209,22417.699068039547,23731.365325240266,28859.85510214568,36870.94844992509,31888.6599952848,49245.402089398296,56142.13959956045,15312.96035737691,23454.10303626927,23439.09822548485,34896.41023412743,38482.45994234378
53680.63642997107,32484.747684082537,31109.430922835836,44157.155742462106,52960.10028576381,43744.87450584682,16545.61678492558,25924.70909072089,31139.210801857196,31582.51041345072,35204.89279036969,47607.1728662931,36239.03362224366,40653.41110038406,50122.25467309564,16704.71577741903,20304.073470353065,24863.108107143973,37225.580620392335,34878.93280918361,15567.572982935708,20442.63044328415,31727.58556828716,36661.018454312194,46159.41604775344,11745.348808466671,12880.040420476627,16912.24352478406,20854.03112787339,25938.96235973431,29411.77471653536,25817.854906360393,28809.794053689588,45682.340816857715,41689.58830060517,46206.107264665836,11546.927518563847,15715.284099104327,20756.403263910135,20934.707383988058,24961.559908282863,30890.38583120794,16812.6094243362,23872.776852546896,32243.788128950575,30263.42205597449,53805.45751587492,19044.22324301694,24589.790119108817,24788.00774074107,36561.13256102614,34381.100957225215,38730.43931849778,9762.697503573283,13090.49489571271,20450.149725725776,29963.222264515145,35040.10780691459,48453.09291061781,24878.57458170336,37587.60017898651,36796.7443622944,43691.44076518538,45882.28286456459,12785.120308754033,16362.214824300523,20560.67388521985,21158.22009398854,22701.08047771797,19552.59759636732,25467.355364542742,25708.040855538562,35513.37153267388,43665.94817381619,9419.137877594583,13213.766575013276,22488.357475612494,25412.44738006765,25242.2400404855,29009.092938282287,9461.00842951386,25945.910805141742,26311.82359526964,36217.379912759636,46339.761778991655,16572.513292377876,20275.256968639173,24983.372074460647,29896.10889510845,43656.3481002119,16698.558919321684,25077.16718284365,25842.70402263937,28162.0935123941,44147.05320606678,12298.017377432394,16659.979135407517,16694.363165545932,19585.99635253754,24518.74909455749,12723.371461922567,17726.99879001295,21725.893329521477,28542.973409815186,24508.75422915628,29414.80078850421,11571.132139563926,13232.591240932032,21153.397481958757,20460.824921372263,30463.24467165519,38115.44843057359,20305.29516913147,20995.729279075662,25684.990989097463,29134.80569333427,44589.25349981466,20075.40980355524,25781.89771780783,31046.077044168444,31045.727303551237,46025.67690930731,19922.798320339676,20508.59042252411,55249.08966182396,9982.510742772509,18101.73538342645,21050.877259742927,25998.000073791238,31250.16449694812,38243.856138296636,12289.28267819971,17137.576155506962,20529.002857033618,24434.703174769827,25646.442892059848,31190.240128161637,39594.99165291507,34040.828319060885,52330.28103960295,59422.90355228697,16874.170752974318,25588.26430560858,25360.519095909414,37502.27162088012,41133.3852116816
35023.31641433893,33335.74234003936,47066.09586521884,56192.04458358491,46246.314222801644,18142.31710434649,28170.722419574387,33564.53782939391,33840.22332514413,37519.92842410334,50507.417758459436,38601.66196843621,43111.143994861246,52937.2042155259,18320.217995262545,22064.117573708012,26796.279848660244,39890.50894369159,37181.88804870614,17065.66174360153,22187.253220456467,34180.37031988693,39251.17306363882,49158.956816632985,13222.809690954975,14251.53912054187,18506.706115802175,22607.45603312146,27927.84622634897,31466.081410219802,27833.768936662596,30864.29414943183,48662.7416195047,44228.41210741068,48837.29489140292,13003.45022673296,17389.682334466474,22720.093351047948,22695.6467858669,26875.500917125428,33049.56433206206,18441.94503537954,25936.176490511658,34745.13891706949,32427.642684482864,56844.195136471935,20891.722426678043,26723.640497550296,26711.57050600025,39170.61468632087,36630.38781591033,41082.29102062308,11002.347744983124,14538.962433905443,22438.077245200973,32115.03414730247,37368.6726125227,51432.12580826118,26809.16538265078,40252.34576752736,39188.12127847943,46349.98138748303,48497.04759915769,14405.498860048681,18176.404398631625,22570.97430611408,23015.64796897626,24517.958851165524,21435.36160958835,27663.044915475533,27702.65765829681,38045.92088301067,46514.795773533726,10606.76587697077,14628.388259716352,24639.913877587187,27604.81376348938,27201.43647428517,31085.096031087458,10657.672146688545,28156.609040965235,28348.539571095378,38787.73005212349,49354.350736389686,18173.528527076436,22029.807340695093,26922.069991408647,32033.26741032047,46530.59738000565,18313.46571141574,27248.517742262247,27855.50418413225,30176.042351648808,47046.541486506154,13854.309061586464,18484.4598584784,18301.279154767577,21283.79445393574,26426.797239298634,14286.391205341923,19607.52549696001,23772.687315382827,30958.188089131512,26405.453640351345,31501.26603011504,13026.678107682408,14649.228231450053,23168.884525467965,22201.270182023414,32816.17631752493,40811.5430373358,22260.030026368513,22807.05938744503,27678.551888102706,31216.747555609905,47523.16334888621,22007.957744912776,27998.739033999034,33452.87101793538,33259.67751779669,49064.61948162569,21840.467347515474,22266.95820013373,11219.232697393241,20028.274546387736,23049.954583390365,28197.867288378467,33659.765652991344,40947.44928283861,13838.123625274511,18996.552382303063,22501.234407363954,26538.579930201162,27635.82311508421,33611.09529515316,42416.10771143514,36263.26964488848,55508.87014998302,62796.82354365441,18511.15096966597,27815.341208904552,27357.622734650253,40201.95673640721,43872.601368219126
37657.37908383709,35638.98647285263,50067.820280574815,59519.70623455236,19812.55318970259,30510.029242009005,36080.80670991647,36175.87223561399,39908.67683277726,53493.41196290547,41038.89416607385,45641.00467152467,20010.27387236011,23897.30836515323,28801.819119002106,42647.55766041586,39558.461069243494,18632.559300461115,24003.304391910224,36724.467834289644,41929.73053069276,52252.91247213336,14787.77421858844,15692.411291881208,20172.983379948277,24431.650513514123,29990.18920812464,33589.72987003116,29925.45597201937,32989.54894503511,51737.31803763275,46842.27297200845,14546.461562168948,19148.823286248822,24772.522129145847,24527.687408031365,28860.1330383753,35281.67660312326,20146.622788273908,28085.091804128384,37339.92213418702,34666.59880036135,22824.735583684953,28946.264664436832,28707.005415443502,41870.03821101073,38950.93865030759,43503.460081386984,12316.069791230588,16063.417774561392,24518.197447251914,34341.45647062212,39772.140166498175,54500.026823777094,28811.890923837585,43008.342071090236,41654.77766323525,49087.034533522434,16122.526991793535,20085.952652758413,24675.022708428252,24951.211736666286,26404.77235674437,23404.65523398279,29949.513244194295,29771.78920083936,40665.688418217695,49453.662130418714,11864.887704098335,16114.931377794943,26889.74694861445,29887.87753035342,29233.850331407575,33232.83776490645,11925.576761742006,30457.676974435784,30461.172583964624,41446.18939698073,52463.92988835033,19848.353946569794,23857.156844172878,28933.204655528403,34244.20039994152,49496.4719796082,20002.898684517186,29510.01131078166,29943.777786648992,32259.537449754174,50038.24192381052,15503.295822261645,20403.72017676074,19982.019807443103,23052.152325925214,28406.332011806437,15939.936714463254,21582.833820972137,25911.604775092273,33471.479285796195,28372.835043725405,33659.21675947339,14568.429794948057,16137.889116435817,25276.070145758902,24012.74831424802,35256.62776323486,43599.76136106973,24304.57989214781,24693.323550004272,29746.614450006058,33370.53135069941,50550.54606069503,24029.298784753373,30306.997540349697,35949.50638098186,35549.87371676654,52200.70688983413,23846.23760182248,24097.637486993983,12528.155527331615,22052.215334011104,25139.696073144638,30487.066236862174,36158.84740795348,43743.37007561152,15478.861161594572,20951.22988751376,24563.90799278309,28729.329334333543,29699.505994313356,36122.420603120234,45334.29662548532,38555.98397276759,58781.16942053851,20223.901007451877,30135.333746157194,29430.409141707383,42995.465580708726,46700.108411956375
40386.93569257701,38019.16332127564,53162.32898853005,62943.08523866616,21556.325040993877,32942.629558024746,38688.01744342487,38589.45714486032,42371.13801639145,56565.1554796312,43550.73021515659,48242.99313037432,21774.88340871174,25803.645844688723,30879.725918169563,45496.72677056518,42008.65187079568,20268.265653514467,25890.783957645435,39359.87811149528,44696.690855474,55441.283014254586,16440.24239136707,17202.656934494647,21911.075317222367,26326.614569051377,32125.991305061292,35782.72009596942,32092.9160124307,35185.55844049943,54906.070071241884,49531.170894398514,16175.96152487181,20992.706954451376,26913.689598203822,26430.829250481464,30915.456272032457,37586.72264439153,21926.6426830193,30319.522793397067,40028.13778030317,36980.29040360995,24843.262714037668,31257.66261976843,30774.31246907083,44659.40313509571,41342.75346041699,45993.94650078947,13703.86364231567,17663.860917680555,26690.51033187859,36642.48923447408,42250.510468841014,57656.79595716557,30886.751205263787,45855.589089675144,44196.713516561846,51902.60020330359,17936.204703988587,22090.85958668089,26872.81909216236,26964.91139705861,28361.520994454513,25460.478469550628,32326.760350699034,31915.43548316623,43372.67413829494,52482.547244471156,13193.503358977283,17673.395929249054,29237.85668869429,32261.638680659777,31339.481611852727,35452.318139739255,13264.722274674246,32849.11460555339,32649.722633877373,44192.757947331374,55668.49923487358,21596.989550857954,25757.30547907252,31016.776066819923,36528.907863971595,52553.971899019525,21766.85783862602,31861.64788840188,32107.52483018959,34412.57880671019,53122.154517979885,17244.977659457938,22417.76009025454,21736.585123572513,24891.069968505955,30457.3534120809,17684.007989286558,23652.92376204934,28142.645708649827,36082.84699980924,30410.898439278462,35888.652976579266,16196.387201360872,17698.573895889323,27474.95434283156,25895.259318046086,37784.59900878497,46480.10340177539,26438.94476646935,26654.52176675339,31889.17867480753,35596.15707860279,53671.40163524111,26139.432923077024,32706.67323685982,38535.98313330787,37916.31590046078,55433.93913393263,25940.109083260697,26000.628283104874,13909.279232587634,24173.55774629656,27320.101729005746,32865.596919242365,38747.40976183451,46631.61851661538,17211.495287159887,23001.60867113905,26717.02361329103,31006.95138716699,31837.49152974727,38724.21605206287,48349.55839506559,40918.97130269823,62147.1788512694,22012.420866332042,32548.241917366504,31578.87831708078,45882.79815378464,49615.906342893344
43211.9862405587,40476.272885308405,56349.62198908453,23373.63265822035,35468.5233676216,41386.170029919114,41080.97805288309,44907.311974945915,46137.17011568444,23614.046604317416,27783.1300123145,33030.00024616261,48438.01627413955,44532.46045336269,21972.78080276159,27849.691917662098,42086.60115150386,47552.054037982554,58724.06844299665,18180.214209290854,18782.276048382188,23720.981927624445,28292.34819973323,34335.252517158944,38045.05208803459,34336.149057896604,37452.32263582479,58168.997720332074,17891.950114841544,22921.333339074135,29143.595758221876,28405.072313217195,33041.470618096915,39964.70245586688,23782.004719615717,32639.46945831772,42809.785855417926,39368.71749422866,26947.303817736185,33657.83436354508,32913.49166688224,47538.70945857581,43805.83224623855,15165.729298238379,19340.291863262937,28955.01589908101,39018.13243885836,44803.78351955122,60902.43320842659,33033.74622692939,48794.086823282094,46813.92883845922,19846.53199663385,24191.125200399052,29164.363457316413,29056.74695015324,30388.20476429594,27602.831316291868,34794.78623498975,34133.59650527741,46166.87804324242,55601.45111569105,14592.612841607608,19303.78191407868,31684.2430978267,34726.09721440845,33518.33031562062,37743.53715558589,14675.108685485264,35330.92193431805,34914.189720833616,47027.43570317542,58968.05877595943,23419.435339940912,27730.253245394033,33172.7842252832,38887.3898024107,55703.097138239646,23605.343173742236,34303.42747512292,34346.74531475406,36635.166422516864,56298.27926901423,19079.35457317534,24526.5795989598,23564.97510315581,26800.547381677963,32579.86144012203,19518.605029811835,25817.795320191617,30465.81011605548,38792.291231170646,32519.64382701052,38189.57468143267,17910.55032692085,19331.282569810577,29765.53711668595,27848.80319341761,40400.090054175285,49452.569159452774,28663.124649333142,28690.65403769239,34106.244562507105,37893.62473932004,56885.73007252445,28338.360159883734,35197.76612352941,41212.30127491341,40359.0040688794,58764.31621392119,28122.08179183013,27975.930588466403,15362.603813161299,26392.301783244096,29591.171550973686,35333.45933551903,41425.45271463444,49612.19460585017,19036.026001970455,25147.688733178926,28960.58126888777,33371.44608870148,34049.77972138597,41416.48164198105,51461.89302017596,43352.23163468038,23876.710546306454,35054.06572253249,33803.030260770465,48863.954455634965,52619.995161030034
46132.53072778214,43010.31516495091,59629.69928223826,25264.47604138201,38087.71067079959,44175.264469399204,43650.43495968232,47517.19870844065,48798.21386765739,25527.763459177153,29835.760868030557,35252.642102981255,51471.42617113894,47129.88681694452,23746.104748202477,29880.028271960204,44904.63695431537,50495.820078218414,62101.26875835957,20007.689672359807,20431.268633543827,25602.703211154505,30328.85140555967,36617.97284441758,40376.72584622667,36655.15510841708,39789.84153101118,61526.100984903336,19694.427332078147,24934.702440117097,31462.240609200002,30450.416596238563,35238.17607656866,42415.6160375493,25712.708898063167,35044.931798890335,45684.86635953128,41831.88007221748,29136.85889478051,36146.77989576681,35124.543008877714,50507.957181451035,46340.17500777224,16701.666758998705,21092.71061130854,31311.71414885917,41468.38608377495,47431.9593186288,35252.875988834385,51823.83527191108,49506.42362892738,21853.508869729314,26386.749493912903,31549.655803890404,31226.718395950178,32484.823666268658,29831.71377420651,37353.59089706643,36426.272267172906,49048.30013306012,58810.37374407841,16062.216151989318,21006.08933228383,34228.90617601169,37281.25313159944,35770.396442711244,40106.49481244633,16156.735994175056,37903.09896072976,37254.57384483336,49950.22266451287,62362.60851160789,25315.69131381867,29776.0001431374,35401.22913091823,41319.64621525883,58943.847697268546,25518.35468986584,36835.35007094477,36661.439240342384,38927.300297174195,59566.616176913565,21006.426563413854,26730.17870287652,25467.18974619299,28780.584565441244,34773.85609592981,21443.727836039085,28077.448495398967,32881.097997309254,41599.81197988041,34699.07120692157,40561.9818740336,19710.919171628,21036.015138199575,32147.81846732207,29873.37994036259,43103.10089940579,52517.158634101885,30977.119540739182,30801.720362821266,36397.8121131048,40262.93433285115,60193.531372545054,30626.0804951735,37780.27620035844,43978.46080579849,42877.93822202242,62191.838129799806,30392.15572753077,30023.54440307857,16888.129269052606,28708.44744485371,31952.905539048457,37890.65348569218,44192.97626635327,52685.0983433159,20952.453306026284,27389.470073633398,31294.580959573315,35822.813438937024,36336.37056922943,44199.217372874795,54671.300500816425,45855.764968714044,25816.77004737512,37652.805161655146,36102.86497277642,51938.93448625969,55712.37486636644
49148.56915424735,45621.29016020316,63002.56086799125,27228.85519047887,40800.1914675587,47055.30076186513,46297.827865258005,50200.79821687565,51533.86147107544,27516.033973290945,31961.538411836882,37547.65148862549,54596.956461563364,49800.93096154118,25588.23748983713,31981.79302053975,47813.98551992982,53527.98897618159,21922.668780573917,22149.634689979564,27556.239167812564,32436.12418653071,38974.15228683721,42777.74137054566,39049.93416399211,42198.11512605862,64977.37986495566,21583.39317658163,27032.81425758026,33869.62415113822,32566.86209954556,37505.572647447705,44939.4633894388,27718.755218361646,37535.90981511491,48653.379292643265,44369.77813757641,31411.927945170642,38724.49921643359,37407.46649505728,53567.146303721376,48945.78174501809,18311.676024596654,22921.117161817358,33760.60508121308,43993.250169223866,50135.03786607374,37544.140490978774,54944.834435562094,23957.13532327498,28677.732467222442,34028.69613188434,33474.82573444942,34651.377700372665,32147.125843294565,40003.17433692909,38793.46276885271,52016.94040774805,62109.315129633214,17602.3132901224,22780.318183864496,36871.845923249246,39927.10643223275,38095.67999312461,42541.1911103206,17709.604200743626,40565.64568478852,39670.875005876616,52961.11883134371,27285.757472491227,31894.54617230264,37702.110783725024,43825.67710251598,62276.223576106226,27505.892386996835,39457.41567586742,39051.60660695457,41288.98043068218,62927.16524167789,23026.193630173475,29028.5574020047,27443.22905268406,30831.18151979579,37039.33737950426,23459.37640796831,30431.883287671386,35388.509352411114,44505.409245938536,36949.18057901162,43005.87455438205,21597.49373548231,22812.771601056316,34621.798394739926,31968.989558881025,45893.631544476484,55673.871825722716,33380.92944068747,32987.720742140016,38763.88132660061,42704.08585919614,63594.80553530292,33002.59392894633,40454.20346734693,46834.4617259631,45473.11835988982,65716.50488156847,32750.330890362628,32143.469726941366,18485.85560026156,31121.99473112542,34405.303693230075,40537.17936976179,47049.980416991006,55850.32972901257,22960.77719932737,29726.95269250246,33719.02268534766,38361.05343787362,38697.26407327768,47072.423244744095,57977.78083698699,48429.571304799225,27832.599369538046,40344.46023473446,38478.38245309865,55107.73824565883,58893.045458902576
52260.10151995431,48309.19787106516,29266.770105510906,43605.965757898935,50026.278907316904,49023.15676961015,29578.8581466588,34160.46264373349,39915.02840309531,57814.60714541283,27499.17902766556,34154.98616340075,50814.64684834719,56648.56073187206,23925.15153393319,23937.3742176894,29581.589797598608,34614.16654264634,41403.79084441783,45248.098660991556,41520.4862246217,44677.14342096709,23558.847648351984,29215.668791463628,36365.74638403651,34754.40882313818,39843.66033073404,47536.24451153537,29800.14368051115,40112.403506991446,51715.324654753844,46982.41169030546,33772.51096890659,41390.992325545434,39762.262125420915,56716.27682538684,19995.757095032226,24825.511514789392,36301.68869614272,46592.72469520509,39907.539733362566,58157.08431423514,26157.41135727085,31064.074120327667,36601.48444129822,35801.068965650964,36887.86686660796,34549.06752355602,42743.536554577724,41235.168010316826,55072.79886730621,19212.90425600687,24626.46846882068,39613.062339539385,42663.65711630837,40494.180966860724,45047.626049208695,19333.713305190977,43318.56210649434,42163.09320396336,56060.124203667954,29329.633815958587,34085.89133288973,40075.42918370358,46405.48246418216,29567.956265135217,42169.62428989088,41517.24741459061,43720.206823040826,25138.65577345421,31421.71569634434,29493.093022629015,32952.33824474161,39376.305290845354,25565.550745599507,32881.09969700888,37988.04418136109,47509.08302934502,39269.97194328066,45521.25272247802,23570.27401848379,24661.551958380798,37187.47689893951,34135.63204897292,48771.68198938737,58922.708734315274,35874.55434917801,35248.655175648644,41204.45220299454,45217.079318355,35467.90046120221,43219.54792449489,49780.30403540724,48144.544482481615,35196.6072803257,34335.7065600548,20155.782806788153,33632.9436420592,36948.36601351853,43273.03698772789,49996.465166547634,59107.88876294018,25060.99768187371,32160.136589786118,36233.906446210814,40986.16608551127,41132.4602335307,50036.09925758895,61381.334028687656,29924.198512795225,43129.03094177045,40929.58270173717,58370.36573383238
55467.127824903044,51074.0382975369,31378.220786478138,46505.03354182029,53088.19890575452,51826.42167273874,31716.235979280704,36432.53356372037,42354.77284639073,61124.37822268734,29478.929361687755,36399.607700543194,53906.62093956751,59857.53534528984,26015.137932437625,25794.487216673344,31678.755100512637,36862.97847390656,43906.888517159445,47787.79771756437,44066.81129030587,47226.926415736605,25620.790747389212,31483.266041767205,38950.60730789488,37013.05676701644,42252.43912642767,50205.95940383903,31956.87428451169,42774.41287451995,54870.70244586304,49669.780730404615,36218.607965988325,44146.259223102345,42188.92989996862,59955.34874644743,21753.90997030542,26805.89367022464,38934.964993648115,49266.80966171864,42343.073715985745,61460.58490793023,28454.336971716926,33545.77445322858,39268.02073213205,38205.44808955481,39194.291164974544,37037.53881499088,45574.67755001232,43751.38799156526,58215.8755117346,20893.989049642714,26544.540187152386,42452.555424882106,45490.905183826304,42965.899363919576,47625.7996291106,21029.063307517103,46161.848225847214,44731.22843909362,59247.2387814856,31447.32034422075,36350.035624898694,42521.18433085388,49059.06230025738,31704.546324280986,44971.975913015165,44058.361663250515,46220.97947425012,27343.81299325606,33909.653585895445,31616.781656027862,35144.05474027868,41784.759829953124,27762.25084893268,35425.09772341144,40679.70248415917,50610.83333009986,41661.4452997287,48108.11637832152,25629.260020632428,26582.35621017303,39844.85397992082,36373.30741063827,51737.252234138454,62263.66935987956,38457.9942662108,37584.52366334714,43719.52474228658,47801.91471032773,38022.00009194116,46076.30957180229,52815.987734130904,50892.2165897978,37730.98489741999,36600.25490241887,21897.910888632392,36241.29417765508,39582.09249991381,46098.22633959046,53032.43051502317,62457.77544509871,27253.114753665308,34689.021765484365,38839.232242162776,43698.15138184997,43641.959049988494,53090.24541140936,64881.96007591841,32091.567477146655,46006.51728276311,43456.465718691965,61726.81695078033
58769.648069093535,33563.207233380555,49497.39481932276,56241.060757177984,33928.16747115667,38777.75117179753,44866.88481851175,31527.488491903718,38715.657631967086,57089.90779359075,28192.627976087217,27720.973686931393,33847.73507655465,39182.55998031137,46483.44530506205,46688.90936104459,27769.22247369331,33835.606008490984,41624.20692271333,39342.80593118033,44731.909034528595,34188.94703036325,45521.937917700416,58119.51266597084,38750.21893641588,46990.29990910432,44687.46981870042,23586.134650416236,28862.26362812311,41660.43397372924,44850.74243884833,30847.912166613198,36122.83346592518,42028.30500438581,40687.96310616097,41570.65059547242,39612.53971759914,48496.5973232329,46342.122712598,22645.56767102994,28534.533338859612,45390.325179277395,48408.85063478656,45510.83518430117,22795.654207722007,49095.50404284713,47375.28071126737,33638.81705727771,38686.97904832951,45039.37622517595,33915.66256443415,47864.47054524025,46674.94935293428,29641.665289579014,36492.37107065802,33814.29495288059,37406.33100640703,44264.70099682754,30049.476717967824,38063.87736687909,43463.48426080535,53810.66014820305,44123.600648355736,27774.451741928235,28575.18435643301,42593.92963768387,38682.01564387707,54790.342278729724,41131.24919178584,39995.32620523553,46309.09894447673,40664.892821163165,49024.48840926916,55941.51282213411,40353.46374164549,38937.11475403358,23712.239845794276,38947.046337913045,42306.48315241592,49012.7474253495,56157.876462417604,29537.128414702165,37313.60821959721,41535.00007320354,46497.009326889725,46225.760522651064,56234.86170620533,34334.706262592335,48976.919257712434,46059.03150396303
62167.66225252578,35821.72944621816,52583.04959040636,59484.86446158729,36214.65262228669,41196.115467964955,47451.36431945836,33644.856418313444,41103.13595767243,60364.50741041693,30457.621664881975,29716.833628463533,36088.52972572466,41572.91106186078,49133.46120812565,49386.78043683789,30004.142827264284,36272.688691634976,44386.545228491865,41743.65631562984,47282.07005503681,36496.361918065835,48354.97863653284,61461.75531507725,41367.34388018923,49923.114383551336,47257.88188161628,25492.43113536467,30994.621388484804,44478.095636386104,47430.545901950296,33338.13694195968,38795.25115841748,44882.33725805952,43248.614015469415,44016.94515810158,42274.07023138081,51509.29587423945,49007.37217341505,24467.640120168548,30596.447923942356,48426.37160272525,51417.493469189125,48128.988428005505,24633.486005805687,52119.52955749411,50095.25002048462,35904.12395512947,41096.72160318219,47630.00486666978,36201.30498559469,50847.10818656615,49367.01048364191,32032.21266242308,39169.86815063205,36085.632913187204,39739.167043126654,46816.128791468625,32427.228352704937,40797.43862741181,46339.38951129963,57108.56348365461,46656.43798916177,30005.849182371214,30640.03639716073,45434.70387222864,41061.75674868933,57930.95212316119,43894.31912590313,42481.06280131378,48973.174809565,43396.57864886823,52064.08443689547,59156.87929941685,43064.0438130022,41346.286114898925,25598.769678273802,41750.200122833085,45121.537971024874,52016.60024500502,59372.80300873094,31913.038664984273,40033.89595212466,44321.20993933311,49382.73992063052,48883.86465151841,59469.948141976856,36653.61486913228,52040.236866618434,48737.28005755038
65661.17037519978,38153.78742499095,55761.99785507108,62819.61001898244,38575.69143267076,43687.62645222267,35831.033140916945,43562.042677659214,32810.118998821905,31782.06704126978,38401.139048022655,44034.031718554776,52160.42451768576,32325.55180810213,38794.51409119916,47237.62222523047,44215.60792036499,38879.11894761945,51273.53503101723,44069.982797308396,52944.702646443424,27472.79942515073,33202.96695130971,47387.949981618716,35925.01129775636,41563.027530705454,47830.11749315317,45887.40081748018,46533.17485286204,45022.13035633587,54612.77320303197,26360.206397058537,32730.28394240062,51560.6946952257,54516.833687034,26542.558701768154,55233.92476978813,38243.24103777603,43579.263289456736,38561.47358776262,53919.88883699286,52134.5450553734,34515.45511178826,41942.14482581754,38430.795536947706,42142.562850437535,34895.50575314404,43625.7815050096,49307.41823564202,60504.543336454524,32323.45234196136,32776.912332356194,48367.17668355514,43512.53072507505,46747.20406856266,45041.73345158191,46217.057575056344,55195.09765468124,45862.72511149012,43827.768985014896,27557.500386070977,44650.75553241521,48027.25695574066,55109.784798557026,34380.84550451165,42849.88496306669,47197.86184055147,52355.34316307238,39048.29329676647,55196.47010948109,51491.211379454006
40559.381169698936,59034.23961331692,41011.28390230889,46252.28412457066,38086.0186597142,46092.37779192744,35250.119977906994,33916.67392535012,40785.56304344863,46565.921950393364,34733.44941620686,41401.08220718355,50177.43791292916,46758.66074538577,41337.218119024095,54277.607101153575,46858.13568777336,56055.064697780566,29527.239519774415,35487.30031659784,50389.99700942707,38608.53523400326,44426.16258278913,50871.64570966676,48604.32351219324,47856.72009246434,57807.02930961046,28323.266501699905,34936.0413942344,54793.29445677871,57706.87128832119,28522.872295609395,58438.689679729214,40656.16830521739,46134.604107153136,40996.168370937936,57082.81249652037,37091.39263767456,44809.20109621449,40849.782824162095,44616.51842833969,37454.30891928511,46548.90599967247,52367.57043383251,63998.5997066028,34727.261220698674,34985.81216201941,51391.34807166336,46034.337573034216,49689.90401976446,47677.338156039914,49126.32959972752,58417.52806262647,48749.507637109265,46381.56336438151,29588.431969185796,47648.71256665943,51023.64010656328,58292.3010860055,36940.54893328428,45761.57525242331,50164.955776858646,55414.81905421527,41518.741545494915,58445.61898630042
43038.5106803421,62399.77486514388,43521.430031201075,48890.08848500891,40409.81297470524,48694.14130047712,37777.62460213724,36120.65428070457,43241.8017120026,37227.83565157846,44092.39303958815,53205.992291587936,43870.65943227976,57367.194846941886,49731.80255158413,59254.200537562785,31655.751419235723,37847.62148434918,53484.23671981116,41388.70875070037,47384.656314668486,54006.92190760029,51399.3820996086,50777.83943976621,61092.064193974926,30356.82043409266,37213.7202794437,58124.170887384294,60987.606273050704,30574.426787329416,61733.82428731735,43142.90575745355,48762.744056271404,43505.389335120635,60335.8791651487,39760.025240081966,47771.036961822894,43342.594774830366,47161.0337768331,40103.63785112816,49566.8121114004,55519.8461058711,67590.73259409942,37217.27581858315,37266.73588615037,54507.21803655331,48627.17729256685,52722.41897950848,50387.8769146878,52124.394722881756,61731.37566073116,51724.391389859615,49007.66925299876,31691.56442761826,50744.07122556573,54110.68742349274,61564.14910735045,39592.148951302166,48768.96682019453,53222.49174825463,58561.16759405924,44064.95961531761,61787.68349707642
45591.17595692046,46106.12981934732,42802.416085890036,40392.63287151265,38394.00810733311,45769.85505368455,39808.71051421694,46868.446588412946,56323.285361206785,46479.44288738646,52690.98338874071,33858.335123534656,40283.93045456374,56670.66911277099,44265.53184784767,50438.508726343534,57235.946086953765,53785.48839824149,32460.86819423679,39563.32059802851,61553.32398704245,32697.22217692821,45703.4533944845,46089.13648031073,42521.35291901048,50827.65242264277,45909.231388952525,42843.49254867318,52679.49984019341,58764.24525175779,39793.4961356148,39619.68350474906,57714.786578225,55844.74894779477,55211.252944519045,54787.37636974118,33866.89776136837,53936.83150913411,57288.39890652902,42335.64555856532,51872.059666380344,56370.4697547394,46686.94750623456
48217.376999434004,48765.38326674762,45263.827993268605,43095.14478603323,40736.735405235755,48369.723068494495,42476.07400412229,49729.242853657954,59529.31712178571,49163.568484344185,55735.678199243084,36134.9906326712,42796.22722724153,59949.294188306565,47239.004525445176,53587.71981781427,60558.71824772718,56879.66696789017,34635.40978213231,41984.84234998885,65080.75375575319,34891.258464405786,48337.81121631027,48747.409806508214,45375.37567446012,53979.0474786741,48549.692666528565,45673.87301192017,55886.969186051494,62100.7678714926,42455.92217179361,42044.6550178155,61014.05369667842,59056.8939246233,58386.9042646394,57938.462576753955,36114.431970436126,57226.99341736457,60556.77455567214,45171.038755073714,55070.85379098075,59608.88979631298,49384.705218245756
51499.19037340197,45885.16034569896,43148.8361744125,45229.92612129451,52674.781835323156,51923.03622315293,58865.88698309127,38485.717946645374,45384.51180238252,63320.11194641788,50309.12678349289,56832.28958908069,63975.23838992053,36880.4451977792,44478.28553532471,37156.53564976214,51480.20931371308,48322.093506430865,57225.22212991689,48594.77924086914,59189.220148974644,45204.55392711959,44541.65042534969,38434.16705482152,60614.556950257116,48098.32854082737,58365.34919399575,52158.23275135122
48762.679550509856,45630.31041486334,48070.2668657336,55705.06353340857,40910.51706545718,48048.78417998674,53475.898621990804,60172.2180401428,39195.97444117747,47043.650154036084,39493.05373299727,51361.50641492272,60566.17637637114,51606.21123552008,62586.252728962885,48039.39140159273,47110.669727351626,40826.10301452457,64099.522107811754,51117.514915826294,61755.54587542534
51727.70240046592,50997.096237439575,43409.387989106595,50789.04436005417,56739.320040938925,63607.5051710006,41581.99751232713,49680.93620612298,41900.81271411118,54493.61439993568,64001.91021803686,54708.168995873006,50960.43459521304,49751.7129238213,43290.23984954526,54228.59788007047,65241.44383526952
54780.22889556715,54010.41423641241,45982.330717593635,60099.39104033725,44038.51441122816,44379.81259310387,57718.417461469755,57900.65252192789,53967.68350798052,45826.57755988358,57431.5774335599
57920.25903581353,57110.22086265214,48629.3452509183,63556.11162018578,46565.52513788058,46930.053369975336,61035.915599524946,61183.66181368476,57061.138139895156,48435.116145539556,60726.45357629459
